;solver;instance;counter;iteration;local best;current best;time;cum time;opt obj value
0;MSTS;QPLIB_5881.qs;1;1;13067.0;13067.0;0.208888;0.208888;13067.0
1;MSTS;QPLIB_5881.qs;1;2;13067.0;13067.0;0.119649;0.32853699999999997;13067.0
2;MSTS;QPLIB_5881.qs;1;3;13067.0;13067.0;0.129769;0.458306;13067.0
3;MSTS;QPLIB_5881.qs;1;4;13067.0;13067.0;0.120426;0.578732;13067.0
4;MSTS;QPLIB_5881.qs;1;5;13067.0;13067.0;0.12937;0.708102;13067.0
5;MSTS;QPLIB_5881.qs;1;6;13067.0;13067.0;0.13518;0.843282;13067.0
6;MSTS;QPLIB_5881.qs;1;7;13067.0;13067.0;0.136471;0.979753;13067.0
7;MSTS;QPLIB_5881.qs;1;8;13067.0;13067.0;0.132266;1.112019;13067.0
8;MSTS;QPLIB_5881.qs;1;9;13067.0;13067.0;0.165925;1.277944;13067.0
9;MSTS;QPLIB_5881.qs;1;10;13067.0;13067.0;0.150759;1.428703;13067.0
10;MSTS;QPLIB_5881.qs;1;11;13067.0;13067.0;0.114799;1.543502;13067.0
11;MSTS;QPLIB_5881.qs;1;12;13067.0;13067.0;0.123003;1.666505;13067.0
12;MSTS;QPLIB_5881.qs;1;13;13067.0;13067.0;0.167564;1.834069;13067.0
13;MSTS;QPLIB_5881.qs;1;14;13067.0;13067.0;0.131159;1.965228;13067.0
14;MSTS;QPLIB_5881.qs;1;15;13067.0;13067.0;0.119522;2.08475;13067.0
15;MSTS;QPLIB_5881.qs;1;16;13067.0;13067.0;0.13469;2.21944;13067.0
16;MSTS;QPLIB_5881.qs;1;17;13067.0;13067.0;0.12791;2.34735;13067.0
17;MSTS;QPLIB_5881.qs;1;18;13067.0;13067.0;0.125898;2.473248;13067.0
18;MSTS;QPLIB_5881.qs;1;19;13067.0;13067.0;0.114164;2.587412;13067.0
19;MSTS;QPLIB_5881.qs;1;20;13067.0;13067.0;0.12437;2.711782;13067.0
20;MSTS;QPLIB_5881.qs;1;21;13067.0;13067.0;0.128307;2.840089;13067.0
21;MSTS;QPLIB_5881.qs;1;22;13067.0;13067.0;0.194448;3.0345370000000003;13067.0
22;MSTS;QPLIB_5881.qs;1;23;13067.0;13067.0;0.149455;3.183992;13067.0
23;MSTS;QPLIB_5881.qs;1;24;13067.0;13067.0;0.132488;3.31648;13067.0
24;MSTS;QPLIB_5881.qs;1;25;13067.0;13067.0;0.182994;3.499474;13067.0
25;MSTS;QPLIB_5881.qs;1;26;13051.0;13067.0;0.111926;3.6114;13067.0
26;MSTS;QPLIB_5881.qs;1;27;13067.0;13067.0;0.117465;3.728865;13067.0
27;MSTS;QPLIB_5881.qs;1;28;13067.0;13067.0;0.129309;3.858174;13067.0
28;MSTS;QPLIB_5881.qs;1;29;13067.0;13067.0;0.16836;4.026534;13067.0
29;MSTS;QPLIB_5881.qs;1;30;13067.0;13067.0;0.134183;4.160717;13067.0
30;MSTS;QPLIB_5881.qs;1;31;13067.0;13067.0;0.127264;4.287981;13067.0
31;MSTS;QPLIB_5881.qs;1;32;13067.0;13067.0;0.132037;4.420018;13067.0
32;MSTS;QPLIB_5881.qs;1;33;13067.0;13067.0;0.125837;4.545855;13067.0
33;MSTS;QPLIB_5881.qs;1;34;13067.0;13067.0;0.130119;4.675974;13067.0
34;MSTS;QPLIB_5881.qs;1;35;13067.0;13067.0;0.144798;4.820772;13067.0
35;MSTS;QPLIB_5881.qs;1;36;13067.0;13067.0;0.171032;4.991804;13067.0
36;MSTS;QPLIB_5881.qs;1;37;13067.0;13067.0;0.126297;5.118101;13067.0
37;MSTS;QPLIB_5881.qs;1;38;13067.0;13067.0;0.149371;5.267472;13067.0
38;MSTS;QPLIB_5881.qs;1;39;13067.0;13067.0;0.121653;5.389125;13067.0
39;MSTS;QPLIB_5881.qs;1;40;13067.0;13067.0;0.132223;5.521348;13067.0
40;MSTS;QPLIB_5881.qs;1;41;13067.0;13067.0;0.170553;5.691901;13067.0
41;MSTS;QPLIB_5881.qs;1;42;13067.0;13067.0;0.117164;5.809065;13067.0
42;MSTS;QPLIB_5881.qs;1;43;13067.0;13067.0;0.13247;5.941535;13067.0
43;MSTS;QPLIB_5881.qs;1;44;13067.0;13067.0;0.17557;6.1171050000000005;13067.0
44;MSTS;QPLIB_5881.qs;1;45;13060.0;13067.0;0.122481;6.239586;13067.0
45;MSTS;QPLIB_5881.qs;1;46;13067.0;13067.0;0.113621;6.353207;13067.0
46;MSTS;QPLIB_5881.qs;1;47;13067.0;13067.0;0.12776;6.480967;13067.0
47;MSTS;QPLIB_5881.qs;1;48;13067.0;13067.0;0.137838;6.618805;13067.0
48;MSTS;QPLIB_5881.qs;1;49;13067.0;13067.0;0.162401;6.781206;13067.0
49;MSTS;QPLIB_5881.qs;1;50;13067.0;13067.0;0.195198;6.9764040000000005;13067.0
50;MSTS;QPLIB_5881.qs;1;51;13067.0;13067.0;0.126509;7.102913;13067.0
51;MSTS;QPLIB_5881.qs;1;52;13067.0;13067.0;0.171244;7.274157;13067.0
52;MSTS;QPLIB_5881.qs;1;53;13067.0;13067.0;0.124483;7.39864;13067.0
53;MSTS;QPLIB_5881.qs;1;54;13067.0;13067.0;0.14902;7.5476600000000005;13067.0
54;MSTS;QPLIB_5881.qs;1;55;13067.0;13067.0;0.124754;7.672414;13067.0
55;MSTS;QPLIB_5881.qs;1;56;13067.0;13067.0;0.136223;7.808637;13067.0
56;MSTS;QPLIB_5881.qs;1;57;13051.0;13067.0;0.114901;7.923538;13067.0
57;MSTS;QPLIB_5881.qs;1;58;13067.0;13067.0;0.114889;8.038427;13067.0
58;MSTS;QPLIB_5881.qs;1;59;13067.0;13067.0;0.187147;8.225574;13067.0
59;MSTS;QPLIB_5881.qs;1;60;13067.0;13067.0;0.169519;8.395093;13067.0
60;MSTS;QPLIB_5881.qs;1;61;13067.0;13067.0;0.153944;8.549037;13067.0
61;MSTS;QPLIB_5881.qs;1;62;13067.0;13067.0;0.114798;8.663835;13067.0
62;MSTS;QPLIB_5881.qs;1;63;13067.0;13067.0;0.128322;8.792157;13067.0
63;MSTS;QPLIB_5881.qs;1;64;13067.0;13067.0;0.180205;8.972362;13067.0
64;MSTS;QPLIB_5881.qs;1;65;13067.0;13067.0;0.161108;9.13347;13067.0
65;MSTS;QPLIB_5881.qs;1;66;13067.0;13067.0;0.142676;9.276146;13067.0
66;MSTS;QPLIB_5881.qs;1;67;13067.0;13067.0;0.120621;9.396767;13067.0
67;MSTS;QPLIB_5881.qs;1;68;13067.0;13067.0;0.123025;9.519792;13067.0
68;MSTS;QPLIB_5881.qs;1;69;13067.0;13067.0;0.123156;9.642948;13067.0
69;MSTS;QPLIB_5881.qs;1;70;13067.0;13067.0;0.15615;9.799098;13067.0
70;MSTS;QPLIB_5881.qs;1;71;13067.0;13067.0;0.118914;9.918012000000001;13067.0
71;MSTS;QPLIB_5881.qs;1;72;13067.0;13067.0;0.159389;10.077401;13067.0
72;MSTS;QPLIB_5881.qs;1;73;13051.0;13067.0;0.112749;10.190150000000001;13067.0
73;MSTS;QPLIB_5881.qs;1;74;13067.0;13067.0;0.114918;10.305068;13067.0
74;MSTS;QPLIB_5881.qs;1;75;13067.0;13067.0;0.189721;10.494789;13067.0
75;MSTS;QPLIB_5881.qs;1;76;13067.0;13067.0;0.153628;10.648417;13067.0
76;MSTS;QPLIB_5881.qs;1;77;13067.0;13067.0;0.115656;10.764073;13067.0
77;MSTS;QPLIB_5881.qs;1;78;13067.0;13067.0;0.122145;10.886218;13067.0
78;MSTS;QPLIB_5881.qs;1;79;13067.0;13067.0;0.150839;11.037057;13067.0
79;MSTS;QPLIB_5881.qs;1;80;13067.0;13067.0;0.124265;11.161322;13067.0
80;MSTS;QPLIB_5881.qs;1;81;13067.0;13067.0;0.174332;11.335654;13067.0
81;MSTS;QPLIB_5881.qs;1;82;13067.0;13067.0;0.135156;11.47081;13067.0
82;MSTS;QPLIB_5881.qs;1;83;13067.0;13067.0;0.131974;11.602784;13067.0
83;MSTS;QPLIB_5881.qs;1;84;13067.0;13067.0;0.114953;11.717737;13067.0
84;MSTS;QPLIB_5881.qs;1;85;13067.0;13067.0;0.120034;11.837771;13067.0
85;MSTS;QPLIB_5881.qs;1;86;13051.0;13067.0;0.116612;11.954383;13067.0
86;MSTS;QPLIB_5881.qs;1;87;13067.0;13067.0;0.20998;12.164363;13067.0
87;MSTS;QPLIB_5881.qs;1;88;13067.0;13067.0;0.113774;12.278137000000001;13067.0
88;MSTS;QPLIB_5881.qs;1;89;13067.0;13067.0;0.12693;12.405067;13067.0
89;MSTS;QPLIB_5881.qs;1;90;13060.0;13067.0;0.139678;12.544745;13067.0
90;MSTS;QPLIB_5881.qs;1;91;13067.0;13067.0;0.114074;12.658819;13067.0
91;MSTS;QPLIB_5881.qs;1;92;13067.0;13067.0;0.153342;12.812161;13067.0
92;MSTS;QPLIB_5881.qs;1;93;13067.0;13067.0;0.198105;13.010266;13067.0
93;MSTS;QPLIB_5881.qs;1;94;13067.0;13067.0;0.128757;13.139023;13067.0
94;MSTS;QPLIB_5881.qs;1;95;13067.0;13067.0;0.134613;13.273636;13067.0
95;MSTS;QPLIB_5881.qs;1;96;13067.0;13067.0;0.118759;13.392395;13067.0
96;MSTS;QPLIB_5881.qs;1;97;13051.0;13067.0;0.114439;13.506834;13067.0
97;MSTS;QPLIB_5881.qs;1;98;13067.0;13067.0;0.112645;13.619479;13067.0
98;MSTS;QPLIB_5881.qs;1;99;13067.0;13067.0;0.147723;13.767202000000001;13067.0
99;MSTS;QPLIB_5881.qs;1;100;13067.0;13067.0;0.192812;13.960014000000001;13067.0
100;MSTS;QPLIB_5881.qs;2;1;13067.0;13067.0;0.273123;0.273123;13067.0
101;MSTS;QPLIB_5881.qs;2;2;13067.0;13067.0;0.149268;0.422391;13067.0
102;MSTS;QPLIB_5881.qs;2;3;13067.0;13067.0;0.200748;0.623139;13067.0
103;MSTS;QPLIB_5881.qs;2;4;13067.0;13067.0;0.20355;0.826689;13067.0
104;MSTS;QPLIB_5881.qs;2;5;13067.0;13067.0;0.127656;0.954345;13067.0
105;MSTS;QPLIB_5881.qs;2;6;13067.0;13067.0;0.123644;1.077989;13067.0
106;MSTS;QPLIB_5881.qs;2;7;13067.0;13067.0;0.143025;1.221014;13067.0
107;MSTS;QPLIB_5881.qs;2;8;13067.0;13067.0;0.173084;1.394098;13067.0
108;MSTS;QPLIB_5881.qs;2;9;13067.0;13067.0;0.119028;1.513126;13067.0
109;MSTS;QPLIB_5881.qs;2;10;13067.0;13067.0;0.127435;1.640561;13067.0
110;MSTS;QPLIB_5881.qs;2;11;13067.0;13067.0;0.132725;1.7732860000000001;13067.0
111;MSTS;QPLIB_5881.qs;2;12;13067.0;13067.0;0.135501;1.908787;13067.0
112;MSTS;QPLIB_5881.qs;2;13;13067.0;13067.0;0.131192;2.039979;13067.0
113;MSTS;QPLIB_5881.qs;2;14;13067.0;13067.0;0.114288;2.154267;13067.0
114;MSTS;QPLIB_5881.qs;2;15;13067.0;13067.0;0.148512;2.302779;13067.0
115;MSTS;QPLIB_5881.qs;2;16;13067.0;13067.0;0.20114;2.5039190000000002;13067.0
116;MSTS;QPLIB_5881.qs;2;17;13067.0;13067.0;0.122054;2.625973;13067.0
117;MSTS;QPLIB_5881.qs;2;18;13067.0;13067.0;0.134562;2.760535;13067.0
118;MSTS;QPLIB_5881.qs;2;19;13067.0;13067.0;0.159997;2.920532;13067.0
119;MSTS;QPLIB_5881.qs;2;20;13067.0;13067.0;0.15394;3.074472;13067.0
120;MSTS;QPLIB_5881.qs;2;21;13067.0;13067.0;0.149446;3.223918;13067.0
121;MSTS;QPLIB_5881.qs;2;22;13067.0;13067.0;0.133962;3.35788;13067.0
122;MSTS;QPLIB_5881.qs;2;23;13067.0;13067.0;0.121421;3.479301;13067.0
123;MSTS;QPLIB_5881.qs;2;24;13067.0;13067.0;0.124187;3.603488;13067.0
124;MSTS;QPLIB_5881.qs;2;25;13067.0;13067.0;0.126167;3.729655;13067.0
125;MSTS;QPLIB_5881.qs;2;26;13067.0;13067.0;0.132561;3.862216;13067.0
126;MSTS;QPLIB_5881.qs;2;27;13067.0;13067.0;0.184363;4.046579;13067.0
127;MSTS;QPLIB_5881.qs;2;28;13067.0;13067.0;0.138002;4.184581;13067.0
128;MSTS;QPLIB_5881.qs;2;29;13067.0;13067.0;0.139351;4.323932;13067.0
129;MSTS;QPLIB_5881.qs;2;30;13053.0;13067.0;0.124676;4.448608;13067.0
130;MSTS;QPLIB_5881.qs;2;31;13067.0;13067.0;0.120441;4.569049;13067.0
131;MSTS;QPLIB_5881.qs;2;32;13067.0;13067.0;0.119914;4.688963;13067.0
132;MSTS;QPLIB_5881.qs;2;33;13067.0;13067.0;0.124296;4.813259;13067.0
133;MSTS;QPLIB_5881.qs;2;34;13067.0;13067.0;0.17982;4.993079;13067.0
134;MSTS;QPLIB_5881.qs;2;35;13067.0;13067.0;0.163874;5.156953;13067.0
135;MSTS;QPLIB_5881.qs;2;36;13067.0;13067.0;0.171952;5.328905;13067.0
136;MSTS;QPLIB_5881.qs;2;37;13067.0;13067.0;0.150929;5.479834;13067.0
137;MSTS;QPLIB_5881.qs;2;38;13067.0;13067.0;0.182567;5.662401;13067.0
138;MSTS;QPLIB_5881.qs;2;39;13067.0;13067.0;0.163034;5.825435;13067.0
139;MSTS;QPLIB_5881.qs;2;40;13067.0;13067.0;0.135425;5.96086;13067.0
140;MSTS;QPLIB_5881.qs;2;41;13067.0;13067.0;0.121524;6.082384;13067.0
141;MSTS;QPLIB_5881.qs;2;42;13067.0;13067.0;0.128276;6.21066;13067.0
142;MSTS;QPLIB_5881.qs;2;43;13067.0;13067.0;0.185467;6.396127;13067.0
143;MSTS;QPLIB_5881.qs;2;44;13067.0;13067.0;0.172552;6.568679;13067.0
144;MSTS;QPLIB_5881.qs;2;45;13067.0;13067.0;0.125413;6.694092;13067.0
145;MSTS;QPLIB_5881.qs;2;46;13067.0;13067.0;0.149545;6.843637;13067.0
146;MSTS;QPLIB_5881.qs;2;47;13067.0;13067.0;0.143703;6.98734;13067.0
147;MSTS;QPLIB_5881.qs;2;48;13067.0;13067.0;0.171417;7.1587570000000005;13067.0
148;MSTS;QPLIB_5881.qs;2;49;13067.0;13067.0;0.117071;7.275828;13067.0
149;MSTS;QPLIB_5881.qs;2;50;13067.0;13067.0;0.125837;7.401665;13067.0
150;MSTS;QPLIB_5881.qs;2;51;13067.0;13067.0;0.115057;7.516722;13067.0
151;MSTS;QPLIB_5881.qs;2;52;13067.0;13067.0;0.129644;7.646366;13067.0
152;MSTS;QPLIB_5881.qs;2;53;13067.0;13067.0;0.156641;7.803007;13067.0
153;MSTS;QPLIB_5881.qs;2;54;13067.0;13067.0;0.139473;7.94248;13067.0
154;MSTS;QPLIB_5881.qs;2;55;13067.0;13067.0;0.154053;8.096533;13067.0
155;MSTS;QPLIB_5881.qs;2;56;13067.0;13067.0;0.14008;8.236613;13067.0
156;MSTS;QPLIB_5881.qs;2;57;13067.0;13067.0;0.180749;8.417362;13067.0
157;MSTS;QPLIB_5881.qs;2;58;13067.0;13067.0;0.129444;8.546806;13067.0
158;MSTS;QPLIB_5881.qs;2;59;13067.0;13067.0;0.192767;8.739573;13067.0
159;MSTS;QPLIB_5881.qs;2;60;13067.0;13067.0;0.13479;8.874363;13067.0
160;MSTS;QPLIB_5881.qs;2;61;13067.0;13067.0;0.166248;9.040611;13067.0
161;MSTS;QPLIB_5881.qs;2;62;13067.0;13067.0;0.161888;9.202499;13067.0
162;MSTS;QPLIB_5881.qs;2;63;13067.0;13067.0;0.121481;9.32398;13067.0
163;MSTS;QPLIB_5881.qs;2;64;13067.0;13067.0;0.154385;9.478365;13067.0
164;MSTS;QPLIB_5881.qs;2;65;13067.0;13067.0;0.134184;9.612549;13067.0
165;MSTS;QPLIB_5881.qs;2;66;13067.0;13067.0;0.156542;9.769091;13067.0
166;MSTS;QPLIB_5881.qs;2;67;13067.0;13067.0;0.122595;9.891686;13067.0
167;MSTS;QPLIB_5881.qs;2;68;13067.0;13067.0;0.155821;10.047507;13067.0
168;MSTS;QPLIB_5881.qs;2;69;13067.0;13067.0;0.123914;10.171421;13067.0
169;MSTS;QPLIB_5881.qs;2;70;13067.0;13067.0;0.118985;10.290406;13067.0
170;MSTS;QPLIB_5881.qs;2;71;13067.0;13067.0;0.176183;10.466589;13067.0
171;MSTS;QPLIB_5881.qs;2;72;13067.0;13067.0;0.186398;10.652987;13067.0
172;MSTS;QPLIB_5881.qs;2;73;13067.0;13067.0;0.173815;10.826802;13067.0
173;MSTS;QPLIB_5881.qs;2;74;13067.0;13067.0;0.140323;10.967125;13067.0
174;MSTS;QPLIB_5881.qs;2;75;13067.0;13067.0;0.119937;11.087062;13067.0
175;MSTS;QPLIB_5881.qs;2;76;13067.0;13067.0;0.141783;11.228845;13067.0
176;MSTS;QPLIB_5881.qs;2;77;13067.0;13067.0;0.145903;11.374748;13067.0
177;MSTS;QPLIB_5881.qs;2;78;13067.0;13067.0;0.12588;11.500628;13067.0
178;MSTS;QPLIB_5881.qs;2;79;13067.0;13067.0;0.133715;11.634343;13067.0
179;MSTS;QPLIB_5881.qs;2;80;13051.0;13067.0;0.114008;11.748351;13067.0
180;MSTS;QPLIB_5881.qs;2;81;13067.0;13067.0;0.122873;11.871224;13067.0
181;MSTS;QPLIB_5881.qs;2;82;13051.0;13067.0;0.112837;11.984061;13067.0
182;MSTS;QPLIB_5881.qs;2;83;13067.0;13067.0;0.118388;12.102449;13067.0
183;MSTS;QPLIB_5881.qs;2;84;13067.0;13067.0;0.128048;12.230497;13067.0
184;MSTS;QPLIB_5881.qs;2;85;13051.0;13067.0;0.115211;12.345708;13067.0
185;MSTS;QPLIB_5881.qs;2;86;13067.0;13067.0;0.114695;12.460403;13067.0
186;MSTS;QPLIB_5881.qs;2;87;13067.0;13067.0;0.144046;12.604449;13067.0
187;MSTS;QPLIB_5881.qs;2;88;13067.0;13067.0;0.15603;12.760479;13067.0
188;MSTS;QPLIB_5881.qs;2;89;13067.0;13067.0;0.120138;12.880617;13067.0
189;MSTS;QPLIB_5881.qs;2;90;13051.0;13067.0;0.114838;12.995455;13067.0
190;MSTS;QPLIB_5881.qs;2;91;13067.0;13067.0;0.1193;13.114755;13067.0
191;MSTS;QPLIB_5881.qs;2;92;13051.0;13067.0;0.116483;13.231238;13067.0
192;MSTS;QPLIB_5881.qs;2;93;13067.0;13067.0;0.184466;13.415704;13067.0
193;MSTS;QPLIB_5881.qs;2;94;13067.0;13067.0;0.188452;13.604156;13067.0
194;MSTS;QPLIB_5881.qs;2;95;13067.0;13067.0;0.149865;13.754021;13067.0
195;MSTS;QPLIB_5881.qs;2;96;13067.0;13067.0;0.155268;13.909289;13067.0
196;MSTS;QPLIB_5881.qs;2;97;13067.0;13067.0;0.15229;14.061579;13067.0
197;MSTS;QPLIB_5881.qs;2;98;13067.0;13067.0;0.14669;14.208269;13067.0
198;MSTS;QPLIB_5881.qs;2;99;13067.0;13067.0;0.134491;14.34276;13067.0
199;MSTS;QPLIB_5881.qs;2;100;13067.0;13067.0;0.189297;14.532057;13067.0
200;MSTS;QPLIB_5881.qs;3;1;13067.0;13067.0;0.306894;0.306894;13067.0
201;MSTS;QPLIB_5881.qs;3;2;13067.0;13067.0;0.171057;0.477951;13067.0
202;MSTS;QPLIB_5881.qs;3;3;13067.0;13067.0;0.11501;0.592961;13067.0
203;MSTS;QPLIB_5881.qs;3;4;13067.0;13067.0;0.155206;0.748167;13067.0
204;MSTS;QPLIB_5881.qs;3;5;13067.0;13067.0;0.118253;0.86642;13067.0
205;MSTS;QPLIB_5881.qs;3;6;13067.0;13067.0;0.188178;1.054598;13067.0
206;MSTS;QPLIB_5881.qs;3;7;13067.0;13067.0;0.127166;1.181764;13067.0
207;MSTS;QPLIB_5881.qs;3;8;13067.0;13067.0;0.118101;1.299865;13067.0
208;MSTS;QPLIB_5881.qs;3;9;13067.0;13067.0;0.171735;1.4716;13067.0
209;MSTS;QPLIB_5881.qs;3;10;13067.0;13067.0;0.135915;1.607515;13067.0
210;MSTS;QPLIB_5881.qs;3;11;13067.0;13067.0;0.121346;1.728861;13067.0
211;MSTS;QPLIB_5881.qs;3;12;13067.0;13067.0;0.162558;1.891419;13067.0
212;MSTS;QPLIB_5881.qs;3;13;13051.0;13067.0;0.114805;2.006224;13067.0
213;MSTS;QPLIB_5881.qs;3;14;13067.0;13067.0;0.115071;2.121295;13067.0
214;MSTS;QPLIB_5881.qs;3;15;13060.0;13067.0;0.155;2.276295;13067.0
215;MSTS;QPLIB_5881.qs;3;16;13067.0;13067.0;0.116677;2.392972;13067.0
216;MSTS;QPLIB_5881.qs;3;17;13067.0;13067.0;0.120462;2.513434;13067.0
217;MSTS;QPLIB_5881.qs;3;18;13067.0;13067.0;0.157184;2.670618;13067.0
218;MSTS;QPLIB_5881.qs;3;19;13067.0;13067.0;0.118794;2.789412;13067.0
219;MSTS;QPLIB_5881.qs;3;20;13067.0;13067.0;0.138237;2.927649;13067.0
220;MSTS;QPLIB_5881.qs;3;21;13067.0;13067.0;0.178502;3.106151;13067.0
221;MSTS;QPLIB_5881.qs;3;22;13051.0;13067.0;0.11525;3.221401;13067.0
222;MSTS;QPLIB_5881.qs;3;23;13067.0;13067.0;0.122737;3.344138;13067.0
223;MSTS;QPLIB_5881.qs;3;24;13067.0;13067.0;0.129687;3.473825;13067.0
224;MSTS;QPLIB_5881.qs;3;25;13067.0;13067.0;0.194044;3.667869;13067.0
225;MSTS;QPLIB_5881.qs;3;26;13067.0;13067.0;0.1279;3.795769;13067.0
226;MSTS;QPLIB_5881.qs;3;27;13067.0;13067.0;0.126528;3.922297;13067.0
227;MSTS;QPLIB_5881.qs;3;28;13067.0;13067.0;0.190767;4.113064;13067.0
228;MSTS;QPLIB_5881.qs;3;29;13067.0;13067.0;0.151159;4.264223;13067.0
229;MSTS;QPLIB_5881.qs;3;30;13067.0;13067.0;0.166724;4.430947;13067.0
230;MSTS;QPLIB_5881.qs;3;31;13067.0;13067.0;0.150381;4.581328;13067.0
231;MSTS;QPLIB_5881.qs;3;32;13067.0;13067.0;0.165374;4.746702;13067.0
232;MSTS;QPLIB_5881.qs;3;33;13067.0;13067.0;0.145277;4.891979;13067.0
233;MSTS;QPLIB_5881.qs;3;34;13067.0;13067.0;0.120817;5.012796;13067.0
234;MSTS;QPLIB_5881.qs;3;35;13067.0;13067.0;0.186307;5.199103;13067.0
235;MSTS;QPLIB_5881.qs;3;36;13067.0;13067.0;0.143862;5.3429649999999995;13067.0
236;MSTS;QPLIB_5881.qs;3;37;13067.0;13067.0;0.12022;5.463185;13067.0
237;MSTS;QPLIB_5881.qs;3;38;13067.0;13067.0;0.137528;5.600713;13067.0
238;MSTS;QPLIB_5881.qs;3;39;13067.0;13067.0;0.122821;5.723534;13067.0
239;MSTS;QPLIB_5881.qs;3;40;13067.0;13067.0;0.131602;5.855136;13067.0
240;MSTS;QPLIB_5881.qs;3;41;13067.0;13067.0;0.122303;5.977439;13067.0
241;MSTS;QPLIB_5881.qs;3;42;13067.0;13067.0;0.145847;6.123286;13067.0
242;MSTS;QPLIB_5881.qs;3;43;13067.0;13067.0;0.112803;6.236089;13067.0
243;MSTS;QPLIB_5881.qs;3;44;13067.0;13067.0;0.160694;6.396783;13067.0
244;MSTS;QPLIB_5881.qs;3;45;13067.0;13067.0;0.123048;6.519831;13067.0
245;MSTS;QPLIB_5881.qs;3;46;13067.0;13067.0;0.17116;6.690991;13067.0
246;MSTS;QPLIB_5881.qs;3;47;13067.0;13067.0;0.132301;6.823292;13067.0
247;MSTS;QPLIB_5881.qs;3;48;13067.0;13067.0;0.114985;6.938277;13067.0
248;MSTS;QPLIB_5881.qs;3;49;13067.0;13067.0;0.12328;7.061557;13067.0
249;MSTS;QPLIB_5881.qs;3;50;13060.0;13067.0;0.158546;7.220103;13067.0
250;MSTS;QPLIB_5881.qs;3;51;13067.0;13067.0;0.114092;7.334195;13067.0
251;MSTS;QPLIB_5881.qs;3;52;13067.0;13067.0;0.121818;7.456013;13067.0
252;MSTS;QPLIB_5881.qs;3;53;13067.0;13067.0;0.201259;7.657272;13067.0
253;MSTS;QPLIB_5881.qs;3;54;13067.0;13067.0;0.127375;7.784647;13067.0
254;MSTS;QPLIB_5881.qs;3;55;13067.0;13067.0;0.171544;7.956191;13067.0
255;MSTS;QPLIB_5881.qs;3;56;13067.0;13067.0;0.133608;8.089799;13067.0
256;MSTS;QPLIB_5881.qs;3;57;13067.0;13067.0;0.136557;8.226356;13067.0
257;MSTS;QPLIB_5881.qs;3;58;13067.0;13067.0;0.116546;8.342902;13067.0
258;MSTS;QPLIB_5881.qs;3;59;13067.0;13067.0;0.127155;8.470057;13067.0
259;MSTS;QPLIB_5881.qs;3;60;13067.0;13067.0;0.135737;8.605794;13067.0
260;MSTS;QPLIB_5881.qs;3;61;13067.0;13067.0;0.169493;8.775287;13067.0
261;MSTS;QPLIB_5881.qs;3;62;13067.0;13067.0;0.116876;8.892163;13067.0
262;MSTS;QPLIB_5881.qs;3;63;13067.0;13067.0;0.157892;9.050055;13067.0
263;MSTS;QPLIB_5881.qs;3;64;13060.0;13067.0;0.185454;9.235509;13067.0
264;MSTS;QPLIB_5881.qs;3;65;13067.0;13067.0;0.112861;9.34837;13067.0
265;MSTS;QPLIB_5881.qs;3;66;13067.0;13067.0;0.116942;9.465312;13067.0
266;MSTS;QPLIB_5881.qs;3;67;13067.0;13067.0;0.184854;9.650166;13067.0
267;MSTS;QPLIB_5881.qs;3;68;13067.0;13067.0;0.177536;9.827702;13067.0
268;MSTS;QPLIB_5881.qs;3;69;13067.0;13067.0;0.143515;9.971217;13067.0
269;MSTS;QPLIB_5881.qs;3;70;13067.0;13067.0;0.121096;10.092313;13067.0
270;MSTS;QPLIB_5881.qs;3;71;13067.0;13067.0;0.136864;10.229177;13067.0
271;MSTS;QPLIB_5881.qs;3;72;13067.0;13067.0;0.126213;10.35539;13067.0
272;MSTS;QPLIB_5881.qs;3;73;13067.0;13067.0;0.170765;10.526155;13067.0
273;MSTS;QPLIB_5881.qs;3;74;13051.0;13067.0;0.111555;10.63771;13067.0
274;MSTS;QPLIB_5881.qs;3;75;13060.0;13067.0;0.113852;10.751562;13067.0
275;MSTS;QPLIB_5881.qs;3;76;13067.0;13067.0;0.152782;10.904344;13067.0
276;MSTS;QPLIB_5881.qs;3;77;13067.0;13067.0;0.161008;11.065352;13067.0
277;MSTS;QPLIB_5881.qs;3;78;13067.0;13067.0;0.140163;11.205515;13067.0
278;MSTS;QPLIB_5881.qs;3;79;13067.0;13067.0;0.140826;11.346341;13067.0
279;MSTS;QPLIB_5881.qs;3;80;13067.0;13067.0;0.148299;11.49464;13067.0
280;MSTS;QPLIB_5881.qs;3;81;13067.0;13067.0;0.113823;11.608463;13067.0
281;MSTS;QPLIB_5881.qs;3;82;13067.0;13067.0;0.140973;11.749436;13067.0
282;MSTS;QPLIB_5881.qs;3;83;13051.0;13067.0;0.115613;11.865048999999999;13067.0
283;MSTS;QPLIB_5881.qs;3;84;13067.0;13067.0;0.205502;12.070551;13067.0
284;MSTS;QPLIB_5881.qs;3;85;13067.0;13067.0;0.139408;12.209959;13067.0
285;MSTS;QPLIB_5881.qs;3;86;13067.0;13067.0;0.150169;12.360128;13067.0
286;MSTS;QPLIB_5881.qs;3;87;13067.0;13067.0;0.132753;12.492881;13067.0
287;MSTS;QPLIB_5881.qs;3;88;13067.0;13067.0;0.116569;12.60945;13067.0
288;MSTS;QPLIB_5881.qs;3;89;13067.0;13067.0;0.148469;12.757919;13067.0
289;MSTS;QPLIB_5881.qs;3;90;13067.0;13067.0;0.12424;12.882159;13067.0
290;MSTS;QPLIB_5881.qs;3;91;13067.0;13067.0;0.202518;13.084677;13067.0
291;MSTS;QPLIB_5881.qs;3;92;13067.0;13067.0;0.130729;13.215406;13067.0
292;MSTS;QPLIB_5881.qs;3;93;13067.0;13067.0;0.145449;13.360855;13067.0
293;MSTS;QPLIB_5881.qs;3;94;13067.0;13067.0;0.125298;13.486153;13067.0
294;MSTS;QPLIB_5881.qs;3;95;13067.0;13067.0;0.136792;13.622945;13067.0
295;MSTS;QPLIB_5881.qs;3;96;13067.0;13067.0;0.149118;13.772063;13067.0
296;MSTS;QPLIB_5881.qs;3;97;13067.0;13067.0;0.148685;13.920748;13067.0
297;MSTS;QPLIB_5881.qs;3;98;13067.0;13067.0;0.155697;14.076445;13067.0
298;MSTS;QPLIB_5881.qs;3;99;13067.0;13067.0;0.134313;14.210758;13067.0
299;MSTS;QPLIB_5881.qs;3;100;13067.0;13067.0;0.129676;14.340434;13067.0
300;MSTS;QPLIB_5881.qs;4;1;13067.0;13067.0;0.399175;0.399175;13067.0
301;MSTS;QPLIB_5881.qs;4;2;13067.0;13067.0;0.186087;0.585262;13067.0
302;MSTS;QPLIB_5881.qs;4;3;13067.0;13067.0;0.144545;0.729807;13067.0
303;MSTS;QPLIB_5881.qs;4;4;13067.0;13067.0;0.1268;0.856607;13067.0
304;MSTS;QPLIB_5881.qs;4;5;13067.0;13067.0;0.147965;1.004572;13067.0
305;MSTS;QPLIB_5881.qs;4;6;13067.0;13067.0;0.141076;1.145648;13067.0
306;MSTS;QPLIB_5881.qs;4;7;13067.0;13067.0;0.187001;1.332649;13067.0
307;MSTS;QPLIB_5881.qs;4;8;13067.0;13067.0;0.122104;1.454753;13067.0
308;MSTS;QPLIB_5881.qs;4;9;13067.0;13067.0;0.128419;1.583172;13067.0
309;MSTS;QPLIB_5881.qs;4;10;13067.0;13067.0;0.129968;1.71314;13067.0
310;MSTS;QPLIB_5881.qs;4;11;13067.0;13067.0;0.146932;1.860072;13067.0
311;MSTS;QPLIB_5881.qs;4;12;13067.0;13067.0;0.133246;1.993318;13067.0
312;MSTS;QPLIB_5881.qs;4;13;13067.0;13067.0;0.184495;2.177813;13067.0
313;MSTS;QPLIB_5881.qs;4;14;13060.0;13067.0;0.139733;2.317546;13067.0
314;MSTS;QPLIB_5881.qs;4;15;13067.0;13067.0;0.118595;2.436141;13067.0
315;MSTS;QPLIB_5881.qs;4;16;13067.0;13067.0;0.144001;2.580142;13067.0
316;MSTS;QPLIB_5881.qs;4;17;13067.0;13067.0;0.142986;2.723128;13067.0
317;MSTS;QPLIB_5881.qs;4;18;13051.0;13067.0;0.116855;2.839983;13067.0
318;MSTS;QPLIB_5881.qs;4;19;13067.0;13067.0;0.132196;2.972179;13067.0
319;MSTS;QPLIB_5881.qs;4;20;13060.0;13067.0;0.203627;3.175806;13067.0
320;MSTS;QPLIB_5881.qs;4;21;13067.0;13067.0;0.116407;3.292213;13067.0
321;MSTS;QPLIB_5881.qs;4;22;13067.0;13067.0;0.185551;3.477764;13067.0
322;MSTS;QPLIB_5881.qs;4;23;13067.0;13067.0;0.125035;3.602799;13067.0
323;MSTS;QPLIB_5881.qs;4;24;13067.0;13067.0;0.125693;3.728492;13067.0
324;MSTS;QPLIB_5881.qs;4;25;13067.0;13067.0;0.173689;3.902181;13067.0
325;MSTS;QPLIB_5881.qs;4;26;13067.0;13067.0;0.119148;4.021329;13067.0
326;MSTS;QPLIB_5881.qs;4;27;13067.0;13067.0;0.155896;4.177225;13067.0
327;MSTS;QPLIB_5881.qs;4;28;13067.0;13067.0;0.128945;4.30617;13067.0
328;MSTS;QPLIB_5881.qs;4;29;13067.0;13067.0;0.202844;4.509014;13067.0
329;MSTS;QPLIB_5881.qs;4;30;13067.0;13067.0;0.16499;4.674004;13067.0
330;MSTS;QPLIB_5881.qs;4;31;13067.0;13067.0;0.118269;4.792273;13067.0
331;MSTS;QPLIB_5881.qs;4;32;13067.0;13067.0;0.131053;4.923326;13067.0
332;MSTS;QPLIB_5881.qs;4;33;13067.0;13067.0;0.119582;5.042908;13067.0
333;MSTS;QPLIB_5881.qs;4;34;13067.0;13067.0;0.12497;5.167878;13067.0
334;MSTS;QPLIB_5881.qs;4;35;13067.0;13067.0;0.154652;5.32253;13067.0
335;MSTS;QPLIB_5881.qs;4;36;13067.0;13067.0;0.183365;5.505895;13067.0
336;MSTS;QPLIB_5881.qs;4;37;13067.0;13067.0;0.128748;5.634643;13067.0
337;MSTS;QPLIB_5881.qs;4;38;13067.0;13067.0;0.199008;5.833651;13067.0
338;MSTS;QPLIB_5881.qs;4;39;13067.0;13067.0;0.151322;5.984973;13067.0
339;MSTS;QPLIB_5881.qs;4;40;13067.0;13067.0;0.14493;6.129903;13067.0
340;MSTS;QPLIB_5881.qs;4;41;13067.0;13067.0;0.144625;6.274528;13067.0
341;MSTS;QPLIB_5881.qs;4;42;13067.0;13067.0;0.138264;6.412792;13067.0
342;MSTS;QPLIB_5881.qs;4;43;13067.0;13067.0;0.151059;6.563851;13067.0
343;MSTS;QPLIB_5881.qs;4;44;13067.0;13067.0;0.224835;6.788686;13067.0
344;MSTS;QPLIB_5881.qs;4;45;13067.0;13067.0;0.127571;6.916257;13067.0
345;MSTS;QPLIB_5881.qs;4;46;13067.0;13067.0;0.138451;7.054708;13067.0
346;MSTS;QPLIB_5881.qs;4;47;13067.0;13067.0;0.123015;7.177723;13067.0
347;MSTS;QPLIB_5881.qs;4;48;13067.0;13067.0;0.122081;7.299804;13067.0
348;MSTS;QPLIB_5881.qs;4;49;13067.0;13067.0;0.168738;7.468542;13067.0
349;MSTS;QPLIB_5881.qs;4;50;13067.0;13067.0;0.144644;7.613186;13067.0
350;MSTS;QPLIB_5881.qs;4;51;13067.0;13067.0;0.127115;7.740301;13067.0
351;MSTS;QPLIB_5881.qs;4;52;13067.0;13067.0;0.131471;7.871772;13067.0
352;MSTS;QPLIB_5881.qs;4;53;13067.0;13067.0;0.176106;8.047878;13067.0
353;MSTS;QPLIB_5881.qs;4;54;13067.0;13067.0;0.14948;8.197358;13067.0
354;MSTS;QPLIB_5881.qs;4;55;13067.0;13067.0;0.127846;8.325204;13067.0
355;MSTS;QPLIB_5881.qs;4;56;13067.0;13067.0;0.1488;8.474004;13067.0
356;MSTS;QPLIB_5881.qs;4;57;13051.0;13067.0;0.117234;8.591238;13067.0
357;MSTS;QPLIB_5881.qs;4;58;13067.0;13067.0;0.119293;8.710531;13067.0
358;MSTS;QPLIB_5881.qs;4;59;13051.0;13067.0;0.116704;8.827235;13067.0
359;MSTS;QPLIB_5881.qs;4;60;13067.0;13067.0;0.156529;8.983764;13067.0
360;MSTS;QPLIB_5881.qs;4;61;13067.0;13067.0;0.144586;9.12835;13067.0
361;MSTS;QPLIB_5881.qs;4;62;13067.0;13067.0;0.1973;9.32565;13067.0
362;MSTS;QPLIB_5881.qs;4;63;13067.0;13067.0;0.242705;9.568355;13067.0
363;MSTS;QPLIB_5881.qs;4;64;13067.0;13067.0;0.131846;9.700201;13067.0
364;MSTS;QPLIB_5881.qs;4;65;13067.0;13067.0;0.123584;9.823785;13067.0
365;MSTS;QPLIB_5881.qs;4;66;13067.0;13067.0;0.136291;9.960076;13067.0
366;MSTS;QPLIB_5881.qs;4;67;13060.0;13067.0;0.155845;10.115921;13067.0
367;MSTS;QPLIB_5881.qs;4;68;13067.0;13067.0;0.117057;10.232978;13067.0
368;MSTS;QPLIB_5881.qs;4;69;13067.0;13067.0;0.173059;10.406037;13067.0
369;MSTS;QPLIB_5881.qs;4;70;13067.0;13067.0;0.192325;10.598362;13067.0
370;MSTS;QPLIB_5881.qs;4;71;13067.0;13067.0;0.119435;10.717797;13067.0
371;MSTS;QPLIB_5881.qs;4;72;13067.0;13067.0;0.132611;10.850408;13067.0
372;MSTS;QPLIB_5881.qs;4;73;13067.0;13067.0;0.141376;10.991783999999999;13067.0
373;MSTS;QPLIB_5881.qs;4;74;13067.0;13067.0;0.119688;11.111472;13067.0
374;MSTS;QPLIB_5881.qs;4;75;13067.0;13067.0;0.164616;11.276088;13067.0
375;MSTS;QPLIB_5881.qs;4;76;13067.0;13067.0;0.140178;11.416266;13067.0
376;MSTS;QPLIB_5881.qs;4;77;13067.0;13067.0;0.152923;11.569189;13067.0
377;MSTS;QPLIB_5881.qs;4;78;13067.0;13067.0;0.132352;11.701541;13067.0
378;MSTS;QPLIB_5881.qs;4;79;13067.0;13067.0;0.150693;11.852234;13067.0
379;MSTS;QPLIB_5881.qs;4;80;13067.0;13067.0;0.132896;11.98513;13067.0
380;MSTS;QPLIB_5881.qs;4;81;13067.0;13067.0;0.203001;12.188131;13067.0
381;MSTS;QPLIB_5881.qs;4;82;13067.0;13067.0;0.135344;12.323475;13067.0
382;MSTS;QPLIB_5881.qs;4;83;13067.0;13067.0;0.190024;12.513499;13067.0
383;MSTS;QPLIB_5881.qs;4;84;13067.0;13067.0;0.126103;12.639602;13067.0
384;MSTS;QPLIB_5881.qs;4;85;13067.0;13067.0;0.132665;12.772267;13067.0
385;MSTS;QPLIB_5881.qs;4;86;13067.0;13067.0;0.127288;12.899555;13067.0
386;MSTS;QPLIB_5881.qs;4;87;13051.0;13067.0;0.118469;13.018024;13067.0
387;MSTS;QPLIB_5881.qs;4;88;13067.0;13067.0;0.125892;13.143916;13067.0
388;MSTS;QPLIB_5881.qs;4;89;13067.0;13067.0;0.124596;13.268512;13067.0
389;MSTS;QPLIB_5881.qs;4;90;13067.0;13067.0;0.168637;13.437149;13067.0
390;MSTS;QPLIB_5881.qs;4;91;13067.0;13067.0;0.128512;13.565661;13067.0
391;MSTS;QPLIB_5881.qs;4;92;13067.0;13067.0;0.175722;13.741383;13067.0
392;MSTS;QPLIB_5881.qs;4;93;13067.0;13067.0;0.263758;14.005141;13067.0
393;MSTS;QPLIB_5881.qs;4;94;13067.0;13067.0;0.167131;14.172272;13067.0
394;MSTS;QPLIB_5881.qs;4;95;13067.0;13067.0;0.119511;14.291783;13067.0
395;MSTS;QPLIB_5881.qs;4;96;13067.0;13067.0;0.122294;14.414077;13067.0
396;MSTS;QPLIB_5881.qs;4;97;13067.0;13067.0;0.248025;14.662102;13067.0
397;MSTS;QPLIB_5881.qs;4;98;13067.0;13067.0;0.120613;14.782715;13067.0
398;MSTS;QPLIB_5881.qs;4;99;13067.0;13067.0;0.146552;14.929267;13067.0
399;MSTS;QPLIB_5881.qs;4;100;13067.0;13067.0;0.128313;15.05758;13067.0
400;MSTS;QPLIB_5881.qs;5;1;13067.0;13067.0;0.314102;0.314102;13067.0
401;MSTS;QPLIB_5881.qs;5;2;13067.0;13067.0;0.185157;0.499259;13067.0
402;MSTS;QPLIB_5881.qs;5;3;13067.0;13067.0;0.138244;0.6375029999999999;13067.0
403;MSTS;QPLIB_5881.qs;5;4;13067.0;13067.0;0.297727;0.93523;13067.0
404;MSTS;QPLIB_5881.qs;5;5;13067.0;13067.0;0.122181;1.057411;13067.0
405;MSTS;QPLIB_5881.qs;5;6;13067.0;13067.0;0.179612;1.237023;13067.0
406;MSTS;QPLIB_5881.qs;5;7;13067.0;13067.0;0.123959;1.360982;13067.0
407;MSTS;QPLIB_5881.qs;5;8;13067.0;13067.0;0.169856;1.530838;13067.0
408;MSTS;QPLIB_5881.qs;5;9;13060.0;13067.0;0.119409;1.650247;13067.0
409;MSTS;QPLIB_5881.qs;5;10;13067.0;13067.0;0.117984;1.7682309999999999;13067.0
410;MSTS;QPLIB_5881.qs;5;11;13051.0;13067.0;0.115582;1.883813;13067.0
411;MSTS;QPLIB_5881.qs;5;12;13060.0;13067.0;0.136367;2.02018;13067.0
412;MSTS;QPLIB_5881.qs;5;13;13067.0;13067.0;0.116552;2.136732;13067.0
413;MSTS;QPLIB_5881.qs;5;14;13067.0;13067.0;0.120086;2.256818;13067.0
414;MSTS;QPLIB_5881.qs;5;15;13067.0;13067.0;0.185542;2.44236;13067.0
415;MSTS;QPLIB_5881.qs;5;16;13067.0;13067.0;0.120602;2.562962;13067.0
416;MSTS;QPLIB_5881.qs;5;17;13067.0;13067.0;0.145852;2.708814;13067.0
417;MSTS;QPLIB_5881.qs;5;18;13067.0;13067.0;0.14668;2.855494;13067.0
418;MSTS;QPLIB_5881.qs;5;19;13067.0;13067.0;0.146719;3.002213;13067.0
419;MSTS;QPLIB_5881.qs;5;20;13067.0;13067.0;0.137058;3.139271;13067.0
420;MSTS;QPLIB_5881.qs;5;21;13067.0;13067.0;0.150252;3.289523;13067.0
421;MSTS;QPLIB_5881.qs;5;22;13067.0;13067.0;0.155994;3.445517;13067.0
422;MSTS;QPLIB_5881.qs;5;23;13067.0;13067.0;0.126389;3.571906;13067.0
423;MSTS;QPLIB_5881.qs;5;24;13051.0;13067.0;0.120295;3.692201;13067.0
424;MSTS;QPLIB_5881.qs;5;25;13067.0;13067.0;0.197496;3.889697;13067.0
425;MSTS;QPLIB_5881.qs;5;26;13067.0;13067.0;0.144009;4.0337060000000005;13067.0
426;MSTS;QPLIB_5881.qs;5;27;13067.0;13067.0;0.181624;4.21533;13067.0
427;MSTS;QPLIB_5881.qs;5;28;13067.0;13067.0;0.156073;4.371403;13067.0
428;MSTS;QPLIB_5881.qs;5;29;13067.0;13067.0;0.123439;4.494842;13067.0
429;MSTS;QPLIB_5881.qs;5;30;13067.0;13067.0;0.133922;4.628764;13067.0
430;MSTS;QPLIB_5881.qs;5;31;13067.0;13067.0;0.185096;4.81386;13067.0
431;MSTS;QPLIB_5881.qs;5;32;13067.0;13067.0;0.12887;4.94273;13067.0
432;MSTS;QPLIB_5881.qs;5;33;13067.0;13067.0;0.131331;5.074061;13067.0
433;MSTS;QPLIB_5881.qs;5;34;13067.0;13067.0;0.1416;5.215661;13067.0
434;MSTS;QPLIB_5881.qs;5;35;13067.0;13067.0;0.135487;5.351148;13067.0
435;MSTS;QPLIB_5881.qs;5;36;13067.0;13067.0;0.154791;5.505939;13067.0
436;MSTS;QPLIB_5881.qs;5;37;13067.0;13067.0;0.123395;5.629334;13067.0
437;MSTS;QPLIB_5881.qs;5;38;13067.0;13067.0;0.131469;5.760803;13067.0
438;MSTS;QPLIB_5881.qs;5;39;13067.0;13067.0;0.124084;5.884887;13067.0
439;MSTS;QPLIB_5881.qs;5;40;13067.0;13067.0;0.157483;6.04237;13067.0
440;MSTS;QPLIB_5881.qs;5;41;13067.0;13067.0;0.144435;6.186805;13067.0
441;MSTS;QPLIB_5881.qs;5;42;13067.0;13067.0;0.137719;6.324524;13067.0
442;MSTS;QPLIB_5881.qs;5;43;13051.0;13067.0;0.119768;6.444292;13067.0
443;MSTS;QPLIB_5881.qs;5;44;13067.0;13067.0;0.13142;6.575712;13067.0
444;MSTS;QPLIB_5881.qs;5;45;13067.0;13067.0;0.145761;6.7214730000000005;13067.0
445;MSTS;QPLIB_5881.qs;5;46;13067.0;13067.0;0.135235;6.856708;13067.0
446;MSTS;QPLIB_5881.qs;5;47;13067.0;13067.0;0.16533;7.022038;13067.0
447;MSTS;QPLIB_5881.qs;5;48;13067.0;13067.0;0.143283;7.1653210000000005;13067.0
448;MSTS;QPLIB_5881.qs;5;49;13067.0;13067.0;0.13773;7.303051;13067.0
449;MSTS;QPLIB_5881.qs;5;50;13067.0;13067.0;0.125406;7.428457;13067.0
450;MSTS;QPLIB_5881.qs;5;51;13067.0;13067.0;0.121281;7.5497380000000005;13067.0
451;MSTS;QPLIB_5881.qs;5;52;13067.0;13067.0;0.133201;7.682939;13067.0
452;MSTS;QPLIB_5881.qs;5;53;13067.0;13067.0;0.1325;7.8154390000000005;13067.0
453;MSTS;QPLIB_5881.qs;5;54;13067.0;13067.0;0.132795;7.948234;13067.0
454;MSTS;QPLIB_5881.qs;5;55;13067.0;13067.0;0.162561;8.110795;13067.0
455;MSTS;QPLIB_5881.qs;5;56;13067.0;13067.0;0.134882;8.245677;13067.0
456;MSTS;QPLIB_5881.qs;5;57;13067.0;13067.0;0.127235;8.372912;13067.0
457;MSTS;QPLIB_5881.qs;5;58;13067.0;13067.0;0.16221;8.535122;13067.0
458;MSTS;QPLIB_5881.qs;5;59;13067.0;13067.0;0.148359;8.683481;13067.0
459;MSTS;QPLIB_5881.qs;5;60;13067.0;13067.0;0.12429;8.807771;13067.0
460;MSTS;QPLIB_5881.qs;5;61;13051.0;13067.0;0.117583;8.925354;13067.0
461;MSTS;QPLIB_5881.qs;5;62;13067.0;13067.0;0.123214;9.048568;13067.0
462;MSTS;QPLIB_5881.qs;5;63;13067.0;13067.0;0.140951;9.189519;13067.0
463;MSTS;QPLIB_5881.qs;5;64;13067.0;13067.0;0.211734;9.401253;13067.0
464;MSTS;QPLIB_5881.qs;5;65;13067.0;13067.0;0.131372;9.532625;13067.0
465;MSTS;QPLIB_5881.qs;5;66;13067.0;13067.0;0.121723;9.654348;13067.0
466;MSTS;QPLIB_5881.qs;5;67;13067.0;13067.0;0.118532;9.77288;13067.0
467;MSTS;QPLIB_5881.qs;5;68;13067.0;13067.0;0.134731;9.907611;13067.0
468;MSTS;QPLIB_5881.qs;5;69;13067.0;13067.0;0.172525;10.080136;13067.0
469;MSTS;QPLIB_5881.qs;5;70;13067.0;13067.0;0.123698;10.203834;13067.0
470;MSTS;QPLIB_5881.qs;5;71;13067.0;13067.0;0.151856;10.35569;13067.0
471;MSTS;QPLIB_5881.qs;5;72;13051.0;13067.0;0.117195;10.472885;13067.0
472;MSTS;QPLIB_5881.qs;5;73;13067.0;13067.0;0.210855;10.68374;13067.0
473;MSTS;QPLIB_5881.qs;5;74;13067.0;13067.0;0.120171;10.803911;13067.0
474;MSTS;QPLIB_5881.qs;5;75;13067.0;13067.0;0.167905;10.971816;13067.0
475;MSTS;QPLIB_5881.qs;5;76;13067.0;13067.0;0.122307;11.094123;13067.0
476;MSTS;QPLIB_5881.qs;5;77;13067.0;13067.0;0.20505;11.299173;13067.0
477;MSTS;QPLIB_5881.qs;5;78;13067.0;13067.0;0.140391;11.439564;13067.0
478;MSTS;QPLIB_5881.qs;5;79;13067.0;13067.0;0.128708;11.568272;13067.0
479;MSTS;QPLIB_5881.qs;5;80;13067.0;13067.0;0.136845;11.705117;13067.0
480;MSTS;QPLIB_5881.qs;5;81;13067.0;13067.0;0.226854;11.931971;13067.0
481;MSTS;QPLIB_5881.qs;5;82;13067.0;13067.0;0.127036;12.059007;13067.0
482;MSTS;QPLIB_5881.qs;5;83;13067.0;13067.0;0.129289;12.188296;13067.0
483;MSTS;QPLIB_5881.qs;5;84;13067.0;13067.0;0.130501;12.318797;13067.0
484;MSTS;QPLIB_5881.qs;5;85;13067.0;13067.0;0.161032;12.479829;13067.0
485;MSTS;QPLIB_5881.qs;5;86;13067.0;13067.0;0.121775;12.601604;13067.0
486;MSTS;QPLIB_5881.qs;5;87;13067.0;13067.0;0.156865;12.758469;13067.0
487;MSTS;QPLIB_5881.qs;5;88;13067.0;13067.0;0.117477;12.875946;13067.0
488;MSTS;QPLIB_5881.qs;5;89;13067.0;13067.0;0.201734;13.07768;13067.0
489;MSTS;QPLIB_5881.qs;5;90;13067.0;13067.0;0.150169;13.227849;13067.0
490;MSTS;QPLIB_5881.qs;5;91;13067.0;13067.0;0.154842;13.382691;13067.0
491;MSTS;QPLIB_5881.qs;5;92;13067.0;13067.0;0.134169;13.51686;13067.0
492;MSTS;QPLIB_5881.qs;5;93;13067.0;13067.0;0.153388;13.670248;13067.0
493;MSTS;QPLIB_5881.qs;5;94;13067.0;13067.0;0.141325;13.811573;13067.0
494;MSTS;QPLIB_5881.qs;5;95;13067.0;13067.0;0.177254;13.988827;13067.0
495;MSTS;QPLIB_5881.qs;5;96;13067.0;13067.0;0.147493;14.13632;13067.0
496;MSTS;QPLIB_5881.qs;5;97;13067.0;13067.0;0.150929;14.287249;13067.0
497;MSTS;QPLIB_5881.qs;5;98;13067.0;13067.0;0.133161;14.42041;13067.0
498;MSTS;QPLIB_5881.qs;5;99;13067.0;13067.0;0.123067;14.543477;13067.0
499;MSTS;QPLIB_5881.qs;5;100;13067.0;13067.0;0.125976;14.669453;13067.0
500;MSTS;QPLIB_5881.qs;6;1;13067.0;13067.0;0.227316;0.227316;13067.0
501;MSTS;QPLIB_5881.qs;6;2;13067.0;13067.0;0.13631;0.363626;13067.0
502;MSTS;QPLIB_5881.qs;6;3;13067.0;13067.0;0.121659;0.48528499999999997;13067.0
503;MSTS;QPLIB_5881.qs;6;4;13067.0;13067.0;0.151084;0.636369;13067.0
504;MSTS;QPLIB_5881.qs;6;5;13067.0;13067.0;0.159807;0.796176;13067.0
505;MSTS;QPLIB_5881.qs;6;6;13067.0;13067.0;0.180096;0.976272;13067.0
506;MSTS;QPLIB_5881.qs;6;7;13067.0;13067.0;0.120838;1.09711;13067.0
507;MSTS;QPLIB_5881.qs;6;8;13067.0;13067.0;0.131997;1.229107;13067.0
508;MSTS;QPLIB_5881.qs;6;9;13067.0;13067.0;0.137498;1.366605;13067.0
509;MSTS;QPLIB_5881.qs;6;10;13067.0;13067.0;0.203844;1.570449;13067.0
510;MSTS;QPLIB_5881.qs;6;11;13067.0;13067.0;0.150181;1.7206299999999999;13067.0
511;MSTS;QPLIB_5881.qs;6;12;13067.0;13067.0;0.128523;1.849153;13067.0
512;MSTS;QPLIB_5881.qs;6;13;13060.0;13067.0;0.124544;1.973697;13067.0
513;MSTS;QPLIB_5881.qs;6;14;13067.0;13067.0;0.119287;2.092984;13067.0
514;MSTS;QPLIB_5881.qs;6;15;13067.0;13067.0;0.16749;2.260474;13067.0
515;MSTS;QPLIB_5881.qs;6;16;13067.0;13067.0;0.14243;2.402904;13067.0
516;MSTS;QPLIB_5881.qs;6;17;13067.0;13067.0;0.129464;2.532368;13067.0
517;MSTS;QPLIB_5881.qs;6;18;13067.0;13067.0;0.163512;2.69588;13067.0
518;MSTS;QPLIB_5881.qs;6;19;13067.0;13067.0;0.209952;2.905832;13067.0
519;MSTS;QPLIB_5881.qs;6;20;13067.0;13067.0;0.148943;3.054775;13067.0
520;MSTS;QPLIB_5881.qs;6;21;13067.0;13067.0;0.204744;3.259519;13067.0
521;MSTS;QPLIB_5881.qs;6;22;13067.0;13067.0;0.132776;3.392295;13067.0
522;MSTS;QPLIB_5881.qs;6;23;13067.0;13067.0;0.186883;3.5791779999999997;13067.0
523;MSTS;QPLIB_5881.qs;6;24;13067.0;13067.0;0.136947;3.716125;13067.0
524;MSTS;QPLIB_5881.qs;6;25;13067.0;13067.0;0.188029;3.904154;13067.0
525;MSTS;QPLIB_5881.qs;6;26;13067.0;13067.0;0.136425;4.040579;13067.0
526;MSTS;QPLIB_5881.qs;6;27;13067.0;13067.0;0.128416;4.168995;13067.0
527;MSTS;QPLIB_5881.qs;6;28;13067.0;13067.0;0.204712;4.373707;13067.0
528;MSTS;QPLIB_5881.qs;6;29;13067.0;13067.0;0.180346;4.554053;13067.0
529;MSTS;QPLIB_5881.qs;6;30;13067.0;13067.0;0.141979;4.696032;13067.0
530;MSTS;QPLIB_5881.qs;6;31;13067.0;13067.0;0.13948;4.835512;13067.0
531;MSTS;QPLIB_5881.qs;6;32;13067.0;13067.0;0.12316;4.958672;13067.0
532;MSTS;QPLIB_5881.qs;6;33;13067.0;13067.0;0.13096;5.089632;13067.0
533;MSTS;QPLIB_5881.qs;6;34;13067.0;13067.0;0.124385;5.214017;13067.0
534;MSTS;QPLIB_5881.qs;6;35;13067.0;13067.0;0.195563;5.40958;13067.0
535;MSTS;QPLIB_5881.qs;6;36;13067.0;13067.0;0.137166;5.546746;13067.0
536;MSTS;QPLIB_5881.qs;6;37;13067.0;13067.0;0.147867;5.694613;13067.0
537;MSTS;QPLIB_5881.qs;6;38;13067.0;13067.0;0.138588;5.833201;13067.0
538;MSTS;QPLIB_5881.qs;6;39;13051.0;13067.0;0.119651;5.952852;13067.0
539;MSTS;QPLIB_5881.qs;6;40;13067.0;13067.0;0.127553;6.080405;13067.0
540;MSTS;QPLIB_5881.qs;6;41;13067.0;13067.0;0.138791;6.219196;13067.0
541;MSTS;QPLIB_5881.qs;6;42;13067.0;13067.0;0.165177;6.384373;13067.0
542;MSTS;QPLIB_5881.qs;6;43;13067.0;13067.0;0.170803;6.555176;13067.0
543;MSTS;QPLIB_5881.qs;6;44;13067.0;13067.0;0.190667;6.745843;13067.0
544;MSTS;QPLIB_5881.qs;6;45;13067.0;13067.0;0.130962;6.876805;13067.0
545;MSTS;QPLIB_5881.qs;6;46;13067.0;13067.0;0.147899;7.024704;13067.0
546;MSTS;QPLIB_5881.qs;6;47;13051.0;13067.0;0.122191;7.146895;13067.0
547;MSTS;QPLIB_5881.qs;6;48;13060.0;13067.0;0.123983;7.270878;13067.0
548;MSTS;QPLIB_5881.qs;6;49;13067.0;13067.0;0.119124;7.390002;13067.0
549;MSTS;QPLIB_5881.qs;6;50;13067.0;13067.0;0.124567;7.514569;13067.0
550;MSTS;QPLIB_5881.qs;6;51;13067.0;13067.0;0.123746;7.6383149999999995;13067.0
551;MSTS;QPLIB_5881.qs;6;52;13067.0;13067.0;0.168724;7.807039;13067.0
552;MSTS;QPLIB_5881.qs;6;53;13067.0;13067.0;0.128114;7.935153;13067.0
553;MSTS;QPLIB_5881.qs;6;54;13067.0;13067.0;0.127112;8.062265;13067.0
554;MSTS;QPLIB_5881.qs;6;55;13067.0;13067.0;0.196221;8.258486;13067.0
555;MSTS;QPLIB_5881.qs;6;56;13067.0;13067.0;0.132168;8.390654;13067.0
556;MSTS;QPLIB_5881.qs;6;57;13067.0;13067.0;0.169322;8.559976;13067.0
557;MSTS;QPLIB_5881.qs;6;58;13067.0;13067.0;0.141112;8.701088;13067.0
558;MSTS;QPLIB_5881.qs;6;59;13067.0;13067.0;0.13875;8.839838;13067.0
559;MSTS;QPLIB_5881.qs;6;60;13067.0;13067.0;0.135167;8.975005;13067.0
560;MSTS;QPLIB_5881.qs;6;61;13067.0;13067.0;0.120109;9.095114;13067.0
561;MSTS;QPLIB_5881.qs;6;62;13067.0;13067.0;0.142227;9.237341;13067.0
562;MSTS;QPLIB_5881.qs;6;63;13067.0;13067.0;0.129903;9.367244;13067.0
563;MSTS;QPLIB_5881.qs;6;64;13067.0;13067.0;0.131827;9.499071;13067.0
564;MSTS;QPLIB_5881.qs;6;65;13067.0;13067.0;0.144035;9.643106;13067.0
565;MSTS;QPLIB_5881.qs;6;66;13067.0;13067.0;0.155668;9.798774;13067.0
566;MSTS;QPLIB_5881.qs;6;67;13067.0;13067.0;0.155081;9.953855;13067.0
567;MSTS;QPLIB_5881.qs;6;68;13067.0;13067.0;0.138236;10.092091;13067.0
568;MSTS;QPLIB_5881.qs;6;69;13067.0;13067.0;0.158317;10.250408;13067.0
569;MSTS;QPLIB_5881.qs;6;70;13051.0;13067.0;0.117223;10.367631;13067.0
570;MSTS;QPLIB_5881.qs;6;71;13067.0;13067.0;0.147001;10.514632;13067.0
571;MSTS;QPLIB_5881.qs;6;72;13067.0;13067.0;0.130598;10.64523;13067.0
572;MSTS;QPLIB_5881.qs;6;73;13067.0;13067.0;0.198408;10.843638;13067.0
573;MSTS;QPLIB_5881.qs;6;74;13067.0;13067.0;0.188321;11.031959;13067.0
574;MSTS;QPLIB_5881.qs;6;75;13067.0;13067.0;0.144211;11.176169999999999;13067.0
575;MSTS;QPLIB_5881.qs;6;76;13067.0;13067.0;0.161621;11.337791;13067.0
576;MSTS;QPLIB_5881.qs;6;77;13067.0;13067.0;0.141694;11.479485;13067.0
577;MSTS;QPLIB_5881.qs;6;78;13067.0;13067.0;0.146181;11.625666;13067.0
578;MSTS;QPLIB_5881.qs;6;79;13067.0;13067.0;0.156885;11.782551;13067.0
579;MSTS;QPLIB_5881.qs;6;80;13067.0;13067.0;0.173469;11.95602;13067.0
580;MSTS;QPLIB_5881.qs;6;81;13067.0;13067.0;0.130479;12.086499;13067.0
581;MSTS;QPLIB_5881.qs;6;82;13067.0;13067.0;0.150886;12.237385;13067.0
582;MSTS;QPLIB_5881.qs;6;83;13067.0;13067.0;0.127336;12.364721;13067.0
583;MSTS;QPLIB_5881.qs;6;84;13067.0;13067.0;0.209607;12.574328;13067.0
584;MSTS;QPLIB_5881.qs;6;85;13067.0;13067.0;0.189139;12.763467;13067.0
585;MSTS;QPLIB_5881.qs;6;86;13067.0;13067.0;0.125912;12.889379;13067.0
586;MSTS;QPLIB_5881.qs;6;87;13067.0;13067.0;0.13126;13.020639;13067.0
587;MSTS;QPLIB_5881.qs;6;88;13067.0;13067.0;0.168162;13.188801;13067.0
588;MSTS;QPLIB_5881.qs;6;89;13051.0;13067.0;0.11773;13.306531;13067.0
589;MSTS;QPLIB_5881.qs;6;90;13067.0;13067.0;0.139929;13.44646;13067.0
590;MSTS;QPLIB_5881.qs;6;91;13067.0;13067.0;0.138943;13.585403;13067.0
591;MSTS;QPLIB_5881.qs;6;92;13067.0;13067.0;0.130563;13.715966;13067.0
592;MSTS;QPLIB_5881.qs;6;93;13067.0;13067.0;0.119229;13.835195;13067.0
593;MSTS;QPLIB_5881.qs;6;94;13051.0;13067.0;0.11935;13.954545;13067.0
594;MSTS;QPLIB_5881.qs;6;95;13067.0;13067.0;0.127114;14.081659;13067.0
595;MSTS;QPLIB_5881.qs;6;96;13067.0;13067.0;0.130138;14.211797;13067.0
596;MSTS;QPLIB_5881.qs;6;97;13067.0;13067.0;0.172997;14.384794;13067.0
597;MSTS;QPLIB_5881.qs;6;98;13067.0;13067.0;0.144192;14.528986;13067.0
598;MSTS;QPLIB_5881.qs;6;99;13067.0;13067.0;0.209873;14.738859;13067.0
599;MSTS;QPLIB_5881.qs;6;100;13067.0;13067.0;0.165847;14.904706;13067.0
600;MSTS;QPLIB_5881.qs;7;1;13067.0;13067.0;0.224928;0.224928;13067.0
601;MSTS;QPLIB_5881.qs;7;2;13067.0;13067.0;0.151116;0.376044;13067.0
602;MSTS;QPLIB_5881.qs;7;3;13067.0;13067.0;0.155395;0.531439;13067.0
603;MSTS;QPLIB_5881.qs;7;4;13067.0;13067.0;0.156101;0.68754;13067.0
604;MSTS;QPLIB_5881.qs;7;5;13067.0;13067.0;0.122374;0.809914;13067.0
605;MSTS;QPLIB_5881.qs;7;6;13067.0;13067.0;0.135753;0.945667;13067.0
606;MSTS;QPLIB_5881.qs;7;7;13067.0;13067.0;0.201228;1.146895;13067.0
607;MSTS;QPLIB_5881.qs;7;8;13067.0;13067.0;0.121197;1.268092;13067.0
608;MSTS;QPLIB_5881.qs;7;9;13067.0;13067.0;0.144108;1.4122;13067.0
609;MSTS;QPLIB_5881.qs;7;10;13067.0;13067.0;0.149072;1.561272;13067.0
610;MSTS;QPLIB_5881.qs;7;11;13067.0;13067.0;0.127089;1.688361;13067.0
611;MSTS;QPLIB_5881.qs;7;12;13067.0;13067.0;0.171691;1.860052;13067.0
612;MSTS;QPLIB_5881.qs;7;13;13067.0;13067.0;0.129147;1.989199;13067.0
613;MSTS;QPLIB_5881.qs;7;14;13067.0;13067.0;0.143724;2.132923;13067.0
614;MSTS;QPLIB_5881.qs;7;15;13067.0;13067.0;0.120788;2.253711;13067.0
615;MSTS;QPLIB_5881.qs;7;16;13067.0;13067.0;0.119646;2.373357;13067.0
616;MSTS;QPLIB_5881.qs;7;17;13067.0;13067.0;0.12122;2.494577;13067.0
617;MSTS;QPLIB_5881.qs;7;18;13067.0;13067.0;0.146687;2.641264;13067.0
618;MSTS;QPLIB_5881.qs;7;19;13067.0;13067.0;0.127711;2.768975;13067.0
619;MSTS;QPLIB_5881.qs;7;20;13067.0;13067.0;0.203833;2.972808;13067.0
620;MSTS;QPLIB_5881.qs;7;21;13067.0;13067.0;0.172149;3.144957;13067.0
621;MSTS;QPLIB_5881.qs;7;22;13067.0;13067.0;0.16742;3.312377;13067.0
622;MSTS;QPLIB_5881.qs;7;23;13067.0;13067.0;0.179234;3.491611;13067.0
623;MSTS;QPLIB_5881.qs;7;24;13067.0;13067.0;0.121043;3.612654;13067.0
624;MSTS;QPLIB_5881.qs;7;25;13067.0;13067.0;0.189978;3.802632;13067.0
625;MSTS;QPLIB_5881.qs;7;26;13067.0;13067.0;0.150443;3.953075;13067.0
626;MSTS;QPLIB_5881.qs;7;27;13067.0;13067.0;0.127903;4.080978;13067.0
627;MSTS;QPLIB_5881.qs;7;28;13067.0;13067.0;0.184591;4.265569;13067.0
628;MSTS;QPLIB_5881.qs;7;29;13067.0;13067.0;0.14896;4.414529;13067.0
629;MSTS;QPLIB_5881.qs;7;30;13067.0;13067.0;0.122211;4.53674;13067.0
630;MSTS;QPLIB_5881.qs;7;31;13067.0;13067.0;0.121916;4.658656;13067.0
631;MSTS;QPLIB_5881.qs;7;32;13067.0;13067.0;0.160019;4.818675;13067.0
632;MSTS;QPLIB_5881.qs;7;33;13067.0;13067.0;0.137959;4.956634;13067.0
633;MSTS;QPLIB_5881.qs;7;34;13067.0;13067.0;0.184711;5.141345;13067.0
634;MSTS;QPLIB_5881.qs;7;35;13067.0;13067.0;0.117612;5.258957;13067.0
635;MSTS;QPLIB_5881.qs;7;36;13067.0;13067.0;0.133232;5.392189;13067.0
636;MSTS;QPLIB_5881.qs;7;37;13067.0;13067.0;0.119062;5.511251;13067.0
637;MSTS;QPLIB_5881.qs;7;38;13067.0;13067.0;0.148075;5.659326;13067.0
638;MSTS;QPLIB_5881.qs;7;39;13067.0;13067.0;0.172153;5.831479;13067.0
639;MSTS;QPLIB_5881.qs;7;40;13067.0;13067.0;0.124574;5.956053;13067.0
640;MSTS;QPLIB_5881.qs;7;41;13067.0;13067.0;0.117208;6.073261;13067.0
641;MSTS;QPLIB_5881.qs;7;42;13067.0;13067.0;0.146746;6.220007;13067.0
642;MSTS;QPLIB_5881.qs;7;43;13067.0;13067.0;0.169615;6.389622;13067.0
643;MSTS;QPLIB_5881.qs;7;44;13067.0;13067.0;0.120633;6.510255;13067.0
644;MSTS;QPLIB_5881.qs;7;45;13067.0;13067.0;0.123281;6.633536;13067.0
645;MSTS;QPLIB_5881.qs;7;46;13067.0;13067.0;0.169177;6.802713;13067.0
646;MSTS;QPLIB_5881.qs;7;47;13067.0;13067.0;0.116773;6.919486;13067.0
647;MSTS;QPLIB_5881.qs;7;48;13067.0;13067.0;0.122092;7.041578;13067.0
648;MSTS;QPLIB_5881.qs;7;49;13067.0;13067.0;0.122437;7.164015;13067.0
649;MSTS;QPLIB_5881.qs;7;50;13067.0;13067.0;0.144826;7.308841;13067.0
650;MSTS;QPLIB_5881.qs;7;51;13067.0;13067.0;0.11774;7.426581;13067.0
651;MSTS;QPLIB_5881.qs;7;52;13067.0;13067.0;0.160577;7.587158;13067.0
652;MSTS;QPLIB_5881.qs;7;53;13067.0;13067.0;0.255987;7.843145;13067.0
653;MSTS;QPLIB_5881.qs;7;54;13067.0;13067.0;0.206359;8.049504;13067.0
654;MSTS;QPLIB_5881.qs;7;55;13067.0;13067.0;0.140406;8.18991;13067.0
655;MSTS;QPLIB_5881.qs;7;56;13051.0;13067.0;0.115412;8.305322;13067.0
656;MSTS;QPLIB_5881.qs;7;57;13067.0;13067.0;0.122543;8.427865;13067.0
657;MSTS;QPLIB_5881.qs;7;58;13067.0;13067.0;0.155897;8.583762;13067.0
658;MSTS;QPLIB_5881.qs;7;59;13067.0;13067.0;0.151209;8.734971;13067.0
659;MSTS;QPLIB_5881.qs;7;60;13067.0;13067.0;0.193232;8.928203;13067.0
660;MSTS;QPLIB_5881.qs;7;61;13051.0;13067.0;0.116174;9.044377;13067.0
661;MSTS;QPLIB_5881.qs;7;62;13067.0;13067.0;0.121815;9.166192;13067.0
662;MSTS;QPLIB_5881.qs;7;63;13067.0;13067.0;0.126479;9.292671;13067.0
663;MSTS;QPLIB_5881.qs;7;64;13067.0;13067.0;0.164292;9.456963;13067.0
664;MSTS;QPLIB_5881.qs;7;65;13067.0;13067.0;0.122918;9.579881;13067.0
665;MSTS;QPLIB_5881.qs;7;66;13067.0;13067.0;0.120793;9.700674;13067.0
666;MSTS;QPLIB_5881.qs;7;67;13067.0;13067.0;0.175852;9.876526;13067.0
667;MSTS;QPLIB_5881.qs;7;68;13067.0;13067.0;0.130734;10.00726;13067.0
668;MSTS;QPLIB_5881.qs;7;69;13067.0;13067.0;0.16869;10.17595;13067.0
669;MSTS;QPLIB_5881.qs;7;70;13067.0;13067.0;0.178338;10.354288;13067.0
670;MSTS;QPLIB_5881.qs;7;71;13067.0;13067.0;0.174541;10.528829;13067.0
671;MSTS;QPLIB_5881.qs;7;72;13067.0;13067.0;0.176108;10.704937;13067.0
672;MSTS;QPLIB_5881.qs;7;73;13067.0;13067.0;0.16539;10.870327;13067.0
673;MSTS;QPLIB_5881.qs;7;74;13067.0;13067.0;0.120932;10.991259;13067.0
674;MSTS;QPLIB_5881.qs;7;75;13067.0;13067.0;0.20586;11.197119;13067.0
675;MSTS;QPLIB_5881.qs;7;76;13067.0;13067.0;0.142649;11.339768;13067.0
676;MSTS;QPLIB_5881.qs;7;77;13067.0;13067.0;0.132919;11.472687;13067.0
677;MSTS;QPLIB_5881.qs;7;78;13067.0;13067.0;0.144773;11.61746;13067.0
678;MSTS;QPLIB_5881.qs;7;79;13067.0;13067.0;0.131963;11.749423;13067.0
679;MSTS;QPLIB_5881.qs;7;80;13067.0;13067.0;0.168283;11.917706;13067.0
680;MSTS;QPLIB_5881.qs;7;81;13067.0;13067.0;0.176193;12.093899;13067.0
681;MSTS;QPLIB_5881.qs;7;82;13067.0;13067.0;0.125021;12.21892;13067.0
682;MSTS;QPLIB_5881.qs;7;83;13067.0;13067.0;0.178154;12.397074;13067.0
683;MSTS;QPLIB_5881.qs;7;84;13067.0;13067.0;0.135393;12.532467;13067.0
684;MSTS;QPLIB_5881.qs;7;85;13067.0;13067.0;0.125086;12.657553;13067.0
685;MSTS;QPLIB_5881.qs;7;86;13067.0;13067.0;0.180222;12.837775;13067.0
686;MSTS;QPLIB_5881.qs;7;87;13067.0;13067.0;0.125148;12.962923;13067.0
687;MSTS;QPLIB_5881.qs;7;88;13051.0;13067.0;0.116883;13.079806;13067.0
688;MSTS;QPLIB_5881.qs;7;89;13060.0;13067.0;0.120562;13.200368;13067.0
689;MSTS;QPLIB_5881.qs;7;90;13067.0;13067.0;0.115836;13.316204;13067.0
690;MSTS;QPLIB_5881.qs;7;91;13067.0;13067.0;0.151401;13.467605;13067.0
691;MSTS;QPLIB_5881.qs;7;92;13067.0;13067.0;0.214152;13.681757;13067.0
692;MSTS;QPLIB_5881.qs;7;93;13067.0;13067.0;0.126815;13.808572;13067.0
693;MSTS;QPLIB_5881.qs;7;94;13067.0;13067.0;0.177076;13.985648;13067.0
694;MSTS;QPLIB_5881.qs;7;95;13067.0;13067.0;0.133819;14.119467;13067.0
695;MSTS;QPLIB_5881.qs;7;96;13067.0;13067.0;0.128609;14.248076;13067.0
696;MSTS;QPLIB_5881.qs;7;97;13067.0;13067.0;0.116907;14.364983;13067.0
697;MSTS;QPLIB_5881.qs;7;98;13067.0;13067.0;0.121926;14.486909;13067.0
698;MSTS;QPLIB_5881.qs;7;99;13067.0;13067.0;0.118225;14.605134;13067.0
699;MSTS;QPLIB_5881.qs;7;100;13067.0;13067.0;0.123153;14.728287;13067.0
700;MSTS;QPLIB_5881.qs;8;1;13067.0;13067.0;0.237328;0.237328;13067.0
701;MSTS;QPLIB_5881.qs;8;2;13067.0;13067.0;0.140229;0.37755700000000003;13067.0
702;MSTS;QPLIB_5881.qs;8;3;13067.0;13067.0;0.136648;0.514205;13067.0
703;MSTS;QPLIB_5881.qs;8;4;13067.0;13067.0;0.14282;0.657025;13067.0
704;MSTS;QPLIB_5881.qs;8;5;13067.0;13067.0;0.24203;0.8990549999999999;13067.0
705;MSTS;QPLIB_5881.qs;8;6;13067.0;13067.0;0.116604;1.015659;13067.0
706;MSTS;QPLIB_5881.qs;8;7;13067.0;13067.0;0.124491;1.14015;13067.0
707;MSTS;QPLIB_5881.qs;8;8;13067.0;13067.0;0.142575;1.2827250000000001;13067.0
708;MSTS;QPLIB_5881.qs;8;9;13067.0;13067.0;0.186794;1.469519;13067.0
709;MSTS;QPLIB_5881.qs;8;10;13051.0;13067.0;0.115022;1.584541;13067.0
710;MSTS;QPLIB_5881.qs;8;11;13067.0;13067.0;0.181148;1.765689;13067.0
711;MSTS;QPLIB_5881.qs;8;12;13067.0;13067.0;0.130631;1.89632;13067.0
712;MSTS;QPLIB_5881.qs;8;13;13067.0;13067.0;0.114984;2.011304;13067.0
713;MSTS;QPLIB_5881.qs;8;14;13067.0;13067.0;0.166112;2.177416;13067.0
714;MSTS;QPLIB_5881.qs;8;15;13067.0;13067.0;0.11826;2.295676;13067.0
715;MSTS;QPLIB_5881.qs;8;16;13067.0;13067.0;0.170223;2.465899;13067.0
716;MSTS;QPLIB_5881.qs;8;17;13051.0;13067.0;0.114548;2.580447;13067.0
717;MSTS;QPLIB_5881.qs;8;18;13067.0;13067.0;0.137679;2.718126;13067.0
718;MSTS;QPLIB_5881.qs;8;19;13067.0;13067.0;0.130927;2.849053;13067.0
719;MSTS;QPLIB_5881.qs;8;20;13067.0;13067.0;0.147047;2.9961;13067.0
720;MSTS;QPLIB_5881.qs;8;21;13067.0;13067.0;0.119781;3.115881;13067.0
721;MSTS;QPLIB_5881.qs;8;22;13067.0;13067.0;0.124002;3.239883;13067.0
722;MSTS;QPLIB_5881.qs;8;23;13067.0;13067.0;0.117224;3.357107;13067.0
723;MSTS;QPLIB_5881.qs;8;24;13067.0;13067.0;0.162946;3.520053;13067.0
724;MSTS;QPLIB_5881.qs;8;25;13067.0;13067.0;0.128703;3.648756;13067.0
725;MSTS;QPLIB_5881.qs;8;26;13067.0;13067.0;0.147798;3.796554;13067.0
726;MSTS;QPLIB_5881.qs;8;27;13067.0;13067.0;0.126834;3.923388;13067.0
727;MSTS;QPLIB_5881.qs;8;28;13067.0;13067.0;0.115996;4.039384;13067.0
728;MSTS;QPLIB_5881.qs;8;29;13067.0;13067.0;0.150652;4.190036;13067.0
729;MSTS;QPLIB_5881.qs;8;30;13067.0;13067.0;0.164161;4.354197;13067.0
730;MSTS;QPLIB_5881.qs;8;31;13067.0;13067.0;0.116074;4.470271;13067.0
731;MSTS;QPLIB_5881.qs;8;32;13067.0;13067.0;0.125535;4.5958060000000005;13067.0
732;MSTS;QPLIB_5881.qs;8;33;13067.0;13067.0;0.134446;4.730252;13067.0
733;MSTS;QPLIB_5881.qs;8;34;13067.0;13067.0;0.118678;4.84893;13067.0
734;MSTS;QPLIB_5881.qs;8;35;13067.0;13067.0;0.119712;4.968642;13067.0
735;MSTS;QPLIB_5881.qs;8;36;13067.0;13067.0;0.120467;5.0891090000000005;13067.0
736;MSTS;QPLIB_5881.qs;8;37;13067.0;13067.0;0.168264;5.257373;13067.0
737;MSTS;QPLIB_5881.qs;8;38;13067.0;13067.0;0.122438;5.379811;13067.0
738;MSTS;QPLIB_5881.qs;8;39;13067.0;13067.0;0.166456;5.546267;13067.0
739;MSTS;QPLIB_5881.qs;8;40;13067.0;13067.0;0.1193;5.665567;13067.0
740;MSTS;QPLIB_5881.qs;8;41;13067.0;13067.0;0.168083;5.8336500000000004;13067.0
741;MSTS;QPLIB_5881.qs;8;42;13067.0;13067.0;0.177995;6.011645;13067.0
742;MSTS;QPLIB_5881.qs;8;43;13067.0;13067.0;0.121798;6.133443;13067.0
743;MSTS;QPLIB_5881.qs;8;44;13067.0;13067.0;0.145056;6.278499;13067.0
744;MSTS;QPLIB_5881.qs;8;45;13067.0;13067.0;0.121822;6.400321;13067.0
745;MSTS;QPLIB_5881.qs;8;46;13067.0;13067.0;0.145082;6.545403;13067.0
746;MSTS;QPLIB_5881.qs;8;47;13067.0;13067.0;0.125922;6.671325;13067.0
747;MSTS;QPLIB_5881.qs;8;48;13067.0;13067.0;0.193886;6.865211;13067.0
748;MSTS;QPLIB_5881.qs;8;49;13067.0;13067.0;0.122955;6.988166;13067.0
749;MSTS;QPLIB_5881.qs;8;50;13067.0;13067.0;0.117861;7.106027;13067.0
750;MSTS;QPLIB_5881.qs;8;51;13067.0;13067.0;0.12576;7.231787;13067.0
751;MSTS;QPLIB_5881.qs;8;52;13051.0;13067.0;0.116177;7.347964;13067.0
752;MSTS;QPLIB_5881.qs;8;53;13067.0;13067.0;0.124305;7.472269;13067.0
753;MSTS;QPLIB_5881.qs;8;54;13067.0;13067.0;0.134951;7.60722;13067.0
754;MSTS;QPLIB_5881.qs;8;55;13067.0;13067.0;0.120784;7.728004;13067.0
755;MSTS;QPLIB_5881.qs;8;56;13067.0;13067.0;0.159609;7.887613;13067.0
756;MSTS;QPLIB_5881.qs;8;57;13067.0;13067.0;0.130464;8.018077;13067.0
757;MSTS;QPLIB_5881.qs;8;58;13067.0;13067.0;0.125245;8.143322;13067.0
758;MSTS;QPLIB_5881.qs;8;59;13067.0;13067.0;0.154974;8.298296;13067.0
759;MSTS;QPLIB_5881.qs;8;60;13067.0;13067.0;0.141429;8.439725;13067.0
760;MSTS;QPLIB_5881.qs;8;61;13067.0;13067.0;0.125566;8.565291;13067.0
761;MSTS;QPLIB_5881.qs;8;62;13067.0;13067.0;0.127427;8.692718;13067.0
762;MSTS;QPLIB_5881.qs;8;63;13067.0;13067.0;0.125741;8.818459;13067.0
763;MSTS;QPLIB_5881.qs;8;64;13067.0;13067.0;0.11901;8.937469;13067.0
764;MSTS;QPLIB_5881.qs;8;65;13067.0;13067.0;0.117171;9.054640000000001;13067.0
765;MSTS;QPLIB_5881.qs;8;66;13067.0;13067.0;0.116645;9.171285;13067.0
766;MSTS;QPLIB_5881.qs;8;67;13067.0;13067.0;0.13931;9.310595;13067.0
767;MSTS;QPLIB_5881.qs;8;68;13067.0;13067.0;0.222682;9.533277;13067.0
768;MSTS;QPLIB_5881.qs;8;69;13067.0;13067.0;0.118154;9.651431;13067.0
769;MSTS;QPLIB_5881.qs;8;70;13060.0;13067.0;0.171318;9.822749;13067.0
770;MSTS;QPLIB_5881.qs;8;71;13067.0;13067.0;0.113003;9.935752;13067.0
771;MSTS;QPLIB_5881.qs;8;72;13067.0;13067.0;0.12311;10.058862;13067.0
772;MSTS;QPLIB_5881.qs;8;73;13067.0;13067.0;0.119537;10.178399;13067.0
773;MSTS;QPLIB_5881.qs;8;74;13067.0;13067.0;0.14306;10.321459;13067.0
774;MSTS;QPLIB_5881.qs;8;75;13067.0;13067.0;0.116485;10.437944;13067.0
775;MSTS;QPLIB_5881.qs;8;76;13067.0;13067.0;0.123265;10.561209;13067.0
776;MSTS;QPLIB_5881.qs;8;77;13051.0;13067.0;0.113309;10.674518;13067.0
777;MSTS;QPLIB_5881.qs;8;78;13067.0;13067.0;0.1183;10.792818;13067.0
778;MSTS;QPLIB_5881.qs;8;79;13067.0;13067.0;0.166631;10.959449;13067.0
779;MSTS;QPLIB_5881.qs;8;80;13067.0;13067.0;0.125884;11.085333;13067.0
780;MSTS;QPLIB_5881.qs;8;81;13067.0;13067.0;0.14847;11.233803;13067.0
781;MSTS;QPLIB_5881.qs;8;82;13067.0;13067.0;0.121251;11.355054;13067.0
782;MSTS;QPLIB_5881.qs;8;83;13067.0;13067.0;0.144971;11.500025;13067.0
783;MSTS;QPLIB_5881.qs;8;84;13067.0;13067.0;0.16018;11.660205;13067.0
784;MSTS;QPLIB_5881.qs;8;85;13067.0;13067.0;0.127797;11.788002;13067.0
785;MSTS;QPLIB_5881.qs;8;86;13067.0;13067.0;0.196314;11.984316;13067.0
786;MSTS;QPLIB_5881.qs;8;87;13067.0;13067.0;0.129992;12.114308;13067.0
787;MSTS;QPLIB_5881.qs;8;88;13067.0;13067.0;0.119393;12.233701;13067.0
788;MSTS;QPLIB_5881.qs;8;89;13067.0;13067.0;0.148556;12.382257;13067.0
789;MSTS;QPLIB_5881.qs;8;90;13067.0;13067.0;0.149892;12.532149;13067.0
790;MSTS;QPLIB_5881.qs;8;91;13067.0;13067.0;0.125925;12.658074;13067.0
791;MSTS;QPLIB_5881.qs;8;92;13067.0;13067.0;0.144675;12.802749;13067.0
792;MSTS;QPLIB_5881.qs;8;93;13067.0;13067.0;0.193151;12.9959;13067.0
793;MSTS;QPLIB_5881.qs;8;94;13067.0;13067.0;0.124487;13.120387;13067.0
794;MSTS;QPLIB_5881.qs;8;95;13067.0;13067.0;0.155841;13.276228;13067.0
795;MSTS;QPLIB_5881.qs;8;96;13060.0;13067.0;0.129782;13.40601;13067.0
796;MSTS;QPLIB_5881.qs;8;97;13067.0;13067.0;0.111635;13.517645;13067.0
797;MSTS;QPLIB_5881.qs;8;98;13067.0;13067.0;0.116303;13.633948;13067.0
798;MSTS;QPLIB_5881.qs;8;99;13067.0;13067.0;0.135018;13.768966;13067.0
799;MSTS;QPLIB_5881.qs;8;100;13067.0;13067.0;0.146668;13.915634;13067.0
800;MSTS;QPLIB_5881.qs;9;1;13067.0;13067.0;0.252187;0.252187;13067.0
801;MSTS;QPLIB_5881.qs;9;2;13067.0;13067.0;0.159832;0.412019;13067.0
802;MSTS;QPLIB_5881.qs;9;3;13067.0;13067.0;0.12778;0.539799;13067.0
803;MSTS;QPLIB_5881.qs;9;4;13067.0;13067.0;0.114907;0.654706;13067.0
804;MSTS;QPLIB_5881.qs;9;5;13067.0;13067.0;0.118573;0.773279;13067.0
805;MSTS;QPLIB_5881.qs;9;6;13067.0;13067.0;0.185997;0.959276;13067.0
806;MSTS;QPLIB_5881.qs;9;7;13067.0;13067.0;0.144361;1.103637;13067.0
807;MSTS;QPLIB_5881.qs;9;8;13060.0;13067.0;0.154586;1.258223;13067.0
808;MSTS;QPLIB_5881.qs;9;9;13067.0;13067.0;0.113849;1.372072;13067.0
809;MSTS;QPLIB_5881.qs;9;10;13067.0;13067.0;0.126423;1.498495;13067.0
810;MSTS;QPLIB_5881.qs;9;11;13067.0;13067.0;0.123884;1.622379;13067.0
811;MSTS;QPLIB_5881.qs;9;12;13067.0;13067.0;0.137522;1.759901;13067.0
812;MSTS;QPLIB_5881.qs;9;13;13067.0;13067.0;0.146549;1.90645;13067.0
813;MSTS;QPLIB_5881.qs;9;14;13067.0;13067.0;0.181212;2.087662;13067.0
814;MSTS;QPLIB_5881.qs;9;15;13067.0;13067.0;0.122978;2.21064;13067.0
815;MSTS;QPLIB_5881.qs;9;16;13067.0;13067.0;0.1265;2.33714;13067.0
816;MSTS;QPLIB_5881.qs;9;17;13067.0;13067.0;0.116164;2.453304;13067.0
817;MSTS;QPLIB_5881.qs;9;18;13067.0;13067.0;0.154585;2.607889;13067.0
818;MSTS;QPLIB_5881.qs;9;19;13067.0;13067.0;0.127589;2.735478;13067.0
819;MSTS;QPLIB_5881.qs;9;20;13051.0;13067.0;0.112476;2.847954;13067.0
820;MSTS;QPLIB_5881.qs;9;21;13067.0;13067.0;0.11892;2.9668740000000002;13067.0
821;MSTS;QPLIB_5881.qs;9;22;13067.0;13067.0;0.149791;3.1166650000000002;13067.0
822;MSTS;QPLIB_5881.qs;9;23;13067.0;13067.0;0.115964;3.232629;13067.0
823;MSTS;QPLIB_5881.qs;9;24;13067.0;13067.0;0.185252;3.417881;13067.0
824;MSTS;QPLIB_5881.qs;9;25;13067.0;13067.0;0.136762;3.554643;13067.0
825;MSTS;QPLIB_5881.qs;9;26;13067.0;13067.0;0.203059;3.757702;13067.0
826;MSTS;QPLIB_5881.qs;9;27;13067.0;13067.0;0.148322;3.906024;13067.0
827;MSTS;QPLIB_5881.qs;9;28;13067.0;13067.0;0.132234;4.038258;13067.0
828;MSTS;QPLIB_5881.qs;9;29;13067.0;13067.0;0.119029;4.157287;13067.0
829;MSTS;QPLIB_5881.qs;9;30;13067.0;13067.0;0.142361;4.299648;13067.0
830;MSTS;QPLIB_5881.qs;9;31;13067.0;13067.0;0.120791;4.420439;13067.0
831;MSTS;QPLIB_5881.qs;9;32;13067.0;13067.0;0.140107;4.560546;13067.0
832;MSTS;QPLIB_5881.qs;9;33;13067.0;13067.0;0.132627;4.693173;13067.0
833;MSTS;QPLIB_5881.qs;9;34;13067.0;13067.0;0.150975;4.844148;13067.0
834;MSTS;QPLIB_5881.qs;9;35;13067.0;13067.0;0.146583;4.990731;13067.0
835;MSTS;QPLIB_5881.qs;9;36;13067.0;13067.0;0.131068;5.121799;13067.0
836;MSTS;QPLIB_5881.qs;9;37;13067.0;13067.0;0.12257;5.244369;13067.0
837;MSTS;QPLIB_5881.qs;9;38;13067.0;13067.0;0.12945;5.373819;13067.0
838;MSTS;QPLIB_5881.qs;9;39;13067.0;13067.0;0.117611;5.49143;13067.0
839;MSTS;QPLIB_5881.qs;9;40;13067.0;13067.0;0.12714;5.61857;13067.0
840;MSTS;QPLIB_5881.qs;9;41;13067.0;13067.0;0.134448;5.753018;13067.0
841;MSTS;QPLIB_5881.qs;9;42;13067.0;13067.0;0.142267;5.895285;13067.0
842;MSTS;QPLIB_5881.qs;9;43;13067.0;13067.0;0.141303;6.036588;13067.0
843;MSTS;QPLIB_5881.qs;9;44;13067.0;13067.0;0.165792;6.20238;13067.0
844;MSTS;QPLIB_5881.qs;9;45;13067.0;13067.0;0.150654;6.353034;13067.0
845;MSTS;QPLIB_5881.qs;9;46;13067.0;13067.0;0.125066;6.4781;13067.0
846;MSTS;QPLIB_5881.qs;9;47;13067.0;13067.0;0.158615;6.636715;13067.0
847;MSTS;QPLIB_5881.qs;9;48;13067.0;13067.0;0.123563;6.760278;13067.0
848;MSTS;QPLIB_5881.qs;9;49;13067.0;13067.0;0.158221;6.918499;13067.0
849;MSTS;QPLIB_5881.qs;9;50;13067.0;13067.0;0.185247;7.103746;13067.0
850;MSTS;QPLIB_5881.qs;9;51;13067.0;13067.0;0.148682;7.252428;13067.0
851;MSTS;QPLIB_5881.qs;9;52;13051.0;13067.0;0.117734;7.370162;13067.0
852;MSTS;QPLIB_5881.qs;9;53;13067.0;13067.0;0.147631;7.517793;13067.0
853;MSTS;QPLIB_5881.qs;9;54;13067.0;13067.0;0.117637;7.63543;13067.0
854;MSTS;QPLIB_5881.qs;9;55;13067.0;13067.0;0.130819;7.766249;13067.0
855;MSTS;QPLIB_5881.qs;9;56;13067.0;13067.0;0.195481;7.96173;13067.0
856;MSTS;QPLIB_5881.qs;9;57;13067.0;13067.0;0.117122;8.078852;13067.0
857;MSTS;QPLIB_5881.qs;9;58;13067.0;13067.0;0.130589;8.209441;13067.0
858;MSTS;QPLIB_5881.qs;9;59;13067.0;13067.0;0.117304;8.326745;13067.0
859;MSTS;QPLIB_5881.qs;9;60;13067.0;13067.0;0.121563;8.448308;13067.0
860;MSTS;QPLIB_5881.qs;9;61;13067.0;13067.0;0.120967;8.569275;13067.0
861;MSTS;QPLIB_5881.qs;9;62;13067.0;13067.0;0.124554;8.693829000000001;13067.0
862;MSTS;QPLIB_5881.qs;9;63;13051.0;13067.0;0.113899;8.807728000000001;13067.0
863;MSTS;QPLIB_5881.qs;9;64;13067.0;13067.0;0.113081;8.920809;13067.0
864;MSTS;QPLIB_5881.qs;9;65;13067.0;13067.0;0.140878;9.061687;13067.0
865;MSTS;QPLIB_5881.qs;9;66;13067.0;13067.0;0.185539;9.247226;13067.0
866;MSTS;QPLIB_5881.qs;9;67;13067.0;13067.0;0.143789;9.391015;13067.0
867;MSTS;QPLIB_5881.qs;9;68;13067.0;13067.0;0.126449;9.517464;13067.0
868;MSTS;QPLIB_5881.qs;9;69;13067.0;13067.0;0.148139;9.665603;13067.0
869;MSTS;QPLIB_5881.qs;9;70;13067.0;13067.0;0.17495;9.840553;13067.0
870;MSTS;QPLIB_5881.qs;9;71;13067.0;13067.0;0.13059;9.971143;13067.0
871;MSTS;QPLIB_5881.qs;9;72;13067.0;13067.0;0.128971;10.100114;13067.0
872;MSTS;QPLIB_5881.qs;9;73;13067.0;13067.0;0.157387;10.257501;13067.0
873;MSTS;QPLIB_5881.qs;9;74;13067.0;13067.0;0.152109;10.40961;13067.0
874;MSTS;QPLIB_5881.qs;9;75;13067.0;13067.0;0.140482;10.550092;13067.0
875;MSTS;QPLIB_5881.qs;9;76;13067.0;13067.0;0.122414;10.672506;13067.0
876;MSTS;QPLIB_5881.qs;9;77;13067.0;13067.0;0.143602;10.816108;13067.0
877;MSTS;QPLIB_5881.qs;9;78;13067.0;13067.0;0.134486;10.950594;13067.0
878;MSTS;QPLIB_5881.qs;9;79;13067.0;13067.0;0.118899;11.069493;13067.0
879;MSTS;QPLIB_5881.qs;9;80;13067.0;13067.0;0.126303;11.195796;13067.0
880;MSTS;QPLIB_5881.qs;9;81;13067.0;13067.0;0.128312;11.324108;13067.0
881;MSTS;QPLIB_5881.qs;9;82;13051.0;13067.0;0.115527;11.439635;13067.0
882;MSTS;QPLIB_5881.qs;9;83;13067.0;13067.0;0.11515;11.554785;13067.0
883;MSTS;QPLIB_5881.qs;9;84;13067.0;13067.0;0.116704;11.671489;13067.0
884;MSTS;QPLIB_5881.qs;9;85;13067.0;13067.0;0.146147;11.817636;13067.0
885;MSTS;QPLIB_5881.qs;9;86;13067.0;13067.0;0.118588;11.936224;13067.0
886;MSTS;QPLIB_5881.qs;9;87;13067.0;13067.0;0.144291;12.080515;13067.0
887;MSTS;QPLIB_5881.qs;9;88;13067.0;13067.0;0.133812;12.214327;13067.0
888;MSTS;QPLIB_5881.qs;9;89;13067.0;13067.0;0.168316;12.382643;13067.0
889;MSTS;QPLIB_5881.qs;9;90;13067.0;13067.0;0.152259;12.534902;13067.0
890;MSTS;QPLIB_5881.qs;9;91;13060.0;13067.0;0.14202;12.676922;13067.0
891;MSTS;QPLIB_5881.qs;9;92;13067.0;13067.0;0.11174;12.788662;13067.0
892;MSTS;QPLIB_5881.qs;9;93;13067.0;13067.0;0.139872;12.928534;13067.0
893;MSTS;QPLIB_5881.qs;9;94;13067.0;13067.0;0.116068;13.044602;13067.0
894;MSTS;QPLIB_5881.qs;9;95;13067.0;13067.0;0.120674;13.165276;13067.0
895;MSTS;QPLIB_5881.qs;9;96;13067.0;13067.0;0.176957;13.342233;13067.0
896;MSTS;QPLIB_5881.qs;9;97;13067.0;13067.0;0.116857;13.45909;13067.0
897;MSTS;QPLIB_5881.qs;9;98;13067.0;13067.0;0.140962;13.600052;13067.0
898;MSTS;QPLIB_5881.qs;9;99;13067.0;13067.0;0.164888;13.76494;13067.0
899;MSTS;QPLIB_5881.qs;9;100;13067.0;13067.0;0.133497;13.898437;13067.0
900;MSTS;QPLIB_5881.qs;10;1;13067.0;13067.0;0.248478;0.248478;13067.0
901;MSTS;QPLIB_5881.qs;10;2;13067.0;13067.0;0.116473;0.364951;13067.0
902;MSTS;QPLIB_5881.qs;10;3;13067.0;13067.0;0.19286;0.5578110000000001;13067.0
903;MSTS;QPLIB_5881.qs;10;4;13067.0;13067.0;0.176841;0.734652;13067.0
904;MSTS;QPLIB_5881.qs;10;5;13067.0;13067.0;0.150093;0.884745;13067.0
905;MSTS;QPLIB_5881.qs;10;6;13067.0;13067.0;0.121314;1.006059;13067.0
906;MSTS;QPLIB_5881.qs;10;7;13067.0;13067.0;0.127024;1.133083;13067.0
907;MSTS;QPLIB_5881.qs;10;8;13051.0;13067.0;0.113303;1.246386;13067.0
908;MSTS;QPLIB_5881.qs;10;9;13060.0;13067.0;0.138975;1.385361;13067.0
909;MSTS;QPLIB_5881.qs;10;10;13067.0;13067.0;0.114823;1.500184;13067.0
910;MSTS;QPLIB_5881.qs;10;11;13067.0;13067.0;0.143858;1.644042;13067.0
911;MSTS;QPLIB_5881.qs;10;12;13067.0;13067.0;0.11434;1.7583820000000001;13067.0
912;MSTS;QPLIB_5881.qs;10;13;13067.0;13067.0;0.149045;1.907427;13067.0
913;MSTS;QPLIB_5881.qs;10;14;13067.0;13067.0;0.117121;2.0245480000000002;13067.0
914;MSTS;QPLIB_5881.qs;10;15;13067.0;13067.0;0.146555;2.171103;13067.0
915;MSTS;QPLIB_5881.qs;10;16;13067.0;13067.0;0.120719;2.291822;13067.0
916;MSTS;QPLIB_5881.qs;10;17;13067.0;13067.0;0.115769;2.407591;13067.0
917;MSTS;QPLIB_5881.qs;10;18;13067.0;13067.0;0.199498;2.607089;13067.0
918;MSTS;QPLIB_5881.qs;10;19;13067.0;13067.0;0.120116;2.727205;13067.0
919;MSTS;QPLIB_5881.qs;10;20;13067.0;13067.0;0.139257;2.866462;13067.0
920;MSTS;QPLIB_5881.qs;10;21;13051.0;13067.0;0.11371;2.980172;13067.0
921;MSTS;QPLIB_5881.qs;10;22;13067.0;13067.0;0.129973;3.110145;13067.0
922;MSTS;QPLIB_5881.qs;10;23;13067.0;13067.0;0.115896;3.226041;13067.0
923;MSTS;QPLIB_5881.qs;10;24;13067.0;13067.0;0.152827;3.378868;13067.0
924;MSTS;QPLIB_5881.qs;10;25;13067.0;13067.0;0.128166;3.507034;13067.0
925;MSTS;QPLIB_5881.qs;10;26;13067.0;13067.0;0.117296;3.62433;13067.0
926;MSTS;QPLIB_5881.qs;10;27;13067.0;13067.0;0.149253;3.773583;13067.0
927;MSTS;QPLIB_5881.qs;10;28;13067.0;13067.0;0.148696;3.922279;13067.0
928;MSTS;QPLIB_5881.qs;10;29;13067.0;13067.0;0.149417;4.071696;13067.0
929;MSTS;QPLIB_5881.qs;10;30;13067.0;13067.0;0.198615;4.270311;13067.0
930;MSTS;QPLIB_5881.qs;10;31;13067.0;13067.0;0.128179;4.39849;13067.0
931;MSTS;QPLIB_5881.qs;10;32;13067.0;13067.0;0.143445;4.541935;13067.0
932;MSTS;QPLIB_5881.qs;10;33;13067.0;13067.0;0.115325;4.65726;13067.0
933;MSTS;QPLIB_5881.qs;10;34;13067.0;13067.0;0.149044;4.806304;13067.0
934;MSTS;QPLIB_5881.qs;10;35;13067.0;13067.0;0.200284;5.006588;13067.0
935;MSTS;QPLIB_5881.qs;10;36;13067.0;13067.0;0.139162;5.14575;13067.0
936;MSTS;QPLIB_5881.qs;10;37;13067.0;13067.0;0.18767;5.33342;13067.0
937;MSTS;QPLIB_5881.qs;10;38;13067.0;13067.0;0.12547;5.45889;13067.0
938;MSTS;QPLIB_5881.qs;10;39;13067.0;13067.0;0.138282;5.597172;13067.0
939;MSTS;QPLIB_5881.qs;10;40;13067.0;13067.0;0.137992;5.735164;13067.0
940;MSTS;QPLIB_5881.qs;10;41;13067.0;13067.0;0.154531;5.889695;13067.0
941;MSTS;QPLIB_5881.qs;10;42;13067.0;13067.0;0.140244;6.029939;13067.0
942;MSTS;QPLIB_5881.qs;10;43;13067.0;13067.0;0.133159;6.163098;13067.0
943;MSTS;QPLIB_5881.qs;10;44;13067.0;13067.0;0.126729;6.289827;13067.0
944;MSTS;QPLIB_5881.qs;10;45;13067.0;13067.0;0.13701;6.426837;13067.0
945;MSTS;QPLIB_5881.qs;10;46;13067.0;13067.0;0.11366;6.540497;13067.0
946;MSTS;QPLIB_5881.qs;10;47;13067.0;13067.0;0.213352;6.753849;13067.0
947;MSTS;QPLIB_5881.qs;10;48;13067.0;13067.0;0.129409;6.883258;13067.0
948;MSTS;QPLIB_5881.qs;10;49;13067.0;13067.0;0.139224;7.022482;13067.0
949;MSTS;QPLIB_5881.qs;10;50;13067.0;13067.0;0.14406;7.166542;13067.0
950;MSTS;QPLIB_5881.qs;10;51;13067.0;13067.0;0.130926;7.297468;13067.0
951;MSTS;QPLIB_5881.qs;10;52;13051.0;13067.0;0.115285;7.412753;13067.0
952;MSTS;QPLIB_5881.qs;10;53;13067.0;13067.0;0.116566;7.529319;13067.0
953;MSTS;QPLIB_5881.qs;10;54;13067.0;13067.0;0.195245;7.724564;13067.0
954;MSTS;QPLIB_5881.qs;10;55;13067.0;13067.0;0.197404;7.921968;13067.0
955;MSTS;QPLIB_5881.qs;10;56;13067.0;13067.0;0.155364;8.077332;13067.0
956;MSTS;QPLIB_5881.qs;10;57;13067.0;13067.0;0.172526;8.249858;13067.0
957;MSTS;QPLIB_5881.qs;10;58;13067.0;13067.0;0.115243;8.365101;13067.0
958;MSTS;QPLIB_5881.qs;10;59;13067.0;13067.0;0.117036;8.482137;13067.0
959;MSTS;QPLIB_5881.qs;10;60;13067.0;13067.0;0.15025;8.632387;13067.0
960;MSTS;QPLIB_5881.qs;10;61;13067.0;13067.0;0.114721;8.747108;13067.0
961;MSTS;QPLIB_5881.qs;10;62;13067.0;13067.0;0.121474;8.868582;13067.0
962;MSTS;QPLIB_5881.qs;10;63;13051.0;13067.0;0.116955;8.985537;13067.0
963;MSTS;QPLIB_5881.qs;10;64;13060.0;13067.0;0.120865;9.106402;13067.0
964;MSTS;QPLIB_5881.qs;10;65;13067.0;13067.0;0.114909;9.221311;13067.0
965;MSTS;QPLIB_5881.qs;10;66;13067.0;13067.0;0.144475;9.365786;13067.0
966;MSTS;QPLIB_5881.qs;10;67;13067.0;13067.0;0.203189;9.568975;13067.0
967;MSTS;QPLIB_5881.qs;10;68;13067.0;13067.0;0.202134;9.771109;13067.0
968;MSTS;QPLIB_5881.qs;10;69;13067.0;13067.0;0.211647;9.982756;13067.0
969;MSTS;QPLIB_5881.qs;10;70;13067.0;13067.0;0.120695;10.103451;13067.0
970;MSTS;QPLIB_5881.qs;10;71;13067.0;13067.0;0.164273;10.267724;13067.0
971;MSTS;QPLIB_5881.qs;10;72;13053.0;13067.0;0.165421;10.433145;13067.0
972;MSTS;QPLIB_5881.qs;10;73;13067.0;13067.0;0.120707;10.553852000000001;13067.0
973;MSTS;QPLIB_5881.qs;10;74;13067.0;13067.0;0.129601;10.683453;13067.0
974;MSTS;QPLIB_5881.qs;10;75;13067.0;13067.0;0.120888;10.804341;13067.0
975;MSTS;QPLIB_5881.qs;10;76;13067.0;13067.0;0.122063;10.926404;13067.0
976;MSTS;QPLIB_5881.qs;10;77;13067.0;13067.0;0.120004;11.046408;13067.0
977;MSTS;QPLIB_5881.qs;10;78;13051.0;13067.0;0.117191;11.163599;13067.0
978;MSTS;QPLIB_5881.qs;10;79;13067.0;13067.0;0.12096;11.284559;13067.0
979;MSTS;QPLIB_5881.qs;10;80;13067.0;13067.0;0.124897;11.409456;13067.0
980;MSTS;QPLIB_5881.qs;10;81;13067.0;13067.0;0.149339;11.558795;13067.0
981;MSTS;QPLIB_5881.qs;10;82;13067.0;13067.0;0.122053;11.680848;13067.0
982;MSTS;QPLIB_5881.qs;10;83;13067.0;13067.0;0.171795;11.852643;13067.0
983;MSTS;QPLIB_5881.qs;10;84;13067.0;13067.0;0.138067;11.99071;13067.0
984;MSTS;QPLIB_5881.qs;10;85;13067.0;13067.0;0.161659;12.152369;13067.0
985;MSTS;QPLIB_5881.qs;10;86;13067.0;13067.0;0.120381;12.27275;13067.0
986;MSTS;QPLIB_5881.qs;10;87;13067.0;13067.0;0.125887;12.398637;13067.0
987;MSTS;QPLIB_5881.qs;10;88;13067.0;13067.0;0.187311;12.585948;13067.0
988;MSTS;QPLIB_5881.qs;10;89;13067.0;13067.0;0.115112;12.70106;13067.0
989;MSTS;QPLIB_5881.qs;10;90;13067.0;13067.0;0.119673;12.820733;13067.0
990;MSTS;QPLIB_5881.qs;10;91;13067.0;13067.0;0.168521;12.989254;13067.0
991;MSTS;QPLIB_5881.qs;10;92;13067.0;13067.0;0.161792;13.151046000000001;13067.0
992;MSTS;QPLIB_5881.qs;10;93;13067.0;13067.0;0.135234;13.28628;13067.0
993;MSTS;QPLIB_5881.qs;10;94;13067.0;13067.0;0.123701;13.409981;13067.0
994;MSTS;QPLIB_5881.qs;10;95;13067.0;13067.0;0.197288;13.607269;13067.0
995;MSTS;QPLIB_5881.qs;10;96;13051.0;13067.0;0.11392;13.721189;13067.0
996;MSTS;QPLIB_5881.qs;10;97;13067.0;13067.0;0.202967;13.924156;13067.0
997;MSTS;QPLIB_5881.qs;10;98;13051.0;13067.0;0.115452;14.039608;13067.0
998;MSTS;QPLIB_5881.qs;10;99;13067.0;13067.0;0.11338;14.152988;13067.0
999;MSTS;QPLIB_5881.qs;10;100;13067.0;13067.0;0.122102;14.27509;13067.0
1000;MSTS;QPLIB_5881.qs;11;1;13067.0;13067.0;0.295233;0.295233;13067.0
1001;MSTS;QPLIB_5881.qs;11;2;13067.0;13067.0;0.144629;0.43986200000000003;13067.0
1002;MSTS;QPLIB_5881.qs;11;3;13067.0;13067.0;0.148218;0.58808;13067.0
1003;MSTS;QPLIB_5881.qs;11;4;13067.0;13067.0;0.116974;0.7050540000000001;13067.0
1004;MSTS;QPLIB_5881.qs;11;5;13067.0;13067.0;0.13859;0.8436440000000001;13067.0
1005;MSTS;QPLIB_5881.qs;11;6;13067.0;13067.0;0.194807;1.038451;13067.0
1006;MSTS;QPLIB_5881.qs;11;7;13067.0;13067.0;0.127897;1.166348;13067.0
1007;MSTS;QPLIB_5881.qs;11;8;13067.0;13067.0;0.129626;1.295974;13067.0
1008;MSTS;QPLIB_5881.qs;11;9;13051.0;13067.0;0.111655;1.407629;13067.0
1009;MSTS;QPLIB_5881.qs;11;10;13067.0;13067.0;0.116658;1.524287;13067.0
1010;MSTS;QPLIB_5881.qs;11;11;13067.0;13067.0;0.161416;1.685703;13067.0
1011;MSTS;QPLIB_5881.qs;11;12;13067.0;13067.0;0.174165;1.859868;13067.0
1012;MSTS;QPLIB_5881.qs;11;13;13067.0;13067.0;0.153901;2.013769;13067.0
1013;MSTS;QPLIB_5881.qs;11;14;13067.0;13067.0;0.131939;2.145708;13067.0
1014;MSTS;QPLIB_5881.qs;11;15;13067.0;13067.0;0.118239;2.263947;13067.0
1015;MSTS;QPLIB_5881.qs;11;16;13067.0;13067.0;0.163515;2.4274620000000002;13067.0
1016;MSTS;QPLIB_5881.qs;11;17;13067.0;13067.0;0.150763;2.578225;13067.0
1017;MSTS;QPLIB_5881.qs;11;18;13067.0;13067.0;0.131945;2.71017;13067.0
1018;MSTS;QPLIB_5881.qs;11;19;13067.0;13067.0;0.132571;2.842741;13067.0
1019;MSTS;QPLIB_5881.qs;11;20;13067.0;13067.0;0.160479;3.0032200000000002;13067.0
1020;MSTS;QPLIB_5881.qs;11;21;13067.0;13067.0;0.123641;3.126861;13067.0
1021;MSTS;QPLIB_5881.qs;11;22;13067.0;13067.0;0.142749;3.26961;13067.0
1022;MSTS;QPLIB_5881.qs;11;23;13067.0;13067.0;0.198957;3.468567;13067.0
1023;MSTS;QPLIB_5881.qs;11;24;13067.0;13067.0;0.126014;3.594581;13067.0
1024;MSTS;QPLIB_5881.qs;11;25;13067.0;13067.0;0.121712;3.716293;13067.0
1025;MSTS;QPLIB_5881.qs;11;26;13067.0;13067.0;0.130274;3.846567;13067.0
1026;MSTS;QPLIB_5881.qs;11;27;13051.0;13067.0;0.11226;3.958827;13067.0
1027;MSTS;QPLIB_5881.qs;11;28;13067.0;13067.0;0.114303;4.07313;13067.0
1028;MSTS;QPLIB_5881.qs;11;29;13067.0;13067.0;0.132783;4.205913;13067.0
1029;MSTS;QPLIB_5881.qs;11;30;13067.0;13067.0;0.149792;4.355705;13067.0
1030;MSTS;QPLIB_5881.qs;11;31;13067.0;13067.0;0.178907;4.534612;13067.0
1031;MSTS;QPLIB_5881.qs;11;32;13067.0;13067.0;0.12376;4.658372;13067.0
1032;MSTS;QPLIB_5881.qs;11;33;13067.0;13067.0;0.112584;4.770956;13067.0
1033;MSTS;QPLIB_5881.qs;11;34;13067.0;13067.0;0.131233;4.902189;13067.0
1034;MSTS;QPLIB_5881.qs;11;35;13067.0;13067.0;0.16037;5.062559;13067.0
1035;MSTS;QPLIB_5881.qs;11;36;13067.0;13067.0;0.151448;5.214007;13067.0
1036;MSTS;QPLIB_5881.qs;11;37;13067.0;13067.0;0.177262;5.391269;13067.0
1037;MSTS;QPLIB_5881.qs;11;38;13067.0;13067.0;0.13184;5.523109;13067.0
1038;MSTS;QPLIB_5881.qs;11;39;13067.0;13067.0;0.14111;5.664219;13067.0
1039;MSTS;QPLIB_5881.qs;11;40;13067.0;13067.0;0.186836;5.851055;13067.0
1040;MSTS;QPLIB_5881.qs;11;41;13067.0;13067.0;0.122848;5.973903;13067.0
1041;MSTS;QPLIB_5881.qs;11;42;13067.0;13067.0;0.167608;6.141511;13067.0
1042;MSTS;QPLIB_5881.qs;11;43;13067.0;13067.0;0.186149;6.32766;13067.0
1043;MSTS;QPLIB_5881.qs;11;44;13067.0;13067.0;0.129963;6.457623;13067.0
1044;MSTS;QPLIB_5881.qs;11;45;13067.0;13067.0;0.150503;6.608126;13067.0
1045;MSTS;QPLIB_5881.qs;11;46;13067.0;13067.0;0.138241;6.746367;13067.0
1046;MSTS;QPLIB_5881.qs;11;47;13067.0;13067.0;0.12037;6.866737;13067.0
1047;MSTS;QPLIB_5881.qs;11;48;13051.0;13067.0;0.112253;6.9789900000000005;13067.0
1048;MSTS;QPLIB_5881.qs;11;49;13067.0;13067.0;0.137696;7.116686;13067.0
1049;MSTS;QPLIB_5881.qs;11;50;13067.0;13067.0;0.118378;7.235064;13067.0
1050;MSTS;QPLIB_5881.qs;11;51;13067.0;13067.0;0.129318;7.364382;13067.0
1051;MSTS;QPLIB_5881.qs;11;52;13067.0;13067.0;0.127559;7.491941;13067.0
1052;MSTS;QPLIB_5881.qs;11;53;13067.0;13067.0;0.167279;7.65922;13067.0
1053;MSTS;QPLIB_5881.qs;11;54;13067.0;13067.0;0.149129;7.808349;13067.0
1054;MSTS;QPLIB_5881.qs;11;55;13067.0;13067.0;0.124496;7.932845;13067.0
1055;MSTS;QPLIB_5881.qs;11;56;13067.0;13067.0;0.177984;8.110829;13067.0
1056;MSTS;QPLIB_5881.qs;11;57;13067.0;13067.0;0.168619;8.279448;13067.0
1057;MSTS;QPLIB_5881.qs;11;58;13051.0;13067.0;0.111619;8.391067;13067.0
1058;MSTS;QPLIB_5881.qs;11;59;13067.0;13067.0;0.112817;8.503884;13067.0
1059;MSTS;QPLIB_5881.qs;11;60;13067.0;13067.0;0.123524;8.627408;13067.0
1060;MSTS;QPLIB_5881.qs;11;61;13067.0;13067.0;0.113886;8.741294;13067.0
1061;MSTS;QPLIB_5881.qs;11;62;13067.0;13067.0;0.19101;8.932304;13067.0
1062;MSTS;QPLIB_5881.qs;11;63;13067.0;13067.0;0.115176;9.04748;13067.0
1063;MSTS;QPLIB_5881.qs;11;64;13067.0;13067.0;0.14435;9.19183;13067.0
1064;MSTS;QPLIB_5881.qs;11;65;13067.0;13067.0;0.140486;9.332316;13067.0
1065;MSTS;QPLIB_5881.qs;11;66;13067.0;13067.0;0.119645;9.451961;13067.0
1066;MSTS;QPLIB_5881.qs;11;67;13067.0;13067.0;0.119915;9.571876;13067.0
1067;MSTS;QPLIB_5881.qs;11;68;13067.0;13067.0;0.137015;9.708891;13067.0
1068;MSTS;QPLIB_5881.qs;11;69;13067.0;13067.0;0.176329;9.88522;13067.0
1069;MSTS;QPLIB_5881.qs;11;70;13067.0;13067.0;0.201719;10.086939000000001;13067.0
1070;MSTS;QPLIB_5881.qs;11;71;13067.0;13067.0;0.119313;10.206252;13067.0
1071;MSTS;QPLIB_5881.qs;11;72;13067.0;13067.0;0.16903;10.375282;13067.0
1072;MSTS;QPLIB_5881.qs;11;73;13067.0;13067.0;0.122776;10.498058;13067.0
1073;MSTS;QPLIB_5881.qs;11;74;13067.0;13067.0;0.164161;10.662219;13067.0
1074;MSTS;QPLIB_5881.qs;11;75;13067.0;13067.0;0.144669;10.806888;13067.0
1075;MSTS;QPLIB_5881.qs;11;76;13060.0;13067.0;0.204304;11.011192;13067.0
1076;MSTS;QPLIB_5881.qs;11;77;13067.0;13067.0;0.114583;11.125775;13067.0
1077;MSTS;QPLIB_5881.qs;11;78;13067.0;13067.0;0.127053;11.252828000000001;13067.0
1078;MSTS;QPLIB_5881.qs;11;79;13067.0;13067.0;0.124933;11.377761;13067.0
1079;MSTS;QPLIB_5881.qs;11;80;13067.0;13067.0;0.181598;11.559359;13067.0
1080;MSTS;QPLIB_5881.qs;11;81;13067.0;13067.0;0.112266;11.671625;13067.0
1081;MSTS;QPLIB_5881.qs;11;82;13067.0;13067.0;0.143351;11.814976;13067.0
1082;MSTS;QPLIB_5881.qs;11;83;13067.0;13067.0;0.11602;11.930996;13067.0
1083;MSTS;QPLIB_5881.qs;11;84;13067.0;13067.0;0.138145;12.069141;13067.0
1084;MSTS;QPLIB_5881.qs;11;85;13067.0;13067.0;0.134602;12.203743;13067.0
1085;MSTS;QPLIB_5881.qs;11;86;13067.0;13067.0;0.115083;12.318826;13067.0
1086;MSTS;QPLIB_5881.qs;11;87;13067.0;13067.0;0.132978;12.451804000000001;13067.0
1087;MSTS;QPLIB_5881.qs;11;88;13067.0;13067.0;0.13506;12.586864;13067.0
1088;MSTS;QPLIB_5881.qs;11;89;13067.0;13067.0;0.170389;12.757253;13067.0
1089;MSTS;QPLIB_5881.qs;11;90;13067.0;13067.0;0.174213;12.931466;13067.0
1090;MSTS;QPLIB_5881.qs;11;91;13067.0;13067.0;0.170842;13.102308;13067.0
1091;MSTS;QPLIB_5881.qs;11;92;13051.0;13067.0;0.117202;13.21951;13067.0
1092;MSTS;QPLIB_5881.qs;11;93;13067.0;13067.0;0.121518;13.341028;13067.0
1093;MSTS;QPLIB_5881.qs;11;94;13067.0;13067.0;0.118341;13.459369;13067.0
1094;MSTS;QPLIB_5881.qs;11;95;13067.0;13067.0;0.145333;13.604702;13067.0
1095;MSTS;QPLIB_5881.qs;11;96;13067.0;13067.0;0.179878;13.78458;13067.0
1096;MSTS;QPLIB_5881.qs;11;97;13067.0;13067.0;0.189623;13.974203000000001;13067.0
1097;MSTS;QPLIB_5881.qs;11;98;13067.0;13067.0;0.126553;14.100756;13067.0
1098;MSTS;QPLIB_5881.qs;11;99;13067.0;13067.0;0.166225;14.266981;13067.0
1099;MSTS;QPLIB_5881.qs;11;100;13067.0;13067.0;0.124274;14.391255000000001;13067.0
1100;MSTS;QPLIB_5881.qs;12;1;13067.0;13067.0;0.253017;0.253017;13067.0
1101;MSTS;QPLIB_5881.qs;12;2;13067.0;13067.0;0.136255;0.38927199999999995;13067.0
1102;MSTS;QPLIB_5881.qs;12;3;13067.0;13067.0;0.121202;0.510474;13067.0
1103;MSTS;QPLIB_5881.qs;12;4;13067.0;13067.0;0.144511;0.6549849999999999;13067.0
1104;MSTS;QPLIB_5881.qs;12;5;13067.0;13067.0;0.125857;0.780842;13067.0
1105;MSTS;QPLIB_5881.qs;12;6;13067.0;13067.0;0.198389;0.979231;13067.0
1106;MSTS;QPLIB_5881.qs;12;7;13067.0;13067.0;0.128313;1.107544;13067.0
1107;MSTS;QPLIB_5881.qs;12;8;13067.0;13067.0;0.124227;1.231771;13067.0
1108;MSTS;QPLIB_5881.qs;12;9;13067.0;13067.0;0.150144;1.381915;13067.0
1109;MSTS;QPLIB_5881.qs;12;10;13067.0;13067.0;0.135443;1.517358;13067.0
1110;MSTS;QPLIB_5881.qs;12;11;13067.0;13067.0;0.157242;1.6746;13067.0
1111;MSTS;QPLIB_5881.qs;12;12;13067.0;13067.0;0.123076;1.797676;13067.0
1112;MSTS;QPLIB_5881.qs;12;13;13067.0;13067.0;0.138812;1.936488;13067.0
1113;MSTS;QPLIB_5881.qs;12;14;13067.0;13067.0;0.20748;2.143968;13067.0
1114;MSTS;QPLIB_5881.qs;12;15;13067.0;13067.0;0.163613;2.307581;13067.0
1115;MSTS;QPLIB_5881.qs;12;16;13067.0;13067.0;0.149511;2.457092;13067.0
1116;MSTS;QPLIB_5881.qs;12;17;13067.0;13067.0;0.122951;2.580043;13067.0
1117;MSTS;QPLIB_5881.qs;12;18;13067.0;13067.0;0.125637;2.70568;13067.0
1118;MSTS;QPLIB_5881.qs;12;19;13067.0;13067.0;0.146405;2.852085;13067.0
1119;MSTS;QPLIB_5881.qs;12;20;13067.0;13067.0;0.141748;2.993833;13067.0
1120;MSTS;QPLIB_5881.qs;12;21;13067.0;13067.0;0.134522;3.128355;13067.0
1121;MSTS;QPLIB_5881.qs;12;22;13067.0;13067.0;0.19244;3.320795;13067.0
1122;MSTS;QPLIB_5881.qs;12;23;13067.0;13067.0;0.160759;3.481554;13067.0
1123;MSTS;QPLIB_5881.qs;12;24;13067.0;13067.0;0.163692;3.645246;13067.0
1124;MSTS;QPLIB_5881.qs;12;25;13051.0;13067.0;0.117673;3.762919;13067.0
1125;MSTS;QPLIB_5881.qs;12;26;13067.0;13067.0;0.126438;3.889357;13067.0
1126;MSTS;QPLIB_5881.qs;12;27;13067.0;13067.0;0.148509;4.037866;13067.0
1127;MSTS;QPLIB_5881.qs;12;28;13067.0;13067.0;0.126585;4.164451;13067.0
1128;MSTS;QPLIB_5881.qs;12;29;13051.0;13067.0;0.11617;4.280621;13067.0
1129;MSTS;QPLIB_5881.qs;12;30;13067.0;13067.0;0.201115;4.481736;13067.0
1130;MSTS;QPLIB_5881.qs;12;31;13067.0;13067.0;0.138037;4.619773;13067.0
1131;MSTS;QPLIB_5881.qs;12;32;13067.0;13067.0;0.140308;4.760081;13067.0
1132;MSTS;QPLIB_5881.qs;12;33;13067.0;13067.0;0.128219;4.8883;13067.0
1133;MSTS;QPLIB_5881.qs;12;34;13067.0;13067.0;0.131385;5.019685;13067.0
1134;MSTS;QPLIB_5881.qs;12;35;13067.0;13067.0;0.134524;5.154209;13067.0
1135;MSTS;QPLIB_5881.qs;12;36;13067.0;13067.0;0.168658;5.3228670000000005;13067.0
1136;MSTS;QPLIB_5881.qs;12;37;13067.0;13067.0;0.194478;5.517345;13067.0
1137;MSTS;QPLIB_5881.qs;12;38;13067.0;13067.0;0.251782;5.769127;13067.0
1138;MSTS;QPLIB_5881.qs;12;39;13067.0;13067.0;0.140499;5.909626;13067.0
1139;MSTS;QPLIB_5881.qs;12;40;13067.0;13067.0;0.143305;6.052931;13067.0
1140;MSTS;QPLIB_5881.qs;12;41;13067.0;13067.0;0.179786;6.232717;13067.0
1141;MSTS;QPLIB_5881.qs;12;42;13067.0;13067.0;0.183066;6.415783;13067.0
1142;MSTS;QPLIB_5881.qs;12;43;13067.0;13067.0;0.131296;6.547079;13067.0
1143;MSTS;QPLIB_5881.qs;12;44;13067.0;13067.0;0.133441;6.68052;13067.0
1144;MSTS;QPLIB_5881.qs;12;45;13067.0;13067.0;0.137828;6.818348;13067.0
1145;MSTS;QPLIB_5881.qs;12;46;13067.0;13067.0;0.127234;6.945582;13067.0
1146;MSTS;QPLIB_5881.qs;12;47;13067.0;13067.0;0.13398;7.079562;13067.0
1147;MSTS;QPLIB_5881.qs;12;48;13067.0;13067.0;0.111894;7.191456;13067.0
1148;MSTS;QPLIB_5881.qs;12;49;13067.0;13067.0;0.157556;7.349012;13067.0
1149;MSTS;QPLIB_5881.qs;12;50;13067.0;13067.0;0.131538;7.48055;13067.0
1150;MSTS;QPLIB_5881.qs;12;51;13067.0;13067.0;0.23164;7.71219;13067.0
1151;MSTS;QPLIB_5881.qs;12;52;13067.0;13067.0;0.16743;7.87962;13067.0
1152;MSTS;QPLIB_5881.qs;12;53;13067.0;13067.0;0.132173;8.011793;13067.0
1153;MSTS;QPLIB_5881.qs;12;54;13067.0;13067.0;0.173518;8.185311;13067.0
1154;MSTS;QPLIB_5881.qs;12;55;13067.0;13067.0;0.119752;8.305063;13067.0
1155;MSTS;QPLIB_5881.qs;12;56;13067.0;13067.0;0.250015;8.555078;13067.0
1156;MSTS;QPLIB_5881.qs;12;57;13067.0;13067.0;0.143402;8.69848;13067.0
1157;MSTS;QPLIB_5881.qs;12;58;13067.0;13067.0;0.118569;8.817049;13067.0
1158;MSTS;QPLIB_5881.qs;12;59;13067.0;13067.0;0.116592;8.933641;13067.0
1159;MSTS;QPLIB_5881.qs;12;60;13067.0;13067.0;0.122004;9.055645;13067.0
1160;MSTS;QPLIB_5881.qs;12;61;13067.0;13067.0;0.127998;9.183643;13067.0
1161;MSTS;QPLIB_5881.qs;12;62;13067.0;13067.0;0.198109;9.381752;13067.0
1162;MSTS;QPLIB_5881.qs;12;63;13067.0;13067.0;0.148125;9.529877;13067.0
1163;MSTS;QPLIB_5881.qs;12;64;13067.0;13067.0;0.185133;9.71501;13067.0
1164;MSTS;QPLIB_5881.qs;12;65;13067.0;13067.0;0.143036;9.858046;13067.0
1165;MSTS;QPLIB_5881.qs;12;66;13067.0;13067.0;0.174023;10.032069;13067.0
1166;MSTS;QPLIB_5881.qs;12;67;13051.0;13067.0;0.111189;10.143258;13067.0
1167;MSTS;QPLIB_5881.qs;12;68;13067.0;13067.0;0.115843;10.259101;13067.0
1168;MSTS;QPLIB_5881.qs;12;69;13067.0;13067.0;0.151912;10.411013;13067.0
1169;MSTS;QPLIB_5881.qs;12;70;13067.0;13067.0;0.136829;10.547842;13067.0
1170;MSTS;QPLIB_5881.qs;12;71;13067.0;13067.0;0.138574;10.686416;13067.0
1171;MSTS;QPLIB_5881.qs;12;72;13067.0;13067.0;0.117146;10.803562;13067.0
1172;MSTS;QPLIB_5881.qs;12;73;13067.0;13067.0;0.149373;10.952935;13067.0
1173;MSTS;QPLIB_5881.qs;12;74;13067.0;13067.0;0.130655;11.08359;13067.0
1174;MSTS;QPLIB_5881.qs;12;75;13067.0;13067.0;0.156717;11.240307;13067.0
1175;MSTS;QPLIB_5881.qs;12;76;13067.0;13067.0;0.150741;11.391048;13067.0
1176;MSTS;QPLIB_5881.qs;12;77;13067.0;13067.0;0.143733;11.534781;13067.0
1177;MSTS;QPLIB_5881.qs;12;78;13067.0;13067.0;0.117962;11.652743;13067.0
1178;MSTS;QPLIB_5881.qs;12;79;13067.0;13067.0;0.159779;11.812522;13067.0
1179;MSTS;QPLIB_5881.qs;12;80;13067.0;13067.0;0.146351;11.958873;13067.0
1180;MSTS;QPLIB_5881.qs;12;81;13067.0;13067.0;0.114186;12.073059;13067.0
1181;MSTS;QPLIB_5881.qs;12;82;13067.0;13067.0;0.131966;12.205025;13067.0
1182;MSTS;QPLIB_5881.qs;12;83;13067.0;13067.0;0.118516;12.323541;13067.0
1183;MSTS;QPLIB_5881.qs;12;84;13067.0;13067.0;0.16748;12.491021;13067.0
1184;MSTS;QPLIB_5881.qs;12;85;13067.0;13067.0;0.151626;12.642647;13067.0
1185;MSTS;QPLIB_5881.qs;12;86;13067.0;13067.0;0.115365;12.758012;13067.0
1186;MSTS;QPLIB_5881.qs;12;87;13067.0;13067.0;0.117674;12.875686;13067.0
1187;MSTS;QPLIB_5881.qs;12;88;13067.0;13067.0;0.123872;12.999558;13067.0
1188;MSTS;QPLIB_5881.qs;12;89;13067.0;13067.0;0.143773;13.143331;13067.0
1189;MSTS;QPLIB_5881.qs;12;90;13067.0;13067.0;0.149855;13.293186;13067.0
1190;MSTS;QPLIB_5881.qs;12;91;13067.0;13067.0;0.116709;13.409895;13067.0
1191;MSTS;QPLIB_5881.qs;12;92;13067.0;13067.0;0.147636;13.557530999999999;13067.0
1192;MSTS;QPLIB_5881.qs;12;93;13067.0;13067.0;0.114287;13.671818;13067.0
1193;MSTS;QPLIB_5881.qs;12;94;13067.0;13067.0;0.121358;13.793176;13067.0
1194;MSTS;QPLIB_5881.qs;12;95;13067.0;13067.0;0.115857;13.909032999999999;13067.0
1195;MSTS;QPLIB_5881.qs;12;96;13067.0;13067.0;0.11818;14.027213;13067.0
1196;MSTS;QPLIB_5881.qs;12;97;13067.0;13067.0;0.113451;14.140664;13067.0
1197;MSTS;QPLIB_5881.qs;12;98;13067.0;13067.0;0.119222;14.259886;13067.0
1198;MSTS;QPLIB_5881.qs;12;99;13067.0;13067.0;0.125511;14.385397;13067.0
1199;MSTS;QPLIB_5881.qs;12;100;13067.0;13067.0;0.18642;14.571817;13067.0
1200;MSTS;QPLIB_5881.qs;13;1;13067.0;13067.0;0.252535;0.252535;13067.0
1201;MSTS;QPLIB_5881.qs;13;2;13067.0;13067.0;0.15913;0.411665;13067.0
1202;MSTS;QPLIB_5881.qs;13;3;13067.0;13067.0;0.147095;0.55876;13067.0
1203;MSTS;QPLIB_5881.qs;13;4;13067.0;13067.0;0.129146;0.687906;13067.0
1204;MSTS;QPLIB_5881.qs;13;5;13067.0;13067.0;0.132551;0.820457;13067.0
1205;MSTS;QPLIB_5881.qs;13;6;13067.0;13067.0;0.169609;0.990066;13067.0
1206;MSTS;QPLIB_5881.qs;13;7;13060.0;13067.0;0.129672;1.1197380000000001;13067.0
1207;MSTS;QPLIB_5881.qs;13;8;13067.0;13067.0;0.114838;1.2345760000000001;13067.0
1208;MSTS;QPLIB_5881.qs;13;9;13067.0;13067.0;0.141501;1.376077;13067.0
1209;MSTS;QPLIB_5881.qs;13;10;13067.0;13067.0;0.117548;1.493625;13067.0
1210;MSTS;QPLIB_5881.qs;13;11;13067.0;13067.0;0.199833;1.6934580000000001;13067.0
1211;MSTS;QPLIB_5881.qs;13;12;13067.0;13067.0;0.119717;1.813175;13067.0
1212;MSTS;QPLIB_5881.qs;13;13;13067.0;13067.0;0.141833;1.955008;13067.0
1213;MSTS;QPLIB_5881.qs;13;14;13067.0;13067.0;0.156496;2.111504;13067.0
1214;MSTS;QPLIB_5881.qs;13;15;13067.0;13067.0;0.149457;2.260961;13067.0
1215;MSTS;QPLIB_5881.qs;13;16;13067.0;13067.0;0.150757;2.411718;13067.0
1216;MSTS;QPLIB_5881.qs;13;17;13067.0;13067.0;0.130769;2.542487;13067.0
1217;MSTS;QPLIB_5881.qs;13;18;13067.0;13067.0;0.126931;2.669418;13067.0
1218;MSTS;QPLIB_5881.qs;13;19;13067.0;13067.0;0.169025;2.838443;13067.0
1219;MSTS;QPLIB_5881.qs;13;20;13067.0;13067.0;0.117554;2.955997;13067.0
1220;MSTS;QPLIB_5881.qs;13;21;13067.0;13067.0;0.167415;3.123412;13067.0
1221;MSTS;QPLIB_5881.qs;13;22;13067.0;13067.0;0.156094;3.279506;13067.0
1222;MSTS;QPLIB_5881.qs;13;23;13067.0;13067.0;0.141227;3.4207330000000002;13067.0
1223;MSTS;QPLIB_5881.qs;13;24;13051.0;13067.0;0.112707;3.53344;13067.0
1224;MSTS;QPLIB_5881.qs;13;25;13051.0;13067.0;0.114468;3.647908;13067.0
1225;MSTS;QPLIB_5881.qs;13;26;13067.0;13067.0;0.146006;3.793914;13067.0
1226;MSTS;QPLIB_5881.qs;13;27;13067.0;13067.0;0.177805;3.971719;13067.0
1227;MSTS;QPLIB_5881.qs;13;28;13067.0;13067.0;0.149909;4.121628;13067.0
1228;MSTS;QPLIB_5881.qs;13;29;13067.0;13067.0;0.160825;4.282453;13067.0
1229;MSTS;QPLIB_5881.qs;13;30;13067.0;13067.0;0.169017;4.45147;13067.0
1230;MSTS;QPLIB_5881.qs;13;31;13067.0;13067.0;0.132562;4.584032;13067.0
1231;MSTS;QPLIB_5881.qs;13;32;13067.0;13067.0;0.134402;4.718434;13067.0
1232;MSTS;QPLIB_5881.qs;13;33;13067.0;13067.0;0.147553;4.865987;13067.0
1233;MSTS;QPLIB_5881.qs;13;34;13067.0;13067.0;0.113271;4.979258;13067.0
1234;MSTS;QPLIB_5881.qs;13;35;13067.0;13067.0;0.247803;5.227061;13067.0
1235;MSTS;QPLIB_5881.qs;13;36;13067.0;13067.0;0.143226;5.370287;13067.0
1236;MSTS;QPLIB_5881.qs;13;37;13051.0;13067.0;0.113106;5.4833929999999995;13067.0
1237;MSTS;QPLIB_5881.qs;13;38;13067.0;13067.0;0.127255;5.610648;13067.0
1238;MSTS;QPLIB_5881.qs;13;39;13067.0;13067.0;0.142239;5.752887;13067.0
1239;MSTS;QPLIB_5881.qs;13;40;13067.0;13067.0;0.114241;5.867128;13067.0
1240;MSTS;QPLIB_5881.qs;13;41;13067.0;13067.0;0.138277;6.005405;13067.0
1241;MSTS;QPLIB_5881.qs;13;42;13067.0;13067.0;0.147659;6.153064;13067.0
1242;MSTS;QPLIB_5881.qs;13;43;13067.0;13067.0;0.121281;6.274345;13067.0
1243;MSTS;QPLIB_5881.qs;13;44;13067.0;13067.0;0.137744;6.412089;13067.0
1244;MSTS;QPLIB_5881.qs;13;45;13067.0;13067.0;0.136535;6.548624;13067.0
1245;MSTS;QPLIB_5881.qs;13;46;13067.0;13067.0;0.136784;6.685408;13067.0
1246;MSTS;QPLIB_5881.qs;13;47;13067.0;13067.0;0.126489;6.811897;13067.0
1247;MSTS;QPLIB_5881.qs;13;48;13067.0;13067.0;0.138745;6.950642;13067.0
1248;MSTS;QPLIB_5881.qs;13;49;13067.0;13067.0;0.163559;7.1142009999999996;13067.0
1249;MSTS;QPLIB_5881.qs;13;50;13067.0;13067.0;0.130812;7.245013;13067.0
1250;MSTS;QPLIB_5881.qs;13;51;13067.0;13067.0;0.119084;7.364097;13067.0
1251;MSTS;QPLIB_5881.qs;13;52;13067.0;13067.0;0.150924;7.515021;13067.0
1252;MSTS;QPLIB_5881.qs;13;53;13067.0;13067.0;0.126337;7.641358;13067.0
1253;MSTS;QPLIB_5881.qs;13;54;13067.0;13067.0;0.132954;7.774312;13067.0
1254;MSTS;QPLIB_5881.qs;13;55;13051.0;13067.0;0.114174;7.888486;13067.0
1255;MSTS;QPLIB_5881.qs;13;56;13067.0;13067.0;0.12509;8.013576;13067.0
1256;MSTS;QPLIB_5881.qs;13;57;13067.0;13067.0;0.201156;8.214732;13067.0
1257;MSTS;QPLIB_5881.qs;13;58;13067.0;13067.0;0.124385;8.339117;13067.0
1258;MSTS;QPLIB_5881.qs;13;59;13067.0;13067.0;0.118109;8.457226;13067.0
1259;MSTS;QPLIB_5881.qs;13;60;13067.0;13067.0;0.112407;8.569633;13067.0
1260;MSTS;QPLIB_5881.qs;13;61;13067.0;13067.0;0.181923;8.751556;13067.0
1261;MSTS;QPLIB_5881.qs;13;62;13067.0;13067.0;0.135552;8.887108;13067.0
1262;MSTS;QPLIB_5881.qs;13;63;13067.0;13067.0;0.155232;9.04234;13067.0
1263;MSTS;QPLIB_5881.qs;13;64;13067.0;13067.0;0.131976;9.174316;13067.0
1264;MSTS;QPLIB_5881.qs;13;65;13067.0;13067.0;0.145824;9.32014;13067.0
1265;MSTS;QPLIB_5881.qs;13;66;13067.0;13067.0;0.13918;9.45932;13067.0
1266;MSTS;QPLIB_5881.qs;13;67;13067.0;13067.0;0.140037;9.599357;13067.0
1267;MSTS;QPLIB_5881.qs;13;68;13067.0;13067.0;0.113869;9.713226;13067.0
1268;MSTS;QPLIB_5881.qs;13;69;13067.0;13067.0;0.11704;9.830266;13067.0
1269;MSTS;QPLIB_5881.qs;13;70;13051.0;13067.0;0.112563;9.942829;13067.0
1270;MSTS;QPLIB_5881.qs;13;71;13067.0;13067.0;0.115587;10.058416;13067.0
1271;MSTS;QPLIB_5881.qs;13;72;13067.0;13067.0;0.133347;10.191763;13067.0
1272;MSTS;QPLIB_5881.qs;13;73;13067.0;13067.0;0.142861;10.334624;13067.0
1273;MSTS;QPLIB_5881.qs;13;74;13067.0;13067.0;0.118904;10.453528;13067.0
1274;MSTS;QPLIB_5881.qs;13;75;13067.0;13067.0;0.124475;10.578003;13067.0
1275;MSTS;QPLIB_5881.qs;13;76;13067.0;13067.0;0.122684;10.700687;13067.0
1276;MSTS;QPLIB_5881.qs;13;77;13067.0;13067.0;0.118648;10.819335;13067.0
1277;MSTS;QPLIB_5881.qs;13;78;13067.0;13067.0;0.207699;11.027034;13067.0
1278;MSTS;QPLIB_5881.qs;13;79;13067.0;13067.0;0.154403;11.181437;13067.0
1279;MSTS;QPLIB_5881.qs;13;80;13067.0;13067.0;0.119569;11.301006;13067.0
1280;MSTS;QPLIB_5881.qs;13;81;13067.0;13067.0;0.116779;11.417785;13067.0
1281;MSTS;QPLIB_5881.qs;13;82;13067.0;13067.0;0.233268;11.651053;13067.0
1282;MSTS;QPLIB_5881.qs;13;83;13067.0;13067.0;0.134688;11.785741;13067.0
1283;MSTS;QPLIB_5881.qs;13;84;13067.0;13067.0;0.176049;11.96179;13067.0
1284;MSTS;QPLIB_5881.qs;13;85;13067.0;13067.0;0.132861;12.094651;13067.0
1285;MSTS;QPLIB_5881.qs;13;86;13067.0;13067.0;0.142309;12.23696;13067.0
1286;MSTS;QPLIB_5881.qs;13;87;13067.0;13067.0;0.1162;12.35316;13067.0
1287;MSTS;QPLIB_5881.qs;13;88;13067.0;13067.0;0.132478;12.485638;13067.0
1288;MSTS;QPLIB_5881.qs;13;89;13067.0;13067.0;0.164816;12.650454;13067.0
1289;MSTS;QPLIB_5881.qs;13;90;13067.0;13067.0;0.13132;12.781774;13067.0
1290;MSTS;QPLIB_5881.qs;13;91;13067.0;13067.0;0.195323;12.977097;13067.0
1291;MSTS;QPLIB_5881.qs;13;92;13067.0;13067.0;0.11759;13.094687;13067.0
1292;MSTS;QPLIB_5881.qs;13;93;13067.0;13067.0;0.133871;13.228558;13067.0
1293;MSTS;QPLIB_5881.qs;13;94;13067.0;13067.0;0.136328;13.364886;13067.0
1294;MSTS;QPLIB_5881.qs;13;95;13067.0;13067.0;0.127458;13.492344;13067.0
1295;MSTS;QPLIB_5881.qs;13;96;13067.0;13067.0;0.191293;13.683637;13067.0
1296;MSTS;QPLIB_5881.qs;13;97;13067.0;13067.0;0.117433;13.80107;13067.0
1297;MSTS;QPLIB_5881.qs;13;98;13067.0;13067.0;0.152316;13.953386;13067.0
1298;MSTS;QPLIB_5881.qs;13;99;13067.0;13067.0;0.127142;14.080528;13067.0
1299;MSTS;QPLIB_5881.qs;13;100;13067.0;13067.0;0.122088;14.202616;13067.0
1300;MSTS;QPLIB_5881.qs;14;1;13067.0;13067.0;0.240198;0.240198;13067.0
1301;MSTS;QPLIB_5881.qs;14;2;13067.0;13067.0;0.138464;0.378662;13067.0
1302;MSTS;QPLIB_5881.qs;14;3;13067.0;13067.0;0.126625;0.505287;13067.0
1303;MSTS;QPLIB_5881.qs;14;4;13067.0;13067.0;0.132639;0.637926;13067.0
1304;MSTS;QPLIB_5881.qs;14;5;13067.0;13067.0;0.120675;0.758601;13067.0
1305;MSTS;QPLIB_5881.qs;14;6;13067.0;13067.0;0.135469;0.89407;13067.0
1306;MSTS;QPLIB_5881.qs;14;7;13067.0;13067.0;0.119888;1.013958;13067.0
1307;MSTS;QPLIB_5881.qs;14;8;13067.0;13067.0;0.122626;1.136584;13067.0
1308;MSTS;QPLIB_5881.qs;14;9;13067.0;13067.0;0.125904;1.262488;13067.0
1309;MSTS;QPLIB_5881.qs;14;10;13067.0;13067.0;0.162152;1.42464;13067.0
1310;MSTS;QPLIB_5881.qs;14;11;13067.0;13067.0;0.157075;1.581715;13067.0
1311;MSTS;QPLIB_5881.qs;14;12;13067.0;13067.0;0.116034;1.697749;13067.0
1312;MSTS;QPLIB_5881.qs;14;13;13067.0;13067.0;0.123759;1.821508;13067.0
1313;MSTS;QPLIB_5881.qs;14;14;13067.0;13067.0;0.158097;1.9796049999999998;13067.0
1314;MSTS;QPLIB_5881.qs;14;15;13067.0;13067.0;0.158444;2.138049;13067.0
1315;MSTS;QPLIB_5881.qs;14;16;13067.0;13067.0;0.123141;2.26119;13067.0
1316;MSTS;QPLIB_5881.qs;14;17;13067.0;13067.0;0.117022;2.378212;13067.0
1317;MSTS;QPLIB_5881.qs;14;18;13067.0;13067.0;0.12014;2.498352;13067.0
1318;MSTS;QPLIB_5881.qs;14;19;13067.0;13067.0;0.161497;2.659849;13067.0
1319;MSTS;QPLIB_5881.qs;14;20;13067.0;13067.0;0.119755;2.779604;13067.0
1320;MSTS;QPLIB_5881.qs;14;21;13067.0;13067.0;0.126134;2.905738;13067.0
1321;MSTS;QPLIB_5881.qs;14;22;13067.0;13067.0;0.12599;3.0317279999999998;13067.0
1322;MSTS;QPLIB_5881.qs;14;23;13067.0;13067.0;0.12677;3.158498;13067.0
1323;MSTS;QPLIB_5881.qs;14;24;13067.0;13067.0;0.129844;3.288342;13067.0
1324;MSTS;QPLIB_5881.qs;14;25;13067.0;13067.0;0.142737;3.431079;13067.0
1325;MSTS;QPLIB_5881.qs;14;26;13060.0;13067.0;0.172741;3.60382;13067.0
1326;MSTS;QPLIB_5881.qs;14;27;13067.0;13067.0;0.117482;3.721302;13067.0
1327;MSTS;QPLIB_5881.qs;14;28;13067.0;13067.0;0.198308;3.91961;13067.0
1328;MSTS;QPLIB_5881.qs;14;29;13067.0;13067.0;0.180793;4.100403;13067.0
1329;MSTS;QPLIB_5881.qs;14;30;13067.0;13067.0;0.136156;4.236559;13067.0
1330;MSTS;QPLIB_5881.qs;14;31;13051.0;13067.0;0.117845;4.354404;13067.0
1331;MSTS;QPLIB_5881.qs;14;32;13067.0;13067.0;0.12029;4.474694;13067.0
1332;MSTS;QPLIB_5881.qs;14;33;13067.0;13067.0;0.112963;4.587657;13067.0
1333;MSTS;QPLIB_5881.qs;14;34;13067.0;13067.0;0.128347;4.716004;13067.0
1334;MSTS;QPLIB_5881.qs;14;35;13067.0;13067.0;0.129068;4.845072;13067.0
1335;MSTS;QPLIB_5881.qs;14;36;13067.0;13067.0;0.163769;5.008841;13067.0
1336;MSTS;QPLIB_5881.qs;14;37;13067.0;13067.0;0.206377;5.215218;13067.0
1337;MSTS;QPLIB_5881.qs;14;38;13067.0;13067.0;0.147716;5.362934;13067.0
1338;MSTS;QPLIB_5881.qs;14;39;13051.0;13067.0;0.114093;5.477027;13067.0
1339;MSTS;QPLIB_5881.qs;14;40;13067.0;13067.0;0.160892;5.637919;13067.0
1340;MSTS;QPLIB_5881.qs;14;41;13067.0;13067.0;0.169839;5.807758;13067.0
1341;MSTS;QPLIB_5881.qs;14;42;13067.0;13067.0;0.213388;6.021146;13067.0
1342;MSTS;QPLIB_5881.qs;14;43;13067.0;13067.0;0.118035;6.139181;13067.0
1343;MSTS;QPLIB_5881.qs;14;44;13067.0;13067.0;0.145505;6.284686;13067.0
1344;MSTS;QPLIB_5881.qs;14;45;13067.0;13067.0;0.160478;6.445164;13067.0
1345;MSTS;QPLIB_5881.qs;14;46;13067.0;13067.0;0.198263;6.643427;13067.0
1346;MSTS;QPLIB_5881.qs;14;47;13067.0;13067.0;0.147213;6.79064;13067.0
1347;MSTS;QPLIB_5881.qs;14;48;13067.0;13067.0;0.13709;6.9277299999999995;13067.0
1348;MSTS;QPLIB_5881.qs;14;49;13051.0;13067.0;0.115057;7.042787;13067.0
1349;MSTS;QPLIB_5881.qs;14;50;13067.0;13067.0;0.154664;7.197451;13067.0
1350;MSTS;QPLIB_5881.qs;14;51;13067.0;13067.0;0.118421;7.315872;13067.0
1351;MSTS;QPLIB_5881.qs;14;52;13067.0;13067.0;0.15464;7.470512;13067.0
1352;MSTS;QPLIB_5881.qs;14;53;13067.0;13067.0;0.198733;7.669245;13067.0
1353;MSTS;QPLIB_5881.qs;14;54;13067.0;13067.0;0.119663;7.788908;13067.0
1354;MSTS;QPLIB_5881.qs;14;55;13067.0;13067.0;0.146846;7.935754;13067.0
1355;MSTS;QPLIB_5881.qs;14;56;13067.0;13067.0;0.125324;8.061078;13067.0
1356;MSTS;QPLIB_5881.qs;14;57;13067.0;13067.0;0.164109;8.225187;13067.0
1357;MSTS;QPLIB_5881.qs;14;58;13067.0;13067.0;0.130443;8.35563;13067.0
1358;MSTS;QPLIB_5881.qs;14;59;13067.0;13067.0;0.143125;8.498755;13067.0
1359;MSTS;QPLIB_5881.qs;14;60;13067.0;13067.0;0.152697;8.651451999999999;13067.0
1360;MSTS;QPLIB_5881.qs;14;61;13067.0;13067.0;0.182028;8.83348;13067.0
1361;MSTS;QPLIB_5881.qs;14;62;13060.0;13067.0;0.152133;8.985613;13067.0
1362;MSTS;QPLIB_5881.qs;14;63;13067.0;13067.0;0.118309;9.103922;13067.0
1363;MSTS;QPLIB_5881.qs;14;64;13051.0;13067.0;0.115025;9.218947;13067.0
1364;MSTS;QPLIB_5881.qs;14;65;13067.0;13067.0;0.119081;9.338028;13067.0
1365;MSTS;QPLIB_5881.qs;14;66;13067.0;13067.0;0.134321;9.472349;13067.0
1366;MSTS;QPLIB_5881.qs;14;67;13067.0;13067.0;0.211462;9.683811;13067.0
1367;MSTS;QPLIB_5881.qs;14;68;13067.0;13067.0;0.152915;9.836726;13067.0
1368;MSTS;QPLIB_5881.qs;14;69;13067.0;13067.0;0.180063;10.016789;13067.0
1369;MSTS;QPLIB_5881.qs;14;70;13067.0;13067.0;0.19028;10.207069;13067.0
1370;MSTS;QPLIB_5881.qs;14;71;13067.0;13067.0;0.213207;10.420276;13067.0
1371;MSTS;QPLIB_5881.qs;14;72;13067.0;13067.0;0.119659;10.539935;13067.0
1372;MSTS;QPLIB_5881.qs;14;73;13067.0;13067.0;0.134382;10.674317;13067.0
1373;MSTS;QPLIB_5881.qs;14;74;13067.0;13067.0;0.140464;10.814781;13067.0
1374;MSTS;QPLIB_5881.qs;14;75;13051.0;13067.0;0.116903;10.931684;13067.0
1375;MSTS;QPLIB_5881.qs;14;76;13067.0;13067.0;0.1234;11.055084;13067.0
1376;MSTS;QPLIB_5881.qs;14;77;13067.0;13067.0;0.123827;11.178911;13067.0
1377;MSTS;QPLIB_5881.qs;14;78;13067.0;13067.0;0.141447;11.320358;13067.0
1378;MSTS;QPLIB_5881.qs;14;79;13067.0;13067.0;0.125168;11.445526;13067.0
1379;MSTS;QPLIB_5881.qs;14;80;13067.0;13067.0;0.20643;11.651956;13067.0
1380;MSTS;QPLIB_5881.qs;14;81;13067.0;13067.0;0.132736;11.784692;13067.0
1381;MSTS;QPLIB_5881.qs;14;82;13051.0;13067.0;0.114135;11.898827;13067.0
1382;MSTS;QPLIB_5881.qs;14;83;13067.0;13067.0;0.119814;12.018641;13067.0
1383;MSTS;QPLIB_5881.qs;14;84;13067.0;13067.0;0.123615;12.142256;13067.0
1384;MSTS;QPLIB_5881.qs;14;85;13067.0;13067.0;0.162177;12.304433;13067.0
1385;MSTS;QPLIB_5881.qs;14;86;13067.0;13067.0;0.186794;12.491227;13067.0
1386;MSTS;QPLIB_5881.qs;14;87;13067.0;13067.0;0.140894;12.632121;13067.0
1387;MSTS;QPLIB_5881.qs;14;88;13067.0;13067.0;0.144806;12.776927;13067.0
1388;MSTS;QPLIB_5881.qs;14;89;13067.0;13067.0;0.158109;12.935036;13067.0
1389;MSTS;QPLIB_5881.qs;14;90;13067.0;13067.0;0.159803;13.094839;13067.0
1390;MSTS;QPLIB_5881.qs;14;91;13067.0;13067.0;0.129474;13.224313;13067.0
1391;MSTS;QPLIB_5881.qs;14;92;13067.0;13067.0;0.122839;13.347152;13067.0
1392;MSTS;QPLIB_5881.qs;14;93;13067.0;13067.0;0.136015;13.483167;13067.0
1393;MSTS;QPLIB_5881.qs;14;94;13067.0;13067.0;0.163163;13.64633;13067.0
1394;MSTS;QPLIB_5881.qs;14;95;13067.0;13067.0;0.189334;13.835664;13067.0
1395;MSTS;QPLIB_5881.qs;14;96;13067.0;13067.0;0.124564;13.960228;13067.0
1396;MSTS;QPLIB_5881.qs;14;97;13067.0;13067.0;0.150023;14.110251;13067.0
1397;MSTS;QPLIB_5881.qs;14;98;13067.0;13067.0;0.13105;14.241301;13067.0
1398;MSTS;QPLIB_5881.qs;14;99;13051.0;13067.0;0.115637;14.356938;13067.0
1399;MSTS;QPLIB_5881.qs;14;100;13067.0;13067.0;0.116484;14.473422;13067.0
1400;MSTS;QPLIB_5881.qs;15;1;13067.0;13067.0;0.229421;0.229421;13067.0
1401;MSTS;QPLIB_5881.qs;15;2;13067.0;13067.0;0.121117;0.350538;13067.0
1402;MSTS;QPLIB_5881.qs;15;3;13067.0;13067.0;0.19715;0.547688;13067.0
1403;MSTS;QPLIB_5881.qs;15;4;13067.0;13067.0;0.173554;0.721242;13067.0
1404;MSTS;QPLIB_5881.qs;15;5;13067.0;13067.0;0.137394;0.858636;13067.0
1405;MSTS;QPLIB_5881.qs;15;6;13067.0;13067.0;0.208595;1.067231;13067.0
1406;MSTS;QPLIB_5881.qs;15;7;13067.0;13067.0;0.122789;1.19002;13067.0
1407;MSTS;QPLIB_5881.qs;15;8;13067.0;13067.0;0.133129;1.323149;13067.0
1408;MSTS;QPLIB_5881.qs;15;9;13067.0;13067.0;0.175029;1.498178;13067.0
1409;MSTS;QPLIB_5881.qs;15;10;13067.0;13067.0;0.152782;1.65096;13067.0
1410;MSTS;QPLIB_5881.qs;15;11;13067.0;13067.0;0.118684;1.769644;13067.0
1411;MSTS;QPLIB_5881.qs;15;12;13067.0;13067.0;0.139795;1.9094389999999999;13067.0
1412;MSTS;QPLIB_5881.qs;15;13;13067.0;13067.0;0.17134;2.080779;13067.0
1413;MSTS;QPLIB_5881.qs;15;14;13067.0;13067.0;0.148218;2.228997;13067.0
1414;MSTS;QPLIB_5881.qs;15;15;13067.0;13067.0;0.132743;2.36174;13067.0
1415;MSTS;QPLIB_5881.qs;15;16;13067.0;13067.0;0.116125;2.477865;13067.0
1416;MSTS;QPLIB_5881.qs;15;17;13067.0;13067.0;0.128282;2.606147;13067.0
1417;MSTS;QPLIB_5881.qs;15;18;13067.0;13067.0;0.113783;2.71993;13067.0
1418;MSTS;QPLIB_5881.qs;15;19;13067.0;13067.0;0.200123;2.920053;13067.0
1419;MSTS;QPLIB_5881.qs;15;20;13067.0;13067.0;0.117108;3.0371609999999998;13067.0
1420;MSTS;QPLIB_5881.qs;15;21;13067.0;13067.0;0.134175;3.171336;13067.0
1421;MSTS;QPLIB_5881.qs;15;22;13067.0;13067.0;0.202776;3.3741120000000002;13067.0
1422;MSTS;QPLIB_5881.qs;15;23;13067.0;13067.0;0.121542;3.495654;13067.0
1423;MSTS;QPLIB_5881.qs;15;24;13051.0;13067.0;0.112594;3.608248;13067.0
1424;MSTS;QPLIB_5881.qs;15;25;13067.0;13067.0;0.154502;3.76275;13067.0
1425;MSTS;QPLIB_5881.qs;15;26;13067.0;13067.0;0.118416;3.881166;13067.0
1426;MSTS;QPLIB_5881.qs;15;27;13067.0;13067.0;0.140227;4.021393;13067.0
1427;MSTS;QPLIB_5881.qs;15;28;13067.0;13067.0;0.141724;4.163117;13067.0
1428;MSTS;QPLIB_5881.qs;15;29;13067.0;13067.0;0.122477;4.285594;13067.0
1429;MSTS;QPLIB_5881.qs;15;30;13067.0;13067.0;0.18878;4.474374;13067.0
1430;MSTS;QPLIB_5881.qs;15;31;13067.0;13067.0;0.13764;4.612014;13067.0
1431;MSTS;QPLIB_5881.qs;15;32;13067.0;13067.0;0.139636;4.75165;13067.0
1432;MSTS;QPLIB_5881.qs;15;33;13067.0;13067.0;0.117428;4.869078;13067.0
1433;MSTS;QPLIB_5881.qs;15;34;13067.0;13067.0;0.155212;5.02429;13067.0
1434;MSTS;QPLIB_5881.qs;15;35;13067.0;13067.0;0.131357;5.155647;13067.0
1435;MSTS;QPLIB_5881.qs;15;36;13067.0;13067.0;0.128633;5.28428;13067.0
1436;MSTS;QPLIB_5881.qs;15;37;13067.0;13067.0;0.144295;5.428575;13067.0
1437;MSTS;QPLIB_5881.qs;15;38;13067.0;13067.0;0.1433;5.571875;13067.0
1438;MSTS;QPLIB_5881.qs;15;39;13067.0;13067.0;0.116072;5.687947;13067.0
1439;MSTS;QPLIB_5881.qs;15;40;13067.0;13067.0;0.137846;5.825793;13067.0
1440;MSTS;QPLIB_5881.qs;15;41;13067.0;13067.0;0.152387;5.97818;13067.0
1441;MSTS;QPLIB_5881.qs;15;42;13051.0;13067.0;0.11636;6.09454;13067.0
1442;MSTS;QPLIB_5881.qs;15;43;13067.0;13067.0;0.148936;6.243476;13067.0
1443;MSTS;QPLIB_5881.qs;15;44;13067.0;13067.0;0.114714;6.3581900000000005;13067.0
1444;MSTS;QPLIB_5881.qs;15;45;13051.0;13067.0;0.112431;6.470621;13067.0
1445;MSTS;QPLIB_5881.qs;15;46;13051.0;13067.0;0.114342;6.584963;13067.0
1446;MSTS;QPLIB_5881.qs;15;47;13067.0;13067.0;0.123049;6.708012;13067.0
1447;MSTS;QPLIB_5881.qs;15;48;13067.0;13067.0;0.119122;6.827134;13067.0
1448;MSTS;QPLIB_5881.qs;15;49;13067.0;13067.0;0.147105;6.974239;13067.0
1449;MSTS;QPLIB_5881.qs;15;50;13067.0;13067.0;0.141199;7.115438;13067.0
1450;MSTS;QPLIB_5881.qs;15;51;13067.0;13067.0;0.191539;7.306977;13067.0
1451;MSTS;QPLIB_5881.qs;15;52;13067.0;13067.0;0.137821;7.4447980000000005;13067.0
1452;MSTS;QPLIB_5881.qs;15;53;13067.0;13067.0;0.159711;7.604509;13067.0
1453;MSTS;QPLIB_5881.qs;15;54;13067.0;13067.0;0.149343;7.753852;13067.0
1454;MSTS;QPLIB_5881.qs;15;55;13067.0;13067.0;0.113655;7.867507;13067.0
1455;MSTS;QPLIB_5881.qs;15;56;13067.0;13067.0;0.156444;8.023951;13067.0
1456;MSTS;QPLIB_5881.qs;15;57;13067.0;13067.0;0.115873;8.139824;13067.0
1457;MSTS;QPLIB_5881.qs;15;58;13067.0;13067.0;0.122442;8.262266;13067.0
1458;MSTS;QPLIB_5881.qs;15;59;13067.0;13067.0;0.147839;8.410105;13067.0
1459;MSTS;QPLIB_5881.qs;15;60;13067.0;13067.0;0.149991;8.560096;13067.0
1460;MSTS;QPLIB_5881.qs;15;61;13067.0;13067.0;0.132289;8.692385;13067.0
1461;MSTS;QPLIB_5881.qs;15;62;13067.0;13067.0;0.200189;8.892574;13067.0
1462;MSTS;QPLIB_5881.qs;15;63;13067.0;13067.0;0.177424;9.069998;13067.0
1463;MSTS;QPLIB_5881.qs;15;64;13067.0;13067.0;0.131798;9.201796;13067.0
1464;MSTS;QPLIB_5881.qs;15;65;13067.0;13067.0;0.180186;9.381982;13067.0
1465;MSTS;QPLIB_5881.qs;15;66;13051.0;13067.0;0.114821;9.496803;13067.0
1466;MSTS;QPLIB_5881.qs;15;67;13067.0;13067.0;0.119851;9.616654;13067.0
1467;MSTS;QPLIB_5881.qs;15;68;13067.0;13067.0;0.120829;9.737483;13067.0
1468;MSTS;QPLIB_5881.qs;15;69;13067.0;13067.0;0.17081;9.908293;13067.0
1469;MSTS;QPLIB_5881.qs;15;70;13067.0;13067.0;0.123665;10.031958;13067.0
1470;MSTS;QPLIB_5881.qs;15;71;13067.0;13067.0;0.196817;10.228775;13067.0
1471;MSTS;QPLIB_5881.qs;15;72;13067.0;13067.0;0.11602;10.344795;13067.0
1472;MSTS;QPLIB_5881.qs;15;73;13067.0;13067.0;0.169139;10.513934;13067.0
1473;MSTS;QPLIB_5881.qs;15;74;13067.0;13067.0;0.114392;10.628326;13067.0
1474;MSTS;QPLIB_5881.qs;15;75;13067.0;13067.0;0.173447;10.801773;13067.0
1475;MSTS;QPLIB_5881.qs;15;76;13067.0;13067.0;0.111529;10.913302;13067.0
1476;MSTS;QPLIB_5881.qs;15;77;13067.0;13067.0;0.136269;11.049571;13067.0
1477;MSTS;QPLIB_5881.qs;15;78;13067.0;13067.0;0.196139;11.24571;13067.0
1478;MSTS;QPLIB_5881.qs;15;79;13067.0;13067.0;0.126765;11.372475;13067.0
1479;MSTS;QPLIB_5881.qs;15;80;13067.0;13067.0;0.129481;11.501956;13067.0
1480;MSTS;QPLIB_5881.qs;15;81;13067.0;13067.0;0.147253;11.649209;13067.0
1481;MSTS;QPLIB_5881.qs;15;82;13067.0;13067.0;0.122478;11.771687;13067.0
1482;MSTS;QPLIB_5881.qs;15;83;13067.0;13067.0;0.130036;11.901723;13067.0
1483;MSTS;QPLIB_5881.qs;15;84;13067.0;13067.0;0.152072;12.053795000000001;13067.0
1484;MSTS;QPLIB_5881.qs;15;85;13067.0;13067.0;0.155176;12.208971;13067.0
1485;MSTS;QPLIB_5881.qs;15;86;13067.0;13067.0;0.163809;12.37278;13067.0
1486;MSTS;QPLIB_5881.qs;15;87;13067.0;13067.0;0.122687;12.495467;13067.0
1487;MSTS;QPLIB_5881.qs;15;88;13067.0;13067.0;0.116197;12.611664;13067.0
1488;MSTS;QPLIB_5881.qs;15;89;13067.0;13067.0;0.118168;12.729832;13067.0
1489;MSTS;QPLIB_5881.qs;15;90;13067.0;13067.0;0.153721;12.883553000000001;13067.0
1490;MSTS;QPLIB_5881.qs;15;91;13067.0;13067.0;0.116629;13.000182;13067.0
1491;MSTS;QPLIB_5881.qs;15;92;13060.0;13067.0;0.117344;13.117526;13067.0
1492;MSTS;QPLIB_5881.qs;15;93;13067.0;13067.0;0.117067;13.234593;13067.0
1493;MSTS;QPLIB_5881.qs;15;94;13067.0;13067.0;0.182106;13.416699;13067.0
1494;MSTS;QPLIB_5881.qs;15;95;13067.0;13067.0;0.194607;13.611306;13067.0
1495;MSTS;QPLIB_5881.qs;15;96;13067.0;13067.0;0.154549;13.765855;13067.0
1496;MSTS;QPLIB_5881.qs;15;97;13067.0;13067.0;0.131841;13.897696;13067.0
1497;MSTS;QPLIB_5881.qs;15;98;13067.0;13067.0;0.149053;14.046749;13067.0
1498;MSTS;QPLIB_5881.qs;15;99;13060.0;13067.0;0.131737;14.178486;13067.0
1499;MSTS;QPLIB_5881.qs;15;100;13067.0;13067.0;0.117045;14.295531;13067.0
1500;MSTS;QPLIB_5881.qs;16;1;13067.0;13067.0;0.240845;0.240845;13067.0
1501;MSTS;QPLIB_5881.qs;16;2;13067.0;13067.0;0.121052;0.361897;13067.0
1502;MSTS;QPLIB_5881.qs;16;3;13051.0;13067.0;0.109802;0.471699;13067.0
1503;MSTS;QPLIB_5881.qs;16;4;13067.0;13067.0;0.111702;0.5834010000000001;13067.0
1504;MSTS;QPLIB_5881.qs;16;5;13067.0;13067.0;0.16564;0.7490410000000001;13067.0
1505;MSTS;QPLIB_5881.qs;16;6;13067.0;13067.0;0.119259;0.8683000000000001;13067.0
1506;MSTS;QPLIB_5881.qs;16;7;13067.0;13067.0;0.148773;1.017073;13067.0
1507;MSTS;QPLIB_5881.qs;16;8;13051.0;13067.0;0.114563;1.131636;13067.0
1508;MSTS;QPLIB_5881.qs;16;9;13060.0;13067.0;0.118413;1.250049;13067.0
1509;MSTS;QPLIB_5881.qs;16;10;13067.0;13067.0;0.112866;1.362915;13067.0
1510;MSTS;QPLIB_5881.qs;16;11;13067.0;13067.0;0.150803;1.513718;13067.0
1511;MSTS;QPLIB_5881.qs;16;12;13067.0;13067.0;0.15727;1.670988;13067.0
1512;MSTS;QPLIB_5881.qs;16;13;13067.0;13067.0;0.188271;1.859259;13067.0
1513;MSTS;QPLIB_5881.qs;16;14;13051.0;13067.0;0.115744;1.975003;13067.0
1514;MSTS;QPLIB_5881.qs;16;15;13067.0;13067.0;0.114528;2.089531;13067.0
1515;MSTS;QPLIB_5881.qs;16;16;13067.0;13067.0;0.151878;2.241409;13067.0
1516;MSTS;QPLIB_5881.qs;16;17;13067.0;13067.0;0.115316;2.356725;13067.0
1517;MSTS;QPLIB_5881.qs;16;18;13067.0;13067.0;0.157263;2.513988;13067.0
1518;MSTS;QPLIB_5881.qs;16;19;13067.0;13067.0;0.184486;2.698474;13067.0
1519;MSTS;QPLIB_5881.qs;16;20;13067.0;13067.0;0.149694;2.848168;13067.0
1520;MSTS;QPLIB_5881.qs;16;21;13067.0;13067.0;0.168865;3.017033;13067.0
1521;MSTS;QPLIB_5881.qs;16;22;13067.0;13067.0;0.153934;3.170967;13067.0
1522;MSTS;QPLIB_5881.qs;16;23;13067.0;13067.0;0.126779;3.297746;13067.0
1523;MSTS;QPLIB_5881.qs;16;24;13067.0;13067.0;0.139096;3.436842;13067.0
1524;MSTS;QPLIB_5881.qs;16;25;13067.0;13067.0;0.138437;3.575279;13067.0
1525;MSTS;QPLIB_5881.qs;16;26;13067.0;13067.0;0.142991;3.71827;13067.0
1526;MSTS;QPLIB_5881.qs;16;27;13067.0;13067.0;0.173366;3.891636;13067.0
1527;MSTS;QPLIB_5881.qs;16;28;13067.0;13067.0;0.131955;4.023591;13067.0
1528;MSTS;QPLIB_5881.qs;16;29;13067.0;13067.0;0.11574;4.139331;13067.0
1529;MSTS;QPLIB_5881.qs;16;30;13067.0;13067.0;0.134109;4.27344;13067.0
1530;MSTS;QPLIB_5881.qs;16;31;13067.0;13067.0;0.124574;4.398014;13067.0
1531;MSTS;QPLIB_5881.qs;16;32;13067.0;13067.0;0.125206;4.52322;13067.0
1532;MSTS;QPLIB_5881.qs;16;33;13067.0;13067.0;0.135919;4.659139;13067.0
1533;MSTS;QPLIB_5881.qs;16;34;13067.0;13067.0;0.20079;4.859929;13067.0
1534;MSTS;QPLIB_5881.qs;16;35;13067.0;13067.0;0.170868;5.030797;13067.0
1535;MSTS;QPLIB_5881.qs;16;36;13067.0;13067.0;0.125499;5.156296;13067.0
1536;MSTS;QPLIB_5881.qs;16;37;13067.0;13067.0;0.123826;5.2801219999999995;13067.0
1537;MSTS;QPLIB_5881.qs;16;38;13067.0;13067.0;0.121242;5.401364;13067.0
1538;MSTS;QPLIB_5881.qs;16;39;13067.0;13067.0;0.168846;5.57021;13067.0
1539;MSTS;QPLIB_5881.qs;16;40;13051.0;13067.0;0.110992;5.681202;13067.0
1540;MSTS;QPLIB_5881.qs;16;41;13067.0;13067.0;0.11981;5.801012;13067.0
1541;MSTS;QPLIB_5881.qs;16;42;13067.0;13067.0;0.140459;5.941471;13067.0
1542;MSTS;QPLIB_5881.qs;16;43;13067.0;13067.0;0.15295;6.094421;13067.0
1543;MSTS;QPLIB_5881.qs;16;44;13067.0;13067.0;0.122519;6.21694;13067.0
1544;MSTS;QPLIB_5881.qs;16;45;13067.0;13067.0;0.194635;6.411575;13067.0
1545;MSTS;QPLIB_5881.qs;16;46;13067.0;13067.0;0.143942;6.555517;13067.0
1546;MSTS;QPLIB_5881.qs;16;47;13067.0;13067.0;0.175372;6.730889;13067.0
1547;MSTS;QPLIB_5881.qs;16;48;13067.0;13067.0;0.130546;6.861435;13067.0
1548;MSTS;QPLIB_5881.qs;16;49;13067.0;13067.0;0.128725;6.99016;13067.0
1549;MSTS;QPLIB_5881.qs;16;50;13067.0;13067.0;0.117035;7.107195;13067.0
1550;MSTS;QPLIB_5881.qs;16;51;13067.0;13067.0;0.116957;7.224152;13067.0
1551;MSTS;QPLIB_5881.qs;16;52;13067.0;13067.0;0.140183;7.364335;13067.0
1552;MSTS;QPLIB_5881.qs;16;53;13067.0;13067.0;0.130467;7.494802;13067.0
1553;MSTS;QPLIB_5881.qs;16;54;13067.0;13067.0;0.135827;7.630629;13067.0
1554;MSTS;QPLIB_5881.qs;16;55;13067.0;13067.0;0.142299;7.772928;13067.0
1555;MSTS;QPLIB_5881.qs;16;56;13067.0;13067.0;0.126383;7.899311;13067.0
1556;MSTS;QPLIB_5881.qs;16;57;13067.0;13067.0;0.154873;8.054184;13067.0
1557;MSTS;QPLIB_5881.qs;16;58;13067.0;13067.0;0.190215;8.244399;13067.0
1558;MSTS;QPLIB_5881.qs;16;59;13067.0;13067.0;0.155308;8.399707;13067.0
1559;MSTS;QPLIB_5881.qs;16;60;13067.0;13067.0;0.173887;8.573594;13067.0
1560;MSTS;QPLIB_5881.qs;16;61;13067.0;13067.0;0.122729;8.696323;13067.0
1561;MSTS;QPLIB_5881.qs;16;62;13067.0;13067.0;0.14187;8.838193;13067.0
1562;MSTS;QPLIB_5881.qs;16;63;13067.0;13067.0;0.131496;8.969689;13067.0
1563;MSTS;QPLIB_5881.qs;16;64;13067.0;13067.0;0.122738;9.092427;13067.0
1564;MSTS;QPLIB_5881.qs;16;65;13067.0;13067.0;0.128929;9.221356;13067.0
1565;MSTS;QPLIB_5881.qs;16;66;13067.0;13067.0;0.205054;9.42641;13067.0
1566;MSTS;QPLIB_5881.qs;16;67;13067.0;13067.0;0.116316;9.542726;13067.0
1567;MSTS;QPLIB_5881.qs;16;68;13067.0;13067.0;0.149578;9.692304;13067.0
1568;MSTS;QPLIB_5881.qs;16;69;13067.0;13067.0;0.191257;9.883561;13067.0
1569;MSTS;QPLIB_5881.qs;16;70;13067.0;13067.0;0.17469;10.058251;13067.0
1570;MSTS;QPLIB_5881.qs;16;71;13067.0;13067.0;0.148965;10.207216;13067.0
1571;MSTS;QPLIB_5881.qs;16;72;13067.0;13067.0;0.144996;10.352212;13067.0
1572;MSTS;QPLIB_5881.qs;16;73;13067.0;13067.0;0.179817;10.532029;13067.0
1573;MSTS;QPLIB_5881.qs;16;74;13067.0;13067.0;0.160177;10.692206;13067.0
1574;MSTS;QPLIB_5881.qs;16;75;13067.0;13067.0;0.124689;10.816895;13067.0
1575;MSTS;QPLIB_5881.qs;16;76;13067.0;13067.0;0.118675;10.93557;13067.0
1576;MSTS;QPLIB_5881.qs;16;77;13067.0;13067.0;0.12341;11.05898;13067.0
1577;MSTS;QPLIB_5881.qs;16;78;13067.0;13067.0;0.118471;11.177451;13067.0
1578;MSTS;QPLIB_5881.qs;16;79;13067.0;13067.0;0.170815;11.348266;13067.0
1579;MSTS;QPLIB_5881.qs;16;80;13067.0;13067.0;0.149184;11.49745;13067.0
1580;MSTS;QPLIB_5881.qs;16;81;13067.0;13067.0;0.122226;11.619676;13067.0
1581;MSTS;QPLIB_5881.qs;16;82;13067.0;13067.0;0.113502;11.733178;13067.0
1582;MSTS;QPLIB_5881.qs;16;83;13067.0;13067.0;0.169875;11.903053;13067.0
1583;MSTS;QPLIB_5881.qs;16;84;13067.0;13067.0;0.19251;12.095563;13067.0
1584;MSTS;QPLIB_5881.qs;16;85;13067.0;13067.0;0.114591;12.210154;13067.0
1585;MSTS;QPLIB_5881.qs;16;86;13067.0;13067.0;0.153469;12.363623;13067.0
1586;MSTS;QPLIB_5881.qs;16;87;13051.0;13067.0;0.112293;12.475916;13067.0
1587;MSTS;QPLIB_5881.qs;16;88;13067.0;13067.0;0.141606;12.617522;13067.0
1588;MSTS;QPLIB_5881.qs;16;89;13067.0;13067.0;0.131557;12.749079;13067.0
1589;MSTS;QPLIB_5881.qs;16;90;13067.0;13067.0;0.198736;12.947815;13067.0
1590;MSTS;QPLIB_5881.qs;16;91;13067.0;13067.0;0.188092;13.135907;13067.0
1591;MSTS;QPLIB_5881.qs;16;92;13067.0;13067.0;0.16506;13.300967;13067.0
1592;MSTS;QPLIB_5881.qs;16;93;13067.0;13067.0;0.132102;13.433069;13067.0
1593;MSTS;QPLIB_5881.qs;16;94;13067.0;13067.0;0.149858;13.582927;13067.0
1594;MSTS;QPLIB_5881.qs;16;95;13051.0;13067.0;0.114611;13.697538;13067.0
1595;MSTS;QPLIB_5881.qs;16;96;13067.0;13067.0;0.111441;13.808979;13067.0
1596;MSTS;QPLIB_5881.qs;16;97;13067.0;13067.0;0.129982;13.938961;13067.0
1597;MSTS;QPLIB_5881.qs;16;98;13067.0;13067.0;0.115842;14.054803;13067.0
1598;MSTS;QPLIB_5881.qs;16;99;13067.0;13067.0;0.122102;14.176905;13067.0
1599;MSTS;QPLIB_5881.qs;16;100;13067.0;13067.0;0.15222;14.329125;13067.0
1600;MSTS;QPLIB_5881.qs;17;1;13067.0;13067.0;0.240286;0.240286;13067.0
1601;MSTS;QPLIB_5881.qs;17;2;13067.0;13067.0;0.123124;0.36341;13067.0
1602;MSTS;QPLIB_5881.qs;17;3;13067.0;13067.0;0.136617;0.500027;13067.0
1603;MSTS;QPLIB_5881.qs;17;4;13067.0;13067.0;0.157441;0.6574679999999999;13067.0
1604;MSTS;QPLIB_5881.qs;17;5;13060.0;13067.0;0.131997;0.789465;13067.0
1605;MSTS;QPLIB_5881.qs;17;6;13067.0;13067.0;0.118949;0.908414;13067.0
1606;MSTS;QPLIB_5881.qs;17;7;13067.0;13067.0;0.131396;1.0398100000000001;13067.0
1607;MSTS;QPLIB_5881.qs;17;8;13067.0;13067.0;0.132267;1.172077;13067.0
1608;MSTS;QPLIB_5881.qs;17;9;13067.0;13067.0;0.170808;1.3428849999999999;13067.0
1609;MSTS;QPLIB_5881.qs;17;10;13067.0;13067.0;0.117551;1.460436;13067.0
1610;MSTS;QPLIB_5881.qs;17;11;13067.0;13067.0;0.117853;1.578289;13067.0
1611;MSTS;QPLIB_5881.qs;17;12;13060.0;13067.0;0.133114;1.711403;13067.0
1612;MSTS;QPLIB_5881.qs;17;13;13067.0;13067.0;0.120138;1.831541;13067.0
1613;MSTS;QPLIB_5881.qs;17;14;13067.0;13067.0;0.175065;2.006606;13067.0
1614;MSTS;QPLIB_5881.qs;17;15;13067.0;13067.0;0.174674;2.18128;13067.0
1615;MSTS;QPLIB_5881.qs;17;16;13067.0;13067.0;0.159951;2.341231;13067.0
1616;MSTS;QPLIB_5881.qs;17;17;13067.0;13067.0;0.12477;2.466001;13067.0
1617;MSTS;QPLIB_5881.qs;17;18;13067.0;13067.0;0.156324;2.622325;13067.0
1618;MSTS;QPLIB_5881.qs;17;19;13067.0;13067.0;0.173045;2.79537;13067.0
1619;MSTS;QPLIB_5881.qs;17;20;13067.0;13067.0;0.152997;2.948367;13067.0
1620;MSTS;QPLIB_5881.qs;17;21;13067.0;13067.0;0.143195;3.091562;13067.0
1621;MSTS;QPLIB_5881.qs;17;22;13067.0;13067.0;0.132506;3.224068;13067.0
1622;MSTS;QPLIB_5881.qs;17;23;13067.0;13067.0;0.139253;3.363321;13067.0
1623;MSTS;QPLIB_5881.qs;17;24;13067.0;13067.0;0.124015;3.487336;13067.0
1624;MSTS;QPLIB_5881.qs;17;25;13067.0;13067.0;0.165459;3.6527950000000002;13067.0
1625;MSTS;QPLIB_5881.qs;17;26;13067.0;13067.0;0.192116;3.844911;13067.0
1626;MSTS;QPLIB_5881.qs;17;27;13067.0;13067.0;0.167409;4.01232;13067.0
1627;MSTS;QPLIB_5881.qs;17;28;13051.0;13067.0;0.116021;4.128341;13067.0
1628;MSTS;QPLIB_5881.qs;17;29;13067.0;13067.0;0.137181;4.265522;13067.0
1629;MSTS;QPLIB_5881.qs;17;30;13067.0;13067.0;0.138257;4.403779;13067.0
1630;MSTS;QPLIB_5881.qs;17;31;13067.0;13067.0;0.119595;4.5233740000000004;13067.0
1631;MSTS;QPLIB_5881.qs;17;32;13060.0;13067.0;0.185424;4.708798;13067.0
1632;MSTS;QPLIB_5881.qs;17;33;13067.0;13067.0;0.118455;4.827253;13067.0
1633;MSTS;QPLIB_5881.qs;17;34;13067.0;13067.0;0.179524;5.006777;13067.0
1634;MSTS;QPLIB_5881.qs;17;35;13067.0;13067.0;0.121924;5.128701;13067.0
1635;MSTS;QPLIB_5881.qs;17;36;13067.0;13067.0;0.136622;5.265323;13067.0
1636;MSTS;QPLIB_5881.qs;17;37;13067.0;13067.0;0.131949;5.397272;13067.0
1637;MSTS;QPLIB_5881.qs;17;38;13067.0;13067.0;0.132107;5.5293790000000005;13067.0
1638;MSTS;QPLIB_5881.qs;17;39;13067.0;13067.0;0.116074;5.645453;13067.0
1639;MSTS;QPLIB_5881.qs;17;40;13067.0;13067.0;0.131589;5.777042;13067.0
1640;MSTS;QPLIB_5881.qs;17;41;13067.0;13067.0;0.153649;5.930691;13067.0
1641;MSTS;QPLIB_5881.qs;17;42;13067.0;13067.0;0.160823;6.091514;13067.0
1642;MSTS;QPLIB_5881.qs;17;43;13067.0;13067.0;0.159394;6.250908;13067.0
1643;MSTS;QPLIB_5881.qs;17;44;13067.0;13067.0;0.152014;6.402922;13067.0
1644;MSTS;QPLIB_5881.qs;17;45;13067.0;13067.0;0.146213;6.549135;13067.0
1645;MSTS;QPLIB_5881.qs;17;46;13067.0;13067.0;0.166396;6.715531;13067.0
1646;MSTS;QPLIB_5881.qs;17;47;13067.0;13067.0;0.128865;6.844396;13067.0
1647;MSTS;QPLIB_5881.qs;17;48;13067.0;13067.0;0.17798;7.022376;13067.0
1648;MSTS;QPLIB_5881.qs;17;49;13067.0;13067.0;0.165812;7.188188;13067.0
1649;MSTS;QPLIB_5881.qs;17;50;13067.0;13067.0;0.136017;7.324205;13067.0
1650;MSTS;QPLIB_5881.qs;17;51;13067.0;13067.0;0.132351;7.456556;13067.0
1651;MSTS;QPLIB_5881.qs;17;52;13067.0;13067.0;0.20417;7.660726;13067.0
1652;MSTS;QPLIB_5881.qs;17;53;13067.0;13067.0;0.120554;7.78128;13067.0
1653;MSTS;QPLIB_5881.qs;17;54;13067.0;13067.0;0.139983;7.921263;13067.0
1654;MSTS;QPLIB_5881.qs;17;55;13067.0;13067.0;0.163126;8.084389;13067.0
1655;MSTS;QPLIB_5881.qs;17;56;13060.0;13067.0;0.173367;8.257756;13067.0
1656;MSTS;QPLIB_5881.qs;17;57;13067.0;13067.0;0.124166;8.381922;13067.0
1657;MSTS;QPLIB_5881.qs;17;58;13067.0;13067.0;0.128945;8.510867;13067.0
1658;MSTS;QPLIB_5881.qs;17;59;13051.0;13067.0;0.116809;8.627676;13067.0
1659;MSTS;QPLIB_5881.qs;17;60;13067.0;13067.0;0.132182;8.759858;13067.0
1660;MSTS;QPLIB_5881.qs;17;61;13067.0;13067.0;0.165049;8.924907;13067.0
1661;MSTS;QPLIB_5881.qs;17;62;13067.0;13067.0;0.123304;9.048211;13067.0
1662;MSTS;QPLIB_5881.qs;17;63;13067.0;13067.0;0.130479;9.17869;13067.0
1663;MSTS;QPLIB_5881.qs;17;64;13067.0;13067.0;0.153459;9.332149;13067.0
1664;MSTS;QPLIB_5881.qs;17;65;13067.0;13067.0;0.12281;9.454959;13067.0
1665;MSTS;QPLIB_5881.qs;17;66;13067.0;13067.0;0.161218;9.616177;13067.0
1666;MSTS;QPLIB_5881.qs;17;67;13067.0;13067.0;0.191647;9.807824;13067.0
1667;MSTS;QPLIB_5881.qs;17;68;13067.0;13067.0;0.206216;10.01404;13067.0
1668;MSTS;QPLIB_5881.qs;17;69;13067.0;13067.0;0.155789;10.169829;13067.0
1669;MSTS;QPLIB_5881.qs;17;70;13051.0;13067.0;0.11771;10.287539;13067.0
1670;MSTS;QPLIB_5881.qs;17;71;13067.0;13067.0;0.124;10.411539;13067.0
1671;MSTS;QPLIB_5881.qs;17;72;13067.0;13067.0;0.162389;10.573928;13067.0
1672;MSTS;QPLIB_5881.qs;17;73;13067.0;13067.0;0.13369;10.707618;13067.0
1673;MSTS;QPLIB_5881.qs;17;74;13067.0;13067.0;0.180363;10.887981;13067.0
1674;MSTS;QPLIB_5881.qs;17;75;13067.0;13067.0;0.167804;11.055785;13067.0
1675;MSTS;QPLIB_5881.qs;17;76;13067.0;13067.0;0.130758;11.186543;13067.0
1676;MSTS;QPLIB_5881.qs;17;77;13051.0;13067.0;0.11833;11.304873;13067.0
1677;MSTS;QPLIB_5881.qs;17;78;13067.0;13067.0;0.131899;11.436772;13067.0
1678;MSTS;QPLIB_5881.qs;17;79;13067.0;13067.0;0.162709;11.599481;13067.0
1679;MSTS;QPLIB_5881.qs;17;80;13067.0;13067.0;0.127404;11.726885;13067.0
1680;MSTS;QPLIB_5881.qs;17;81;13067.0;13067.0;0.123422;11.850307;13067.0
1681;MSTS;QPLIB_5881.qs;17;82;13067.0;13067.0;0.146675;11.996982000000001;13067.0
1682;MSTS;QPLIB_5881.qs;17;83;13067.0;13067.0;0.123211;12.120193;13067.0
1683;MSTS;QPLIB_5881.qs;17;84;13067.0;13067.0;0.145603;12.265796;13067.0
1684;MSTS;QPLIB_5881.qs;17;85;13067.0;13067.0;0.156161;12.421957;13067.0
1685;MSTS;QPLIB_5881.qs;17;86;13067.0;13067.0;0.122503;12.54446;13067.0
1686;MSTS;QPLIB_5881.qs;17;87;13067.0;13067.0;0.135772;12.680232;13067.0
1687;MSTS;QPLIB_5881.qs;17;88;13067.0;13067.0;0.19771;12.877942000000001;13067.0
1688;MSTS;QPLIB_5881.qs;17;89;13067.0;13067.0;0.187981;13.065923;13067.0
1689;MSTS;QPLIB_5881.qs;17;90;13067.0;13067.0;0.164692;13.230615;13067.0
1690;MSTS;QPLIB_5881.qs;17;91;13067.0;13067.0;0.130867;13.361482;13067.0
1691;MSTS;QPLIB_5881.qs;17;92;13067.0;13067.0;0.166856;13.528338;13067.0
1692;MSTS;QPLIB_5881.qs;17;93;13067.0;13067.0;0.215547;13.743885;13067.0
1693;MSTS;QPLIB_5881.qs;17;94;13051.0;13067.0;0.12193;13.865815;13067.0
1694;MSTS;QPLIB_5881.qs;17;95;13067.0;13067.0;0.12465;13.990465;13067.0
1695;MSTS;QPLIB_5881.qs;17;96;13067.0;13067.0;0.209224;14.199689;13067.0
1696;MSTS;QPLIB_5881.qs;17;97;13067.0;13067.0;0.149767;14.349456;13067.0
1697;MSTS;QPLIB_5881.qs;17;98;13067.0;13067.0;0.144798;14.494254;13067.0
1698;MSTS;QPLIB_5881.qs;17;99;13053.0;13067.0;0.132129;14.626383;13067.0
1699;MSTS;QPLIB_5881.qs;17;100;13067.0;13067.0;0.176514;14.802897;13067.0
1700;MSTS;QPLIB_5881.qs;18;1;13067.0;13067.0;0.240557;0.240557;13067.0
1701;MSTS;QPLIB_5881.qs;18;2;13067.0;13067.0;0.169309;0.40986599999999995;13067.0
1702;MSTS;QPLIB_5881.qs;18;3;13051.0;13067.0;0.116719;0.526585;13067.0
1703;MSTS;QPLIB_5881.qs;18;4;13067.0;13067.0;0.204253;0.730838;13067.0
1704;MSTS;QPLIB_5881.qs;18;5;13067.0;13067.0;0.165978;0.896816;13067.0
1705;MSTS;QPLIB_5881.qs;18;6;13067.0;13067.0;0.122264;1.01908;13067.0
1706;MSTS;QPLIB_5881.qs;18;7;13067.0;13067.0;0.167336;1.186416;13067.0
1707;MSTS;QPLIB_5881.qs;18;8;13067.0;13067.0;0.137185;1.323601;13067.0
1708;MSTS;QPLIB_5881.qs;18;9;13067.0;13067.0;0.186399;1.51;13067.0
1709;MSTS;QPLIB_5881.qs;18;10;13067.0;13067.0;0.126024;1.636024;13067.0
1710;MSTS;QPLIB_5881.qs;18;11;13067.0;13067.0;0.136048;1.772072;13067.0
1711;MSTS;QPLIB_5881.qs;18;12;13067.0;13067.0;0.148666;1.920738;13067.0
1712;MSTS;QPLIB_5881.qs;18;13;13067.0;13067.0;0.135625;2.056363;13067.0
1713;MSTS;QPLIB_5881.qs;18;14;13067.0;13067.0;0.152494;2.208857;13067.0
1714;MSTS;QPLIB_5881.qs;18;15;13067.0;13067.0;0.118454;2.327311;13067.0
1715;MSTS;QPLIB_5881.qs;18;16;13067.0;13067.0;0.140509;2.46782;13067.0
1716;MSTS;QPLIB_5881.qs;18;17;13067.0;13067.0;0.123468;2.591288;13067.0
1717;MSTS;QPLIB_5881.qs;18;18;13067.0;13067.0;0.141748;2.733036;13067.0
1718;MSTS;QPLIB_5881.qs;18;19;13067.0;13067.0;0.15434;2.887376;13067.0
1719;MSTS;QPLIB_5881.qs;18;20;13067.0;13067.0;0.138058;3.0254339999999997;13067.0
1720;MSTS;QPLIB_5881.qs;18;21;13067.0;13067.0;0.122352;3.147786;13067.0
1721;MSTS;QPLIB_5881.qs;18;22;13067.0;13067.0;0.129966;3.277752;13067.0
1722;MSTS;QPLIB_5881.qs;18;23;13067.0;13067.0;0.145542;3.423294;13067.0
1723;MSTS;QPLIB_5881.qs;18;24;13067.0;13067.0;0.172551;3.5958449999999997;13067.0
1724;MSTS;QPLIB_5881.qs;18;25;13067.0;13067.0;0.172691;3.768536;13067.0
1725;MSTS;QPLIB_5881.qs;18;26;13067.0;13067.0;0.138295;3.906831;13067.0
1726;MSTS;QPLIB_5881.qs;18;27;13067.0;13067.0;0.144956;4.051787;13067.0
1727;MSTS;QPLIB_5881.qs;18;28;13053.0;13067.0;0.127789;4.179576;13067.0
1728;MSTS;QPLIB_5881.qs;18;29;13067.0;13067.0;0.137243;4.316819;13067.0
1729;MSTS;QPLIB_5881.qs;18;30;13067.0;13067.0;0.139896;4.456715;13067.0
1730;MSTS;QPLIB_5881.qs;18;31;13067.0;13067.0;0.199847;4.656562;13067.0
1731;MSTS;QPLIB_5881.qs;18;32;13067.0;13067.0;0.133581;4.790143;13067.0
1732;MSTS;QPLIB_5881.qs;18;33;13067.0;13067.0;0.187716;4.977859;13067.0
1733;MSTS;QPLIB_5881.qs;18;34;13067.0;13067.0;0.120243;5.098102;13067.0
1734;MSTS;QPLIB_5881.qs;18;35;13051.0;13067.0;0.115496;5.213598;13067.0
1735;MSTS;QPLIB_5881.qs;18;36;13067.0;13067.0;0.117252;5.33085;13067.0
1736;MSTS;QPLIB_5881.qs;18;37;13067.0;13067.0;0.120895;5.451745;13067.0
1737;MSTS;QPLIB_5881.qs;18;38;13067.0;13067.0;0.124047;5.575792;13067.0
1738;MSTS;QPLIB_5881.qs;18;39;13067.0;13067.0;0.180743;5.7565349999999995;13067.0
1739;MSTS;QPLIB_5881.qs;18;40;13067.0;13067.0;0.149482;5.906017;13067.0
1740;MSTS;QPLIB_5881.qs;18;41;13067.0;13067.0;0.19636;6.102377;13067.0
1741;MSTS;QPLIB_5881.qs;18;42;13067.0;13067.0;0.125439;6.227816;13067.0
1742;MSTS;QPLIB_5881.qs;18;43;13067.0;13067.0;0.124057;6.351873;13067.0
1743;MSTS;QPLIB_5881.qs;18;44;13051.0;13067.0;0.116095;6.467968;13067.0
1744;MSTS;QPLIB_5881.qs;18;45;13067.0;13067.0;0.194637;6.662605;13067.0
1745;MSTS;QPLIB_5881.qs;18;46;13067.0;13067.0;0.184048;6.846653;13067.0
1746;MSTS;QPLIB_5881.qs;18;47;13067.0;13067.0;0.172383;7.019036;13067.0
1747;MSTS;QPLIB_5881.qs;18;48;13067.0;13067.0;0.119175;7.138211;13067.0
1748;MSTS;QPLIB_5881.qs;18;49;13067.0;13067.0;0.146389;7.2846;13067.0
1749;MSTS;QPLIB_5881.qs;18;50;13067.0;13067.0;0.1924;7.477;13067.0
1750;MSTS;QPLIB_5881.qs;18;51;13067.0;13067.0;0.166862;7.643862;13067.0
1751;MSTS;QPLIB_5881.qs;18;52;13067.0;13067.0;0.124732;7.768594;13067.0
1752;MSTS;QPLIB_5881.qs;18;53;13067.0;13067.0;0.128916;7.89751;13067.0
1753;MSTS;QPLIB_5881.qs;18;54;13067.0;13067.0;0.116875;8.014385;13067.0
1754;MSTS;QPLIB_5881.qs;18;55;13067.0;13067.0;0.124482;8.138867;13067.0
1755;MSTS;QPLIB_5881.qs;18;56;13067.0;13067.0;0.134688;8.273555;13067.0
1756;MSTS;QPLIB_5881.qs;18;57;13067.0;13067.0;0.123504;8.397059;13067.0
1757;MSTS;QPLIB_5881.qs;18;58;13067.0;13067.0;0.189585;8.586644;13067.0
1758;MSTS;QPLIB_5881.qs;18;59;13067.0;13067.0;0.171134;8.757778;13067.0
1759;MSTS;QPLIB_5881.qs;18;60;13051.0;13067.0;0.112639;8.870417;13067.0
1760;MSTS;QPLIB_5881.qs;18;61;13067.0;13067.0;0.118256;8.988673;13067.0
1761;MSTS;QPLIB_5881.qs;18;62;13067.0;13067.0;0.156538;9.145211;13067.0
1762;MSTS;QPLIB_5881.qs;18;63;13067.0;13067.0;0.118407;9.263618;13067.0
1763;MSTS;QPLIB_5881.qs;18;64;13051.0;13067.0;0.115749;9.379367;13067.0
1764;MSTS;QPLIB_5881.qs;18;65;13060.0;13067.0;0.117667;9.497034;13067.0
1765;MSTS;QPLIB_5881.qs;18;66;13067.0;13067.0;0.11715;9.614184;13067.0
1766;MSTS;QPLIB_5881.qs;18;67;13067.0;13067.0;0.193189;9.807373;13067.0
1767;MSTS;QPLIB_5881.qs;18;68;13067.0;13067.0;0.124929;9.932302;13067.0
1768;MSTS;QPLIB_5881.qs;18;69;13067.0;13067.0;0.160712;10.093014;13067.0
1769;MSTS;QPLIB_5881.qs;18;70;13067.0;13067.0;0.153725;10.246739;13067.0
1770;MSTS;QPLIB_5881.qs;18;71;13067.0;13067.0;0.117225;10.363964;13067.0
1771;MSTS;QPLIB_5881.qs;18;72;13067.0;13067.0;0.132456;10.49642;13067.0
1772;MSTS;QPLIB_5881.qs;18;73;13067.0;13067.0;0.117497;10.613917;13067.0
1773;MSTS;QPLIB_5881.qs;18;74;13067.0;13067.0;0.119073;10.732990000000001;13067.0
1774;MSTS;QPLIB_5881.qs;18;75;13067.0;13067.0;0.13195;10.86494;13067.0
1775;MSTS;QPLIB_5881.qs;18;76;13067.0;13067.0;0.118617;10.983557;13067.0
1776;MSTS;QPLIB_5881.qs;18;77;13067.0;13067.0;0.131096;11.114653;13067.0
1777;MSTS;QPLIB_5881.qs;18;78;13067.0;13067.0;0.117742;11.232395;13067.0
1778;MSTS;QPLIB_5881.qs;18;79;13067.0;13067.0;0.183853;11.416248;13067.0
1779;MSTS;QPLIB_5881.qs;18;80;13067.0;13067.0;0.119649;11.535897;13067.0
1780;MSTS;QPLIB_5881.qs;18;81;13067.0;13067.0;0.188017;11.723914;13067.0
1781;MSTS;QPLIB_5881.qs;18;82;13067.0;13067.0;0.132071;11.855985;13067.0
1782;MSTS;QPLIB_5881.qs;18;83;13051.0;13067.0;0.114538;11.970523;13067.0
1783;MSTS;QPLIB_5881.qs;18;84;13067.0;13067.0;0.11623;12.086753;13067.0
1784;MSTS;QPLIB_5881.qs;18;85;13067.0;13067.0;0.125297;12.21205;13067.0
1785;MSTS;QPLIB_5881.qs;18;86;13067.0;13067.0;0.196977;12.409027;13067.0
1786;MSTS;QPLIB_5881.qs;18;87;13051.0;13067.0;0.115785;12.524812;13067.0
1787;MSTS;QPLIB_5881.qs;18;88;13067.0;13067.0;0.11631;12.641122;13067.0
1788;MSTS;QPLIB_5881.qs;18;89;13067.0;13067.0;0.119719;12.760841;13067.0
1789;MSTS;QPLIB_5881.qs;18;90;13067.0;13067.0;0.139204;12.900045;13067.0
1790;MSTS;QPLIB_5881.qs;18;91;13051.0;13067.0;0.115543;13.015588;13067.0
1791;MSTS;QPLIB_5881.qs;18;92;13067.0;13067.0;0.12933;13.144918;13067.0
1792;MSTS;QPLIB_5881.qs;18;93;13067.0;13067.0;0.1141;13.259018;13067.0
1793;MSTS;QPLIB_5881.qs;18;94;13067.0;13067.0;0.188054;13.447072;13067.0
1794;MSTS;QPLIB_5881.qs;18;95;13067.0;13067.0;0.151824;13.598896;13067.0
1795;MSTS;QPLIB_5881.qs;18;96;13067.0;13067.0;0.175475;13.774371;13067.0
1796;MSTS;QPLIB_5881.qs;18;97;13067.0;13067.0;0.175962;13.950333;13067.0
1797;MSTS;QPLIB_5881.qs;18;98;13067.0;13067.0;0.117285;14.067618;13067.0
1798;MSTS;QPLIB_5881.qs;18;99;13067.0;13067.0;0.189745;14.257363;13067.0
1799;MSTS;QPLIB_5881.qs;18;100;13067.0;13067.0;0.147642;14.405005;13067.0
1800;MSTS;QPLIB_5881.qs;19;1;13067.0;13067.0;0.213085;0.213085;13067.0
1801;MSTS;QPLIB_5881.qs;19;2;13067.0;13067.0;0.124445;0.33753;13067.0
1802;MSTS;QPLIB_5881.qs;19;3;13067.0;13067.0;0.12109;0.45862;13067.0
1803;MSTS;QPLIB_5881.qs;19;4;13067.0;13067.0;0.120483;0.579103;13067.0
1804;MSTS;QPLIB_5881.qs;19;5;13067.0;13067.0;0.146722;0.7258249999999999;13067.0
1805;MSTS;QPLIB_5881.qs;19;6;13067.0;13067.0;0.14002;0.865845;13067.0
1806;MSTS;QPLIB_5881.qs;19;7;13067.0;13067.0;0.118189;0.984034;13067.0
1807;MSTS;QPLIB_5881.qs;19;8;13067.0;13067.0;0.238662;1.222696;13067.0
1808;MSTS;QPLIB_5881.qs;19;9;13067.0;13067.0;0.156753;1.379449;13067.0
1809;MSTS;QPLIB_5881.qs;19;10;13067.0;13067.0;0.168498;1.547947;13067.0
1810;MSTS;QPLIB_5881.qs;19;11;13067.0;13067.0;0.129944;1.677891;13067.0
1811;MSTS;QPLIB_5881.qs;19;12;13067.0;13067.0;0.12762;1.805511;13067.0
1812;MSTS;QPLIB_5881.qs;19;13;13051.0;13067.0;0.113527;1.919038;13067.0
1813;MSTS;QPLIB_5881.qs;19;14;13067.0;13067.0;0.111801;2.030839;13067.0
1814;MSTS;QPLIB_5881.qs;19;15;13067.0;13067.0;0.162624;2.193463;13067.0
1815;MSTS;QPLIB_5881.qs;19;16;13067.0;13067.0;0.147314;2.340777;13067.0
1816;MSTS;QPLIB_5881.qs;19;17;13067.0;13067.0;0.122614;2.463391;13067.0
1817;MSTS;QPLIB_5881.qs;19;18;13067.0;13067.0;0.136021;2.599412;13067.0
1818;MSTS;QPLIB_5881.qs;19;19;13067.0;13067.0;0.126743;2.726155;13067.0
1819;MSTS;QPLIB_5881.qs;19;20;13067.0;13067.0;0.122194;2.848349;13067.0
1820;MSTS;QPLIB_5881.qs;19;21;13067.0;13067.0;0.129731;2.97808;13067.0
1821;MSTS;QPLIB_5881.qs;19;22;13067.0;13067.0;0.144546;3.122626;13067.0
1822;MSTS;QPLIB_5881.qs;19;23;13067.0;13067.0;0.154128;3.276754;13067.0
1823;MSTS;QPLIB_5881.qs;19;24;13067.0;13067.0;0.124196;3.40095;13067.0
1824;MSTS;QPLIB_5881.qs;19;25;13067.0;13067.0;0.130211;3.531161;13067.0
1825;MSTS;QPLIB_5881.qs;19;26;13067.0;13067.0;0.115613;3.646774;13067.0
1826;MSTS;QPLIB_5881.qs;19;27;13067.0;13067.0;0.139463;3.786237;13067.0
1827;MSTS;QPLIB_5881.qs;19;28;13067.0;13067.0;0.162632;3.948869;13067.0
1828;MSTS;QPLIB_5881.qs;19;29;13067.0;13067.0;0.159146;4.108015;13067.0
1829;MSTS;QPLIB_5881.qs;19;30;13067.0;13067.0;0.151822;4.259837;13067.0
1830;MSTS;QPLIB_5881.qs;19;31;13067.0;13067.0;0.169834;4.429671;13067.0
1831;MSTS;QPLIB_5881.qs;19;32;13067.0;13067.0;0.12073;4.550401;13067.0
1832;MSTS;QPLIB_5881.qs;19;33;13067.0;13067.0;0.125104;4.675505;13067.0
1833;MSTS;QPLIB_5881.qs;19;34;13051.0;13067.0;0.111535;4.78704;13067.0
1834;MSTS;QPLIB_5881.qs;19;35;13067.0;13067.0;0.119603;4.906643;13067.0
1835;MSTS;QPLIB_5881.qs;19;36;13067.0;13067.0;0.126187;5.03283;13067.0
1836;MSTS;QPLIB_5881.qs;19;37;13067.0;13067.0;0.179851;5.212681;13067.0
1837;MSTS;QPLIB_5881.qs;19;38;13067.0;13067.0;0.125287;5.337968;13067.0
1838;MSTS;QPLIB_5881.qs;19;39;13067.0;13067.0;0.229726;5.567694;13067.0
1839;MSTS;QPLIB_5881.qs;19;40;13051.0;13067.0;0.117751;5.685445;13067.0
1840;MSTS;QPLIB_5881.qs;19;41;13067.0;13067.0;0.121792;5.807237;13067.0
1841;MSTS;QPLIB_5881.qs;19;42;13067.0;13067.0;0.165812;5.973049;13067.0
1842;MSTS;QPLIB_5881.qs;19;43;13067.0;13067.0;0.148061;6.12111;13067.0
1843;MSTS;QPLIB_5881.qs;19;44;13067.0;13067.0;0.129093;6.250203;13067.0
1844;MSTS;QPLIB_5881.qs;19;45;13067.0;13067.0;0.122632;6.372835;13067.0
1845;MSTS;QPLIB_5881.qs;19;46;13067.0;13067.0;0.119629;6.492464;13067.0
1846;MSTS;QPLIB_5881.qs;19;47;13067.0;13067.0;0.122507;6.614971;13067.0
1847;MSTS;QPLIB_5881.qs;19;48;13051.0;13067.0;0.116591;6.731562;13067.0
1848;MSTS;QPLIB_5881.qs;19;49;13067.0;13067.0;0.165736;6.897298;13067.0
1849;MSTS;QPLIB_5881.qs;19;50;13067.0;13067.0;0.165525;7.062823;13067.0
1850;MSTS;QPLIB_5881.qs;19;51;13067.0;13067.0;0.132191;7.1950140000000005;13067.0
1851;MSTS;QPLIB_5881.qs;19;52;13067.0;13067.0;0.12698;7.321994;13067.0
1852;MSTS;QPLIB_5881.qs;19;53;13067.0;13067.0;0.131415;7.453409;13067.0
1853;MSTS;QPLIB_5881.qs;19;54;13051.0;13067.0;0.115753;7.569162;13067.0
1854;MSTS;QPLIB_5881.qs;19;55;13067.0;13067.0;0.121369;7.690531;13067.0
1855;MSTS;QPLIB_5881.qs;19;56;13067.0;13067.0;0.186046;7.876577;13067.0
1856;MSTS;QPLIB_5881.qs;19;57;13067.0;13067.0;0.199558;8.076135;13067.0
1857;MSTS;QPLIB_5881.qs;19;58;13067.0;13067.0;0.15802;8.234155;13067.0
1858;MSTS;QPLIB_5881.qs;19;59;13067.0;13067.0;0.126778;8.360933;13067.0
1859;MSTS;QPLIB_5881.qs;19;60;13067.0;13067.0;0.143684;8.504617;13067.0
1860;MSTS;QPLIB_5881.qs;19;61;13067.0;13067.0;0.136078;8.640695000000001;13067.0
1861;MSTS;QPLIB_5881.qs;19;62;13067.0;13067.0;0.156329;8.797024;13067.0
1862;MSTS;QPLIB_5881.qs;19;63;13067.0;13067.0;0.124668;8.921692;13067.0
1863;MSTS;QPLIB_5881.qs;19;64;13067.0;13067.0;0.137345;9.059037;13067.0
1864;MSTS;QPLIB_5881.qs;19;65;13067.0;13067.0;0.150991;9.210028;13067.0
1865;MSTS;QPLIB_5881.qs;19;66;13067.0;13067.0;0.206831;9.416859;13067.0
1866;MSTS;QPLIB_5881.qs;19;67;13051.0;13067.0;0.117774;9.534633;13067.0
1867;MSTS;QPLIB_5881.qs;19;68;13067.0;13067.0;0.154729;9.689362000000001;13067.0
1868;MSTS;QPLIB_5881.qs;19;69;13067.0;13067.0;0.122809;9.812171;13067.0
1869;MSTS;QPLIB_5881.qs;19;70;13067.0;13067.0;0.127283;9.939454;13067.0
1870;MSTS;QPLIB_5881.qs;19;71;13067.0;13067.0;0.159344;10.098798;13067.0
1871;MSTS;QPLIB_5881.qs;19;72;13067.0;13067.0;0.138809;10.237607;13067.0
1872;MSTS;QPLIB_5881.qs;19;73;13067.0;13067.0;0.138695;10.376302;13067.0
1873;MSTS;QPLIB_5881.qs;19;74;13067.0;13067.0;0.184487;10.560789;13067.0
1874;MSTS;QPLIB_5881.qs;19;75;13067.0;13067.0;0.118654;10.679443000000001;13067.0
1875;MSTS;QPLIB_5881.qs;19;76;13067.0;13067.0;0.135732;10.815175;13067.0
1876;MSTS;QPLIB_5881.qs;19;77;13067.0;13067.0;0.125264;10.940439;13067.0
1877;MSTS;QPLIB_5881.qs;19;78;13067.0;13067.0;0.194314;11.134753;13067.0
1878;MSTS;QPLIB_5881.qs;19;79;13067.0;13067.0;0.1349;11.269653;13067.0
1879;MSTS;QPLIB_5881.qs;19;80;13067.0;13067.0;0.121381;11.391034;13067.0
1880;MSTS;QPLIB_5881.qs;19;81;13067.0;13067.0;0.11762;11.508654;13067.0
1881;MSTS;QPLIB_5881.qs;19;82;13067.0;13067.0;0.122239;11.630893;13067.0
1882;MSTS;QPLIB_5881.qs;19;83;13067.0;13067.0;0.18332;11.814213;13067.0
1883;MSTS;QPLIB_5881.qs;19;84;13067.0;13067.0;0.207146;12.021359;13067.0
1884;MSTS;QPLIB_5881.qs;19;85;13051.0;13067.0;0.114955;12.136314;13067.0
1885;MSTS;QPLIB_5881.qs;19;86;13067.0;13067.0;0.152081;12.288395;13067.0
1886;MSTS;QPLIB_5881.qs;19;87;13067.0;13067.0;0.121153;12.409548000000001;13067.0
1887;MSTS;QPLIB_5881.qs;19;88;13067.0;13067.0;0.140985;12.550533;13067.0
1888;MSTS;QPLIB_5881.qs;19;89;13067.0;13067.0;0.121947;12.67248;13067.0
1889;MSTS;QPLIB_5881.qs;19;90;13067.0;13067.0;0.144199;12.816679;13067.0
1890;MSTS;QPLIB_5881.qs;19;91;13067.0;13067.0;0.14562;12.962299;13067.0
1891;MSTS;QPLIB_5881.qs;19;92;13067.0;13067.0;0.127367;13.089666;13067.0
1892;MSTS;QPLIB_5881.qs;19;93;13067.0;13067.0;0.120366;13.210032;13067.0
1893;MSTS;QPLIB_5881.qs;19;94;13067.0;13067.0;0.167469;13.377501;13067.0
1894;MSTS;QPLIB_5881.qs;19;95;13067.0;13067.0;0.117786;13.495287;13067.0
1895;MSTS;QPLIB_5881.qs;19;96;13067.0;13067.0;0.161261;13.656548;13067.0
1896;MSTS;QPLIB_5881.qs;19;97;13067.0;13067.0;0.147166;13.803714;13067.0
1897;MSTS;QPLIB_5881.qs;19;98;13067.0;13067.0;0.188057;13.991771;13067.0
1898;MSTS;QPLIB_5881.qs;19;99;13067.0;13067.0;0.185162;14.176933;13067.0
1899;MSTS;QPLIB_5881.qs;19;100;13067.0;13067.0;0.203829;14.380762;13067.0
1900;MSTS;QPLIB_5881.qs;20;1;13067.0;13067.0;0.261572;0.261572;13067.0
1901;MSTS;QPLIB_5881.qs;20;2;13067.0;13067.0;0.210435;0.47200700000000007;13067.0
1902;MSTS;QPLIB_5881.qs;20;3;13051.0;13067.0;0.115437;0.5874440000000001;13067.0
1903;MSTS;QPLIB_5881.qs;20;4;13067.0;13067.0;0.143596;0.73104;13067.0
1904;MSTS;QPLIB_5881.qs;20;5;13067.0;13067.0;0.148646;0.879686;13067.0
1905;MSTS;QPLIB_5881.qs;20;6;13067.0;13067.0;0.149413;1.029099;13067.0
1906;MSTS;QPLIB_5881.qs;20;7;13067.0;13067.0;0.170777;1.199876;13067.0
1907;MSTS;QPLIB_5881.qs;20;8;13067.0;13067.0;0.144749;1.344625;13067.0
1908;MSTS;QPLIB_5881.qs;20;9;13067.0;13067.0;0.278873;1.623498;13067.0
1909;MSTS;QPLIB_5881.qs;20;10;13051.0;13067.0;0.117667;1.741165;13067.0
1910;MSTS;QPLIB_5881.qs;20;11;13067.0;13067.0;0.149485;1.89065;13067.0
1911;MSTS;QPLIB_5881.qs;20;12;13051.0;13067.0;0.118356;2.009006;13067.0
1912;MSTS;QPLIB_5881.qs;20;13;13067.0;13067.0;0.125257;2.134263;13067.0
1913;MSTS;QPLIB_5881.qs;20;14;13067.0;13067.0;0.139844;2.274107;13067.0
1914;MSTS;QPLIB_5881.qs;20;15;13051.0;13067.0;0.116594;2.390701;13067.0
1915;MSTS;QPLIB_5881.qs;20;16;13067.0;13067.0;0.142278;2.532979;13067.0
1916;MSTS;QPLIB_5881.qs;20;17;13067.0;13067.0;0.165454;2.698433;13067.0
1917;MSTS;QPLIB_5881.qs;20;18;13067.0;13067.0;0.132733;2.831166;13067.0
1918;MSTS;QPLIB_5881.qs;20;19;13067.0;13067.0;0.179598;3.010764;13067.0
1919;MSTS;QPLIB_5881.qs;20;20;13067.0;13067.0;0.182537;3.193301;13067.0
1920;MSTS;QPLIB_5881.qs;20;21;13060.0;13067.0;0.152142;3.345443;13067.0
1921;MSTS;QPLIB_5881.qs;20;22;13067.0;13067.0;0.116681;3.462124;13067.0
1922;MSTS;QPLIB_5881.qs;20;23;13051.0;13067.0;0.117815;3.579939;13067.0
1923;MSTS;QPLIB_5881.qs;20;24;13067.0;13067.0;0.133563;3.713502;13067.0
1924;MSTS;QPLIB_5881.qs;20;25;13067.0;13067.0;0.178389;3.891891;13067.0
1925;MSTS;QPLIB_5881.qs;20;26;13067.0;13067.0;0.123458;4.015349;13067.0
1926;MSTS;QPLIB_5881.qs;20;27;13067.0;13067.0;0.12029;4.135639;13067.0
1927;MSTS;QPLIB_5881.qs;20;28;13067.0;13067.0;0.139621;4.27526;13067.0
1928;MSTS;QPLIB_5881.qs;20;29;13067.0;13067.0;0.118781;4.394041;13067.0
1929;MSTS;QPLIB_5881.qs;20;30;13067.0;13067.0;0.185518;4.579559;13067.0
1930;MSTS;QPLIB_5881.qs;20;31;13067.0;13067.0;0.187711;4.76727;13067.0
1931;MSTS;QPLIB_5881.qs;20;32;13067.0;13067.0;0.151201;4.918471;13067.0
1932;MSTS;QPLIB_5881.qs;20;33;13067.0;13067.0;0.119347;5.037818;13067.0
1933;MSTS;QPLIB_5881.qs;20;34;13067.0;13067.0;0.132854;5.170672;13067.0
1934;MSTS;QPLIB_5881.qs;20;35;13067.0;13067.0;0.177657;5.348329;13067.0
1935;MSTS;QPLIB_5881.qs;20;36;13051.0;13067.0;0.115361;5.46369;13067.0
1936;MSTS;QPLIB_5881.qs;20;37;13067.0;13067.0;0.150228;5.613918;13067.0
1937;MSTS;QPLIB_5881.qs;20;38;13067.0;13067.0;0.127067;5.740985;13067.0
1938;MSTS;QPLIB_5881.qs;20;39;13067.0;13067.0;0.118439;5.859424;13067.0
1939;MSTS;QPLIB_5881.qs;20;40;13067.0;13067.0;0.130689;5.990113;13067.0
1940;MSTS;QPLIB_5881.qs;20;41;13067.0;13067.0;0.117325;6.107438;13067.0
1941;MSTS;QPLIB_5881.qs;20;42;13067.0;13067.0;0.136626;6.244064;13067.0
1942;MSTS;QPLIB_5881.qs;20;43;13051.0;13067.0;0.115826;6.35989;13067.0
1943;MSTS;QPLIB_5881.qs;20;44;13067.0;13067.0;0.124633;6.484523;13067.0
1944;MSTS;QPLIB_5881.qs;20;45;13067.0;13067.0;0.179935;6.664458;13067.0
1945;MSTS;QPLIB_5881.qs;20;46;13067.0;13067.0;0.17171;6.836168;13067.0
1946;MSTS;QPLIB_5881.qs;20;47;13067.0;13067.0;0.162645;6.998813;13067.0
1947;MSTS;QPLIB_5881.qs;20;48;13067.0;13067.0;0.149662;7.148475;13067.0
1948;MSTS;QPLIB_5881.qs;20;49;13067.0;13067.0;0.117661;7.266136;13067.0
1949;MSTS;QPLIB_5881.qs;20;50;13060.0;13067.0;0.203335;7.4694709999999995;13067.0
1950;MSTS;QPLIB_5881.qs;20;51;13067.0;13067.0;0.116256;7.585727;13067.0
1951;MSTS;QPLIB_5881.qs;20;52;13067.0;13067.0;0.137867;7.723594;13067.0
1952;MSTS;QPLIB_5881.qs;20;53;13067.0;13067.0;0.12023;7.843824;13067.0
1953;MSTS;QPLIB_5881.qs;20;54;13067.0;13067.0;0.127649;7.971473;13067.0
1954;MSTS;QPLIB_5881.qs;20;55;13067.0;13067.0;0.150202;8.121675;13067.0
1955;MSTS;QPLIB_5881.qs;20;56;13067.0;13067.0;0.14908;8.270755;13067.0
1956;MSTS;QPLIB_5881.qs;20;57;13067.0;13067.0;0.150739;8.421494;13067.0
1957;MSTS;QPLIB_5881.qs;20;58;13067.0;13067.0;0.13937;8.560864;13067.0
1958;MSTS;QPLIB_5881.qs;20;59;13067.0;13067.0;0.11898;8.679844;13067.0
1959;MSTS;QPLIB_5881.qs;20;60;13067.0;13067.0;0.170916;8.85076;13067.0
1960;MSTS;QPLIB_5881.qs;20;61;13067.0;13067.0;0.131433;8.982193;13067.0
1961;MSTS;QPLIB_5881.qs;20;62;13067.0;13067.0;0.12418;9.106373;13067.0
1962;MSTS;QPLIB_5881.qs;20;63;13067.0;13067.0;0.123734;9.230107;13067.0
1963;MSTS;QPLIB_5881.qs;20;64;13060.0;13067.0;0.172936;9.403043;13067.0
1964;MSTS;QPLIB_5881.qs;20;65;13067.0;13067.0;0.11767;9.520713;13067.0
1965;MSTS;QPLIB_5881.qs;20;66;13067.0;13067.0;0.176722;9.697435;13067.0
1966;MSTS;QPLIB_5881.qs;20;67;13067.0;13067.0;0.126271;9.823706;13067.0
1967;MSTS;QPLIB_5881.qs;20;68;13067.0;13067.0;0.120093;9.943799;13067.0
1968;MSTS;QPLIB_5881.qs;20;69;13060.0;13067.0;0.137851;10.08165;13067.0
1969;MSTS;QPLIB_5881.qs;20;70;13067.0;13067.0;0.118117;10.199767;13067.0
1970;MSTS;QPLIB_5881.qs;20;71;13067.0;13067.0;0.135766;10.335533;13067.0
1971;MSTS;QPLIB_5881.qs;20;72;13067.0;13067.0;0.158356;10.493889;13067.0
1972;MSTS;QPLIB_5881.qs;20;73;13067.0;13067.0;0.131547;10.625436;13067.0
1973;MSTS;QPLIB_5881.qs;20;74;13067.0;13067.0;0.126356;10.751792;13067.0
1974;MSTS;QPLIB_5881.qs;20;75;13067.0;13067.0;0.172584;10.924376;13067.0
1975;MSTS;QPLIB_5881.qs;20;76;13067.0;13067.0;0.192192;11.116568;13067.0
1976;MSTS;QPLIB_5881.qs;20;77;13067.0;13067.0;0.17697;11.293538;13067.0
1977;MSTS;QPLIB_5881.qs;20;78;13067.0;13067.0;0.200932;11.49447;13067.0
1978;MSTS;QPLIB_5881.qs;20;79;13067.0;13067.0;0.12482;11.61929;13067.0
1979;MSTS;QPLIB_5881.qs;20;80;13067.0;13067.0;0.233445;11.852735;13067.0
1980;MSTS;QPLIB_5881.qs;20;81;13067.0;13067.0;0.186584;12.039319;13067.0
1981;MSTS;QPLIB_5881.qs;20;82;13067.0;13067.0;0.121386;12.160705;13067.0
1982;MSTS;QPLIB_5881.qs;20;83;13067.0;13067.0;0.155613;12.316318;13067.0
1983;MSTS;QPLIB_5881.qs;20;84;13067.0;13067.0;0.13838;12.454698;13067.0
1984;MSTS;QPLIB_5881.qs;20;85;13067.0;13067.0;0.155586;12.610284;13067.0
1985;MSTS;QPLIB_5881.qs;20;86;13067.0;13067.0;0.143927;12.754211;13067.0
1986;MSTS;QPLIB_5881.qs;20;87;13067.0;13067.0;0.171062;12.925273;13067.0
1987;MSTS;QPLIB_5881.qs;20;88;13067.0;13067.0;0.121545;13.046818;13067.0
1988;MSTS;QPLIB_5881.qs;20;89;13067.0;13067.0;0.161698;13.208516;13067.0
1989;MSTS;QPLIB_5881.qs;20;90;13067.0;13067.0;0.171762;13.380278;13067.0
1990;MSTS;QPLIB_5881.qs;20;91;13067.0;13067.0;0.131038;13.511316;13067.0
1991;MSTS;QPLIB_5881.qs;20;92;13067.0;13067.0;0.142834;13.65415;13067.0
1992;MSTS;QPLIB_5881.qs;20;93;13067.0;13067.0;0.118769;13.772919;13067.0
1993;MSTS;QPLIB_5881.qs;20;94;13067.0;13067.0;0.152856;13.925775;13067.0
1994;MSTS;QPLIB_5881.qs;20;95;13067.0;13067.0;0.18742;14.113195;13067.0
1995;MSTS;QPLIB_5881.qs;20;96;13067.0;13067.0;0.154044;14.267239;13067.0
1996;MSTS;QPLIB_5881.qs;20;97;13067.0;13067.0;0.200844;14.468083;13067.0
1997;MSTS;QPLIB_5881.qs;20;98;13067.0;13067.0;0.119288;14.587371;13067.0
1998;MSTS;QPLIB_5881.qs;20;99;13067.0;13067.0;0.146721;14.734092;13067.0
1999;MSTS;QPLIB_5881.qs;20;100;13067.0;13067.0;0.161422;14.895514;13067.0
2000;MSTS;QPLIB_5881.qs;21;1;13067.0;13067.0;0.213034;0.213034;13067.0
2001;MSTS;QPLIB_5881.qs;21;2;13067.0;13067.0;0.126099;0.339133;13067.0
2002;MSTS;QPLIB_5881.qs;21;3;13067.0;13067.0;0.129949;0.469082;13067.0
2003;MSTS;QPLIB_5881.qs;21;4;13067.0;13067.0;0.131686;0.600768;13067.0
2004;MSTS;QPLIB_5881.qs;21;5;13067.0;13067.0;0.125347;0.726115;13067.0
2005;MSTS;QPLIB_5881.qs;21;6;13051.0;13067.0;0.117009;0.843124;13067.0
2006;MSTS;QPLIB_5881.qs;21;7;13060.0;13067.0;0.133315;0.976439;13067.0
2007;MSTS;QPLIB_5881.qs;21;8;13067.0;13067.0;0.118046;1.094485;13067.0
2008;MSTS;QPLIB_5881.qs;21;9;13060.0;13067.0;0.132774;1.227259;13067.0
2009;MSTS;QPLIB_5881.qs;21;10;13067.0;13067.0;0.118794;1.346053;13067.0
2010;MSTS;QPLIB_5881.qs;21;11;13067.0;13067.0;0.13261;1.478663;13067.0
2011;MSTS;QPLIB_5881.qs;21;12;13067.0;13067.0;0.138615;1.617278;13067.0
2012;MSTS;QPLIB_5881.qs;21;13;13067.0;13067.0;0.150124;1.767402;13067.0
2013;MSTS;QPLIB_5881.qs;21;14;13051.0;13067.0;0.117905;1.885307;13067.0
2014;MSTS;QPLIB_5881.qs;21;15;13067.0;13067.0;0.119416;2.004723;13067.0
2015;MSTS;QPLIB_5881.qs;21;16;13067.0;13067.0;0.119148;2.123871;13067.0
2016;MSTS;QPLIB_5881.qs;21;17;13067.0;13067.0;0.147209;2.27108;13067.0
2017;MSTS;QPLIB_5881.qs;21;18;13067.0;13067.0;0.172994;2.444074;13067.0
2018;MSTS;QPLIB_5881.qs;21;19;13067.0;13067.0;0.163944;2.608018;13067.0
2019;MSTS;QPLIB_5881.qs;21;20;13067.0;13067.0;0.148636;2.756654;13067.0
2020;MSTS;QPLIB_5881.qs;21;21;13067.0;13067.0;0.204038;2.960692;13067.0
2021;MSTS;QPLIB_5881.qs;21;22;13060.0;13067.0;0.142117;3.102809;13067.0
2022;MSTS;QPLIB_5881.qs;21;23;13067.0;13067.0;0.117402;3.220211;13067.0
2023;MSTS;QPLIB_5881.qs;21;24;13067.0;13067.0;0.149603;3.369814;13067.0
2024;MSTS;QPLIB_5881.qs;21;25;13051.0;13067.0;0.119242;3.489056;13067.0
2025;MSTS;QPLIB_5881.qs;21;26;13067.0;13067.0;0.171607;3.660663;13067.0
2026;MSTS;QPLIB_5881.qs;21;27;13067.0;13067.0;0.202204;3.862867;13067.0
2027;MSTS;QPLIB_5881.qs;21;28;13067.0;13067.0;0.174382;4.037249;13067.0
2028;MSTS;QPLIB_5881.qs;21;29;13067.0;13067.0;0.121216;4.158465;13067.0
2029;MSTS;QPLIB_5881.qs;21;30;13067.0;13067.0;0.189672;4.348137;13067.0
2030;MSTS;QPLIB_5881.qs;21;31;13067.0;13067.0;0.132544;4.480681;13067.0
2031;MSTS;QPLIB_5881.qs;21;32;13067.0;13067.0;0.119159;4.59984;13067.0
2032;MSTS;QPLIB_5881.qs;21;33;13067.0;13067.0;0.161793;4.761633;13067.0
2033;MSTS;QPLIB_5881.qs;21;34;13067.0;13067.0;0.124812;4.886445;13067.0
2034;MSTS;QPLIB_5881.qs;21;35;13067.0;13067.0;0.128567;5.015012;13067.0
2035;MSTS;QPLIB_5881.qs;21;36;13067.0;13067.0;0.138979;5.1539909999999995;13067.0
2036;MSTS;QPLIB_5881.qs;21;37;13067.0;13067.0;0.154204;5.3081949999999996;13067.0
2037;MSTS;QPLIB_5881.qs;21;38;13067.0;13067.0;0.18802;5.496215;13067.0
2038;MSTS;QPLIB_5881.qs;21;39;13051.0;13067.0;0.116303;5.612518;13067.0
2039;MSTS;QPLIB_5881.qs;21;40;13067.0;13067.0;0.121605;5.734123;13067.0
2040;MSTS;QPLIB_5881.qs;21;41;13067.0;13067.0;0.11747;5.851593;13067.0
2041;MSTS;QPLIB_5881.qs;21;42;13067.0;13067.0;0.143571;5.995164;13067.0
2042;MSTS;QPLIB_5881.qs;21;43;13067.0;13067.0;0.12955;6.124714;13067.0
2043;MSTS;QPLIB_5881.qs;21;44;13067.0;13067.0;0.133883;6.258597;13067.0
2044;MSTS;QPLIB_5881.qs;21;45;13067.0;13067.0;0.120032;6.378629;13067.0
2045;MSTS;QPLIB_5881.qs;21;46;13067.0;13067.0;0.189367;6.567996;13067.0
2046;MSTS;QPLIB_5881.qs;21;47;13067.0;13067.0;0.171338;6.739334;13067.0
2047;MSTS;QPLIB_5881.qs;21;48;13067.0;13067.0;0.119629;6.858963;13067.0
2048;MSTS;QPLIB_5881.qs;21;49;13067.0;13067.0;0.159633;7.018596;13067.0
2049;MSTS;QPLIB_5881.qs;21;50;13060.0;13067.0;0.116217;7.134813;13067.0
2050;MSTS;QPLIB_5881.qs;21;51;13067.0;13067.0;0.115367;7.25018;13067.0
2051;MSTS;QPLIB_5881.qs;21;52;13067.0;13067.0;0.116278;7.366458;13067.0
2052;MSTS;QPLIB_5881.qs;21;53;13067.0;13067.0;0.13314;7.499598;13067.0
2053;MSTS;QPLIB_5881.qs;21;54;13067.0;13067.0;0.182989;7.682587;13067.0
2054;MSTS;QPLIB_5881.qs;21;55;13067.0;13067.0;0.192286;7.874873;13067.0
2055;MSTS;QPLIB_5881.qs;21;56;13067.0;13067.0;0.148368;8.023241;13067.0
2056;MSTS;QPLIB_5881.qs;21;57;13067.0;13067.0;0.121459;8.1447;13067.0
2057;MSTS;QPLIB_5881.qs;21;58;13067.0;13067.0;0.14066;8.28536;13067.0
2058;MSTS;QPLIB_5881.qs;21;59;13067.0;13067.0;0.152466;8.437826;13067.0
2059;MSTS;QPLIB_5881.qs;21;60;13067.0;13067.0;0.157267;8.595093;13067.0
2060;MSTS;QPLIB_5881.qs;21;61;13067.0;13067.0;0.143346;8.738439;13067.0
2061;MSTS;QPLIB_5881.qs;21;62;13067.0;13067.0;0.135033;8.873472;13067.0
2062;MSTS;QPLIB_5881.qs;21;63;13067.0;13067.0;0.131269;9.004741;13067.0
2063;MSTS;QPLIB_5881.qs;21;64;13067.0;13067.0;0.161206;9.165947;13067.0
2064;MSTS;QPLIB_5881.qs;21;65;13067.0;13067.0;0.207203;9.37315;13067.0
2065;MSTS;QPLIB_5881.qs;21;66;13067.0;13067.0;0.165308;9.538458;13067.0
2066;MSTS;QPLIB_5881.qs;21;67;13067.0;13067.0;0.140019;9.678477;13067.0
2067;MSTS;QPLIB_5881.qs;21;68;13067.0;13067.0;0.17176;9.850237;13067.0
2068;MSTS;QPLIB_5881.qs;21;69;13067.0;13067.0;0.131548;9.981785;13067.0
2069;MSTS;QPLIB_5881.qs;21;70;13051.0;13067.0;0.116702;10.098487;13067.0
2070;MSTS;QPLIB_5881.qs;21;71;13060.0;13067.0;0.125411;10.223898;13067.0
2071;MSTS;QPLIB_5881.qs;21;72;13067.0;13067.0;0.115849;10.339747;13067.0
2072;MSTS;QPLIB_5881.qs;21;73;13067.0;13067.0;0.158923;10.49867;13067.0
2073;MSTS;QPLIB_5881.qs;21;74;13067.0;13067.0;0.144925;10.643595;13067.0
2074;MSTS;QPLIB_5881.qs;21;75;13067.0;13067.0;0.137019;10.780614;13067.0
2075;MSTS;QPLIB_5881.qs;21;76;13067.0;13067.0;0.173138;10.953752;13067.0
2076;MSTS;QPLIB_5881.qs;21;77;13067.0;13067.0;0.202925;11.156677;13067.0
2077;MSTS;QPLIB_5881.qs;21;78;13067.0;13067.0;0.141451;11.298128;13067.0
2078;MSTS;QPLIB_5881.qs;21;79;13067.0;13067.0;0.128123;11.426251;13067.0
2079;MSTS;QPLIB_5881.qs;21;80;13067.0;13067.0;0.209266;11.635517;13067.0
2080;MSTS;QPLIB_5881.qs;21;81;13067.0;13067.0;0.143431;11.778948;13067.0
2081;MSTS;QPLIB_5881.qs;21;82;13067.0;13067.0;0.13621;11.915158;13067.0
2082;MSTS;QPLIB_5881.qs;21;83;13067.0;13067.0;0.153969;12.069127;13067.0
2083;MSTS;QPLIB_5881.qs;21;84;13067.0;13067.0;0.127439;12.196566;13067.0
2084;MSTS;QPLIB_5881.qs;21;85;13067.0;13067.0;0.129227;12.325792999999999;13067.0
2085;MSTS;QPLIB_5881.qs;21;86;13067.0;13067.0;0.172472;12.498265;13067.0
2086;MSTS;QPLIB_5881.qs;21;87;13067.0;13067.0;0.129931;12.628195999999999;13067.0
2087;MSTS;QPLIB_5881.qs;21;88;13067.0;13067.0;0.132699;12.760895;13067.0
2088;MSTS;QPLIB_5881.qs;21;89;13067.0;13067.0;0.120296;12.881191;13067.0
2089;MSTS;QPLIB_5881.qs;21;90;13067.0;13067.0;0.150714;13.031905;13067.0
2090;MSTS;QPLIB_5881.qs;21;91;13067.0;13067.0;0.121321;13.153226;13067.0
2091;MSTS;QPLIB_5881.qs;21;92;13053.0;13067.0;0.134942;13.288168;13067.0
2092;MSTS;QPLIB_5881.qs;21;93;13067.0;13067.0;0.148979;13.437147;13067.0
2093;MSTS;QPLIB_5881.qs;21;94;13067.0;13067.0;0.19967;13.636817;13067.0
2094;MSTS;QPLIB_5881.qs;21;95;13067.0;13067.0;0.119973;13.75679;13067.0
2095;MSTS;QPLIB_5881.qs;21;96;13067.0;13067.0;0.178011;13.934801;13067.0
2096;MSTS;QPLIB_5881.qs;21;97;13067.0;13067.0;0.17306;14.107861;13067.0
2097;MSTS;QPLIB_5881.qs;21;98;13067.0;13067.0;0.147329;14.25519;13067.0
2098;MSTS;QPLIB_5881.qs;21;99;13051.0;13067.0;0.117075;14.372265;13067.0
2099;MSTS;QPLIB_5881.qs;21;100;13067.0;13067.0;0.186769;14.559034;13067.0
2100;MSTS;QPLIB_5881.qs;22;1;13067.0;13067.0;0.293781;0.293781;13067.0
2101;MSTS;QPLIB_5881.qs;22;2;13067.0;13067.0;0.116913;0.410694;13067.0
2102;MSTS;QPLIB_5881.qs;22;3;13067.0;13067.0;0.131148;0.5418419999999999;13067.0
2103;MSTS;QPLIB_5881.qs;22;4;13067.0;13067.0;0.190101;0.731943;13067.0
2104;MSTS;QPLIB_5881.qs;22;5;13067.0;13067.0;0.185754;0.917697;13067.0
2105;MSTS;QPLIB_5881.qs;22;6;13051.0;13067.0;0.116902;1.034599;13067.0
2106;MSTS;QPLIB_5881.qs;22;7;13067.0;13067.0;0.125383;1.159982;13067.0
2107;MSTS;QPLIB_5881.qs;22;8;13067.0;13067.0;0.264077;1.424059;13067.0
2108;MSTS;QPLIB_5881.qs;22;9;13067.0;13067.0;0.167924;1.591983;13067.0
2109;MSTS;QPLIB_5881.qs;22;10;13067.0;13067.0;0.128668;1.720651;13067.0
2110;MSTS;QPLIB_5881.qs;22;11;13067.0;13067.0;0.163554;1.884205;13067.0
2111;MSTS;QPLIB_5881.qs;22;12;13067.0;13067.0;0.178836;2.063041;13067.0
2112;MSTS;QPLIB_5881.qs;22;13;13067.0;13067.0;0.168201;2.231242;13067.0
2113;MSTS;QPLIB_5881.qs;22;14;13067.0;13067.0;0.203615;2.434857;13067.0
2114;MSTS;QPLIB_5881.qs;22;15;13067.0;13067.0;0.181543;2.6164;13067.0
2115;MSTS;QPLIB_5881.qs;22;16;13067.0;13067.0;0.175896;2.792296;13067.0
2116;MSTS;QPLIB_5881.qs;22;17;13067.0;13067.0;0.124926;2.9172219999999998;13067.0
2117;MSTS;QPLIB_5881.qs;22;18;13067.0;13067.0;0.132944;3.050166;13067.0
2118;MSTS;QPLIB_5881.qs;22;19;13060.0;13067.0;0.131529;3.181695;13067.0
2119;MSTS;QPLIB_5881.qs;22;20;13067.0;13067.0;0.11657;3.298265;13067.0
2120;MSTS;QPLIB_5881.qs;22;21;13067.0;13067.0;0.117311;3.4155759999999997;13067.0
2121;MSTS;QPLIB_5881.qs;22;22;13051.0;13067.0;0.115851;3.531427;13067.0
2122;MSTS;QPLIB_5881.qs;22;23;13067.0;13067.0;0.119879;3.651306;13067.0
2123;MSTS;QPLIB_5881.qs;22;24;13067.0;13067.0;0.143442;3.794748;13067.0
2124;MSTS;QPLIB_5881.qs;22;25;13067.0;13067.0;0.177003;3.971751;13067.0
2125;MSTS;QPLIB_5881.qs;22;26;13067.0;13067.0;0.167271;4.139022;13067.0
2126;MSTS;QPLIB_5881.qs;22;27;13067.0;13067.0;0.133971;4.272993;13067.0
2127;MSTS;QPLIB_5881.qs;22;28;13067.0;13067.0;0.174838;4.447831;13067.0
2128;MSTS;QPLIB_5881.qs;22;29;13067.0;13067.0;0.138079;4.58591;13067.0
2129;MSTS;QPLIB_5881.qs;22;30;13067.0;13067.0;0.123386;4.709296;13067.0
2130;MSTS;QPLIB_5881.qs;22;31;13067.0;13067.0;0.24876;4.958056;13067.0
2131;MSTS;QPLIB_5881.qs;22;32;13067.0;13067.0;0.169044;5.1270999999999995;13067.0
2132;MSTS;QPLIB_5881.qs;22;33;13067.0;13067.0;0.130695;5.257795;13067.0
2133;MSTS;QPLIB_5881.qs;22;34;13067.0;13067.0;0.200254;5.458049;13067.0
2134;MSTS;QPLIB_5881.qs;22;35;13067.0;13067.0;0.156178;5.614227;13067.0
2135;MSTS;QPLIB_5881.qs;22;36;13067.0;13067.0;0.130057;5.7442839999999995;13067.0
2136;MSTS;QPLIB_5881.qs;22;37;13067.0;13067.0;0.13718;5.881464;13067.0
2137;MSTS;QPLIB_5881.qs;22;38;13067.0;13067.0;0.167624;6.049088;13067.0
2138;MSTS;QPLIB_5881.qs;22;39;13067.0;13067.0;0.128572;6.1776599999999995;13067.0
2139;MSTS;QPLIB_5881.qs;22;40;13067.0;13067.0;0.129535;6.307195;13067.0
2140;MSTS;QPLIB_5881.qs;22;41;13067.0;13067.0;0.118133;6.4253279999999995;13067.0
2141;MSTS;QPLIB_5881.qs;22;42;13067.0;13067.0;0.164127;6.589455;13067.0
2142;MSTS;QPLIB_5881.qs;22;43;13067.0;13067.0;0.131004;6.720459;13067.0
2143;MSTS;QPLIB_5881.qs;22;44;13067.0;13067.0;0.14441;6.864869;13067.0
2144;MSTS;QPLIB_5881.qs;22;45;13067.0;13067.0;0.117726;6.982595;13067.0
2145;MSTS;QPLIB_5881.qs;22;46;13067.0;13067.0;0.117726;7.100321;13067.0
2146;MSTS;QPLIB_5881.qs;22;47;13067.0;13067.0;0.122433;7.222754;13067.0
2147;MSTS;QPLIB_5881.qs;22;48;13067.0;13067.0;0.123606;7.34636;13067.0
2148;MSTS;QPLIB_5881.qs;22;49;13067.0;13067.0;0.174393;7.520753;13067.0
2149;MSTS;QPLIB_5881.qs;22;50;13067.0;13067.0;0.142043;7.662796;13067.0
2150;MSTS;QPLIB_5881.qs;22;51;13051.0;13067.0;0.114828;7.777624;13067.0
2151;MSTS;QPLIB_5881.qs;22;52;13067.0;13067.0;0.125306;7.90293;13067.0
2152;MSTS;QPLIB_5881.qs;22;53;13067.0;13067.0;0.124303;8.027233;13067.0
2153;MSTS;QPLIB_5881.qs;22;54;13067.0;13067.0;0.141871;8.169103999999999;13067.0
2154;MSTS;QPLIB_5881.qs;22;55;13067.0;13067.0;0.116913;8.286017;13067.0
2155;MSTS;QPLIB_5881.qs;22;56;13067.0;13067.0;0.118899;8.404916;13067.0
2156;MSTS;QPLIB_5881.qs;22;57;13067.0;13067.0;0.134031;8.538947;13067.0
2157;MSTS;QPLIB_5881.qs;22;58;13067.0;13067.0;0.192871;8.731818;13067.0
2158;MSTS;QPLIB_5881.qs;22;59;13067.0;13067.0;0.135052;8.86687;13067.0
2159;MSTS;QPLIB_5881.qs;22;60;13067.0;13067.0;0.152027;9.018896999999999;13067.0
2160;MSTS;QPLIB_5881.qs;22;61;13067.0;13067.0;0.133727;9.152624;13067.0
2161;MSTS;QPLIB_5881.qs;22;62;13067.0;13067.0;0.135872;9.288496;13067.0
2162;MSTS;QPLIB_5881.qs;22;63;13067.0;13067.0;0.124042;9.412538;13067.0
2163;MSTS;QPLIB_5881.qs;22;64;13067.0;13067.0;0.120629;9.533167;13067.0
2164;MSTS;QPLIB_5881.qs;22;65;13067.0;13067.0;0.116522;9.649689;13067.0
2165;MSTS;QPLIB_5881.qs;22;66;13067.0;13067.0;0.125371;9.77506;13067.0
2166;MSTS;QPLIB_5881.qs;22;67;13067.0;13067.0;0.158324;9.933384;13067.0
2167;MSTS;QPLIB_5881.qs;22;68;13067.0;13067.0;0.136762;10.070146;13067.0
2168;MSTS;QPLIB_5881.qs;22;69;13067.0;13067.0;0.135053;10.205199;13067.0
2169;MSTS;QPLIB_5881.qs;22;70;13067.0;13067.0;0.143008;10.348207;13067.0
2170;MSTS;QPLIB_5881.qs;22;71;13060.0;13067.0;0.117214;10.465421;13067.0
2171;MSTS;QPLIB_5881.qs;22;72;13067.0;13067.0;0.114102;10.579523;13067.0
2172;MSTS;QPLIB_5881.qs;22;73;13067.0;13067.0;0.121788;10.701311;13067.0
2173;MSTS;QPLIB_5881.qs;22;74;13067.0;13067.0;0.146091;10.847402;13067.0
2174;MSTS;QPLIB_5881.qs;22;75;13067.0;13067.0;0.119166;10.966568;13067.0
2175;MSTS;QPLIB_5881.qs;22;76;13067.0;13067.0;0.117677;11.084245;13067.0
2176;MSTS;QPLIB_5881.qs;22;77;13067.0;13067.0;0.190321;11.274566;13067.0
2177;MSTS;QPLIB_5881.qs;22;78;13067.0;13067.0;0.130075;11.404641;13067.0
2178;MSTS;QPLIB_5881.qs;22;79;13067.0;13067.0;0.11993;11.524571;13067.0
2179;MSTS;QPLIB_5881.qs;22;80;13067.0;13067.0;0.11542;11.639991;13067.0
2180;MSTS;QPLIB_5881.qs;22;81;13067.0;13067.0;0.184734;11.824724999999999;13067.0
2181;MSTS;QPLIB_5881.qs;22;82;13067.0;13067.0;0.132235;11.95696;13067.0
2182;MSTS;QPLIB_5881.qs;22;83;13067.0;13067.0;0.118526;12.075486;13067.0
2183;MSTS;QPLIB_5881.qs;22;84;13067.0;13067.0;0.178443;12.253929;13067.0
2184;MSTS;QPLIB_5881.qs;22;85;13067.0;13067.0;0.129748;12.383677;13067.0
2185;MSTS;QPLIB_5881.qs;22;86;13051.0;13067.0;0.113357;12.497034;13067.0
2186;MSTS;QPLIB_5881.qs;22;87;13067.0;13067.0;0.117764;12.614798;13067.0
2187;MSTS;QPLIB_5881.qs;22;88;13067.0;13067.0;0.134319;12.749117;13067.0
2188;MSTS;QPLIB_5881.qs;22;89;13051.0;13067.0;0.115433;12.86455;13067.0
2189;MSTS;QPLIB_5881.qs;22;90;13067.0;13067.0;0.116518;12.981068;13067.0
2190;MSTS;QPLIB_5881.qs;22;91;13067.0;13067.0;0.118575;13.099643;13067.0
2191;MSTS;QPLIB_5881.qs;22;92;13067.0;13067.0;0.13413;13.233773;13067.0
2192;MSTS;QPLIB_5881.qs;22;93;13067.0;13067.0;0.12488;13.358653;13067.0
2193;MSTS;QPLIB_5881.qs;22;94;13067.0;13067.0;0.126787;13.48544;13067.0
2194;MSTS;QPLIB_5881.qs;22;95;13067.0;13067.0;0.129206;13.614646;13067.0
2195;MSTS;QPLIB_5881.qs;22;96;13067.0;13067.0;0.143395;13.758041;13067.0
2196;MSTS;QPLIB_5881.qs;22;97;13067.0;13067.0;0.156668;13.914709;13067.0
2197;MSTS;QPLIB_5881.qs;22;98;13067.0;13067.0;0.164582;14.079291;13067.0
2198;MSTS;QPLIB_5881.qs;22;99;13067.0;13067.0;0.181203;14.260494;13067.0
2199;MSTS;QPLIB_5881.qs;22;100;13067.0;13067.0;0.123145;14.383639;13067.0
2200;MSTS;QPLIB_5881.qs;23;1;13067.0;13067.0;0.242485;0.242485;13067.0
2201;MSTS;QPLIB_5881.qs;23;2;13067.0;13067.0;0.17878;0.421265;13067.0
2202;MSTS;QPLIB_5881.qs;23;3;13067.0;13067.0;0.155719;0.5769839999999999;13067.0
2203;MSTS;QPLIB_5881.qs;23;4;13067.0;13067.0;0.116659;0.693643;13067.0
2204;MSTS;QPLIB_5881.qs;23;5;13067.0;13067.0;0.188565;0.882208;13067.0
2205;MSTS;QPLIB_5881.qs;23;6;13067.0;13067.0;0.173317;1.055525;13067.0
2206;MSTS;QPLIB_5881.qs;23;7;13067.0;13067.0;0.174482;1.230007;13067.0
2207;MSTS;QPLIB_5881.qs;23;8;13067.0;13067.0;0.136387;1.366394;13067.0
2208;MSTS;QPLIB_5881.qs;23;9;13067.0;13067.0;0.186728;1.5531220000000001;13067.0
2209;MSTS;QPLIB_5881.qs;23;10;13051.0;13067.0;0.113303;1.666425;13067.0
2210;MSTS;QPLIB_5881.qs;23;11;13067.0;13067.0;0.135552;1.801977;13067.0
2211;MSTS;QPLIB_5881.qs;23;12;13067.0;13067.0;0.19253;1.994507;13067.0
2212;MSTS;QPLIB_5881.qs;23;13;13067.0;13067.0;0.129025;2.123532;13067.0
2213;MSTS;QPLIB_5881.qs;23;14;13067.0;13067.0;0.119646;2.243178;13067.0
2214;MSTS;QPLIB_5881.qs;23;15;13067.0;13067.0;0.16778;2.410958;13067.0
2215;MSTS;QPLIB_5881.qs;23;16;13051.0;13067.0;0.113431;2.524389;13067.0
2216;MSTS;QPLIB_5881.qs;23;17;13067.0;13067.0;0.116342;2.640731;13067.0
2217;MSTS;QPLIB_5881.qs;23;18;13067.0;13067.0;0.115916;2.756647;13067.0
2218;MSTS;QPLIB_5881.qs;23;19;13067.0;13067.0;0.115762;2.872409;13067.0
2219;MSTS;QPLIB_5881.qs;23;20;13067.0;13067.0;0.166188;3.038597;13067.0
2220;MSTS;QPLIB_5881.qs;23;21;13067.0;13067.0;0.141518;3.1801150000000002;13067.0
2221;MSTS;QPLIB_5881.qs;23;22;13067.0;13067.0;0.144924;3.325039;13067.0
2222;MSTS;QPLIB_5881.qs;23;23;13067.0;13067.0;0.132332;3.457371;13067.0
2223;MSTS;QPLIB_5881.qs;23;24;13067.0;13067.0;0.150309;3.60768;13067.0
2224;MSTS;QPLIB_5881.qs;23;25;13051.0;13067.0;0.114797;3.722477;13067.0
2225;MSTS;QPLIB_5881.qs;23;26;13067.0;13067.0;0.115433;3.83791;13067.0
2226;MSTS;QPLIB_5881.qs;23;27;13067.0;13067.0;0.137753;3.975663;13067.0
2227;MSTS;QPLIB_5881.qs;23;28;13067.0;13067.0;0.191215;4.166878;13067.0
2228;MSTS;QPLIB_5881.qs;23;29;13067.0;13067.0;0.126561;4.293439;13067.0
2229;MSTS;QPLIB_5881.qs;23;30;13067.0;13067.0;0.142382;4.435821;13067.0
2230;MSTS;QPLIB_5881.qs;23;31;13067.0;13067.0;0.202109;4.63793;13067.0
2231;MSTS;QPLIB_5881.qs;23;32;13067.0;13067.0;0.131764;4.769694;13067.0
2232;MSTS;QPLIB_5881.qs;23;33;13067.0;13067.0;0.126126;4.89582;13067.0
2233;MSTS;QPLIB_5881.qs;23;34;13067.0;13067.0;0.144554;5.040374;13067.0
2234;MSTS;QPLIB_5881.qs;23;35;13067.0;13067.0;0.119024;5.159398;13067.0
2235;MSTS;QPLIB_5881.qs;23;36;13067.0;13067.0;0.178611;5.338009;13067.0
2236;MSTS;QPLIB_5881.qs;23;37;13067.0;13067.0;0.125973;5.463982;13067.0
2237;MSTS;QPLIB_5881.qs;23;38;13067.0;13067.0;0.16658;5.630562;13067.0
2238;MSTS;QPLIB_5881.qs;23;39;13067.0;13067.0;0.167165;5.797727;13067.0
2239;MSTS;QPLIB_5881.qs;23;40;13067.0;13067.0;0.144002;5.941729;13067.0
2240;MSTS;QPLIB_5881.qs;23;41;13067.0;13067.0;0.157816;6.099545;13067.0
2241;MSTS;QPLIB_5881.qs;23;42;13067.0;13067.0;0.165572;6.265117;13067.0
2242;MSTS;QPLIB_5881.qs;23;43;13067.0;13067.0;0.117074;6.382191;13067.0
2243;MSTS;QPLIB_5881.qs;23;44;13067.0;13067.0;0.150887;6.533078;13067.0
2244;MSTS;QPLIB_5881.qs;23;45;13067.0;13067.0;0.121208;6.654286;13067.0
2245;MSTS;QPLIB_5881.qs;23;46;13067.0;13067.0;0.115445;6.769731;13067.0
2246;MSTS;QPLIB_5881.qs;23;47;13067.0;13067.0;0.147556;6.917287;13067.0
2247;MSTS;QPLIB_5881.qs;23;48;13067.0;13067.0;0.132144;7.049431;13067.0
2248;MSTS;QPLIB_5881.qs;23;49;13067.0;13067.0;0.119137;7.168568;13067.0
2249;MSTS;QPLIB_5881.qs;23;50;13067.0;13067.0;0.140387;7.308955;13067.0
2250;MSTS;QPLIB_5881.qs;23;51;13067.0;13067.0;0.171565;7.48052;13067.0
2251;MSTS;QPLIB_5881.qs;23;52;13067.0;13067.0;0.145828;7.626348;13067.0
2252;MSTS;QPLIB_5881.qs;23;53;13067.0;13067.0;0.12929;7.755638;13067.0
2253;MSTS;QPLIB_5881.qs;23;54;13067.0;13067.0;0.138666;7.894304;13067.0
2254;MSTS;QPLIB_5881.qs;23;55;13067.0;13067.0;0.208956;8.10326;13067.0
2255;MSTS;QPLIB_5881.qs;23;56;13067.0;13067.0;0.116782;8.220042;13067.0
2256;MSTS;QPLIB_5881.qs;23;57;13067.0;13067.0;0.157699;8.377741;13067.0
2257;MSTS;QPLIB_5881.qs;23;58;13051.0;13067.0;0.113929;8.49167;13067.0
2258;MSTS;QPLIB_5881.qs;23;59;13067.0;13067.0;0.137807;8.629477;13067.0
2259;MSTS;QPLIB_5881.qs;23;60;13067.0;13067.0;0.127091;8.756568;13067.0
2260;MSTS;QPLIB_5881.qs;23;61;13067.0;13067.0;0.124016;8.880584;13067.0
2261;MSTS;QPLIB_5881.qs;23;62;13067.0;13067.0;0.118062;8.998646;13067.0
2262;MSTS;QPLIB_5881.qs;23;63;13067.0;13067.0;0.164528;9.163174;13067.0
2263;MSTS;QPLIB_5881.qs;23;64;13067.0;13067.0;0.12226;9.285434;13067.0
2264;MSTS;QPLIB_5881.qs;23;65;13067.0;13067.0;0.145751;9.431185;13067.0
2265;MSTS;QPLIB_5881.qs;23;66;13067.0;13067.0;0.122582;9.553767;13067.0
2266;MSTS;QPLIB_5881.qs;23;67;13067.0;13067.0;0.15148;9.705247;13067.0
2267;MSTS;QPLIB_5881.qs;23;68;13067.0;13067.0;0.147317;9.852564000000001;13067.0
2268;MSTS;QPLIB_5881.qs;23;69;13067.0;13067.0;0.116713;9.969277;13067.0
2269;MSTS;QPLIB_5881.qs;23;70;13067.0;13067.0;0.132811;10.102088;13067.0
2270;MSTS;QPLIB_5881.qs;23;71;13067.0;13067.0;0.120098;10.222186;13067.0
2271;MSTS;QPLIB_5881.qs;23;72;13067.0;13067.0;0.170679;10.392865;13067.0
2272;MSTS;QPLIB_5881.qs;23;73;13067.0;13067.0;0.138292;10.531157;13067.0
2273;MSTS;QPLIB_5881.qs;23;74;13051.0;13067.0;0.114831;10.645988000000001;13067.0
2274;MSTS;QPLIB_5881.qs;23;75;13067.0;13067.0;0.112672;10.75866;13067.0
2275;MSTS;QPLIB_5881.qs;23;76;13067.0;13067.0;0.14578;10.904440000000001;13067.0
2276;MSTS;QPLIB_5881.qs;23;77;13067.0;13067.0;0.145978;11.050418;13067.0
2277;MSTS;QPLIB_5881.qs;23;78;13067.0;13067.0;0.137413;11.187831000000001;13067.0
2278;MSTS;QPLIB_5881.qs;23;79;13067.0;13067.0;0.115595;11.303426;13067.0
2279;MSTS;QPLIB_5881.qs;23;80;13067.0;13067.0;0.166245;11.469671;13067.0
2280;MSTS;QPLIB_5881.qs;23;81;13067.0;13067.0;0.163161;11.632832;13067.0
2281;MSTS;QPLIB_5881.qs;23;82;13067.0;13067.0;0.132239;11.765071;13067.0
2282;MSTS;QPLIB_5881.qs;23;83;13067.0;13067.0;0.13585;11.900921;13067.0
2283;MSTS;QPLIB_5881.qs;23;84;13051.0;13067.0;0.113046;12.013967000000001;13067.0
2284;MSTS;QPLIB_5881.qs;23;85;13067.0;13067.0;0.119399;12.133366;13067.0
2285;MSTS;QPLIB_5881.qs;23;86;13067.0;13067.0;0.121353;12.254719;13067.0
2286;MSTS;QPLIB_5881.qs;23;87;13067.0;13067.0;0.138368;12.393087;13067.0
2287;MSTS;QPLIB_5881.qs;23;88;13067.0;13067.0;0.19263;12.585717;13067.0
2288;MSTS;QPLIB_5881.qs;23;89;13051.0;13067.0;0.113806;12.699523000000001;13067.0
2289;MSTS;QPLIB_5881.qs;23;90;13067.0;13067.0;0.150112;12.849635;13067.0
2290;MSTS;QPLIB_5881.qs;23;91;13067.0;13067.0;0.127553;12.977188;13067.0
2291;MSTS;QPLIB_5881.qs;23;92;13067.0;13067.0;0.15957;13.136758;13067.0
2292;MSTS;QPLIB_5881.qs;23;93;13067.0;13067.0;0.15199;13.288748;13067.0
2293;MSTS;QPLIB_5881.qs;23;94;13060.0;13067.0;0.140696;13.429444;13067.0
2294;MSTS;QPLIB_5881.qs;23;95;13067.0;13067.0;0.114424;13.543868;13067.0
2295;MSTS;QPLIB_5881.qs;23;96;13067.0;13067.0;0.114783;13.658651;13067.0
2296;MSTS;QPLIB_5881.qs;23;97;13051.0;13067.0;0.115906;13.774557;13067.0
2297;MSTS;QPLIB_5881.qs;23;98;13067.0;13067.0;0.125916;13.900473;13067.0
2298;MSTS;QPLIB_5881.qs;23;99;13051.0;13067.0;0.113097;14.01357;13067.0
2299;MSTS;QPLIB_5881.qs;23;100;13067.0;13067.0;0.123407;14.136977;13067.0
2300;MSTS;QPLIB_5881.qs;24;1;13067.0;13067.0;0.2391;0.2391;13067.0
2301;MSTS;QPLIB_5881.qs;24;2;13067.0;13067.0;0.115227;0.354327;13067.0
2302;MSTS;QPLIB_5881.qs;24;3;13067.0;13067.0;0.124011;0.478338;13067.0
2303;MSTS;QPLIB_5881.qs;24;4;13067.0;13067.0;0.161125;0.639463;13067.0
2304;MSTS;QPLIB_5881.qs;24;5;13067.0;13067.0;0.182768;0.822231;13067.0
2305;MSTS;QPLIB_5881.qs;24;6;13067.0;13067.0;0.182988;1.005219;13067.0
2306;MSTS;QPLIB_5881.qs;24;7;13067.0;13067.0;0.135369;1.140588;13067.0
2307;MSTS;QPLIB_5881.qs;24;8;13067.0;13067.0;0.158899;1.299487;13067.0
2308;MSTS;QPLIB_5881.qs;24;9;13067.0;13067.0;0.140963;1.44045;13067.0
2309;MSTS;QPLIB_5881.qs;24;10;13067.0;13067.0;0.133839;1.574289;13067.0
2310;MSTS;QPLIB_5881.qs;24;11;13067.0;13067.0;0.190041;1.76433;13067.0
2311;MSTS;QPLIB_5881.qs;24;12;13051.0;13067.0;0.11129;1.87562;13067.0
2312;MSTS;QPLIB_5881.qs;24;13;13067.0;13067.0;0.223513;2.099133;13067.0
2313;MSTS;QPLIB_5881.qs;24;14;13067.0;13067.0;0.121129;2.220262;13067.0
2314;MSTS;QPLIB_5881.qs;24;15;13067.0;13067.0;0.179863;2.400125;13067.0
2315;MSTS;QPLIB_5881.qs;24;16;13067.0;13067.0;0.171243;2.571368;13067.0
2316;MSTS;QPLIB_5881.qs;24;17;13067.0;13067.0;0.133689;2.705057;13067.0
2317;MSTS;QPLIB_5881.qs;24;18;13067.0;13067.0;0.144317;2.849374;13067.0
2318;MSTS;QPLIB_5881.qs;24;19;13067.0;13067.0;0.195659;3.045033;13067.0
2319;MSTS;QPLIB_5881.qs;24;20;13067.0;13067.0;0.178323;3.223356;13067.0
2320;MSTS;QPLIB_5881.qs;24;21;13067.0;13067.0;0.143758;3.367114;13067.0
2321;MSTS;QPLIB_5881.qs;24;22;13067.0;13067.0;0.145634;3.512748;13067.0
2322;MSTS;QPLIB_5881.qs;24;23;13067.0;13067.0;0.12089;3.633638;13067.0
2323;MSTS;QPLIB_5881.qs;24;24;13067.0;13067.0;0.117889;3.751527;13067.0
2324;MSTS;QPLIB_5881.qs;24;25;13067.0;13067.0;0.125397;3.876924;13067.0
2325;MSTS;QPLIB_5881.qs;24;26;13067.0;13067.0;0.138936;4.01586;13067.0
2326;MSTS;QPLIB_5881.qs;24;27;13067.0;13067.0;0.124431;4.140291;13067.0
2327;MSTS;QPLIB_5881.qs;24;28;13067.0;13067.0;0.161652;4.301943;13067.0
2328;MSTS;QPLIB_5881.qs;24;29;13067.0;13067.0;0.13665;4.438593;13067.0
2329;MSTS;QPLIB_5881.qs;24;30;13067.0;13067.0;0.166846;4.605439;13067.0
2330;MSTS;QPLIB_5881.qs;24;31;13067.0;13067.0;0.120048;4.725487;13067.0
2331;MSTS;QPLIB_5881.qs;24;32;13067.0;13067.0;0.145878;4.871365;13067.0
2332;MSTS;QPLIB_5881.qs;24;33;13067.0;13067.0;0.182477;5.053842;13067.0
2333;MSTS;QPLIB_5881.qs;24;34;13067.0;13067.0;0.170856;5.224698;13067.0
2334;MSTS;QPLIB_5881.qs;24;35;13067.0;13067.0;0.183981;5.408679;13067.0
2335;MSTS;QPLIB_5881.qs;24;36;13067.0;13067.0;0.14075;5.549429;13067.0
2336;MSTS;QPLIB_5881.qs;24;37;13067.0;13067.0;0.16013;5.709559;13067.0
2337;MSTS;QPLIB_5881.qs;24;38;13067.0;13067.0;0.13703;5.846589;13067.0
2338;MSTS;QPLIB_5881.qs;24;39;13067.0;13067.0;0.172095;6.018684;13067.0
2339;MSTS;QPLIB_5881.qs;24;40;13067.0;13067.0;0.118906;6.13759;13067.0
2340;MSTS;QPLIB_5881.qs;24;41;13067.0;13067.0;0.17447;6.31206;13067.0
2341;MSTS;QPLIB_5881.qs;24;42;13067.0;13067.0;0.136438;6.448498;13067.0
2342;MSTS;QPLIB_5881.qs;24;43;13067.0;13067.0;0.127649;6.576147;13067.0
2343;MSTS;QPLIB_5881.qs;24;44;13067.0;13067.0;0.180112;6.756259;13067.0
2344;MSTS;QPLIB_5881.qs;24;45;13067.0;13067.0;0.136015;6.8922740000000005;13067.0
2345;MSTS;QPLIB_5881.qs;24;46;13067.0;13067.0;0.144194;7.036468;13067.0
2346;MSTS;QPLIB_5881.qs;24;47;13067.0;13067.0;0.118972;7.15544;13067.0
2347;MSTS;QPLIB_5881.qs;24;48;13067.0;13067.0;0.185553;7.340993;13067.0
2348;MSTS;QPLIB_5881.qs;24;49;13067.0;13067.0;0.136705;7.477698;13067.0
2349;MSTS;QPLIB_5881.qs;24;50;13060.0;13067.0;0.16753;7.645228;13067.0
2350;MSTS;QPLIB_5881.qs;24;51;13067.0;13067.0;0.114532;7.75976;13067.0
2351;MSTS;QPLIB_5881.qs;24;52;13067.0;13067.0;0.144469;7.904229;13067.0
2352;MSTS;QPLIB_5881.qs;24;53;13067.0;13067.0;0.20002;8.104249;13067.0
2353;MSTS;QPLIB_5881.qs;24;54;13067.0;13067.0;0.146016;8.250265;13067.0
2354;MSTS;QPLIB_5881.qs;24;55;13067.0;13067.0;0.138137;8.388402;13067.0
2355;MSTS;QPLIB_5881.qs;24;56;13067.0;13067.0;0.122787;8.511189;13067.0
2356;MSTS;QPLIB_5881.qs;24;57;13067.0;13067.0;0.129515;8.640704;13067.0
2357;MSTS;QPLIB_5881.qs;24;58;13067.0;13067.0;0.162621;8.803325;13067.0
2358;MSTS;QPLIB_5881.qs;24;59;13067.0;13067.0;0.13309;8.936415;13067.0
2359;MSTS;QPLIB_5881.qs;24;60;13067.0;13067.0;0.130842;9.067257;13067.0
2360;MSTS;QPLIB_5881.qs;24;61;13067.0;13067.0;0.179897;9.247154;13067.0
2361;MSTS;QPLIB_5881.qs;24;62;13067.0;13067.0;0.12599;9.373144;13067.0
2362;MSTS;QPLIB_5881.qs;24;63;13060.0;13067.0;0.145672;9.518816;13067.0
2363;MSTS;QPLIB_5881.qs;24;64;13067.0;13067.0;0.112884;9.6317;13067.0
2364;MSTS;QPLIB_5881.qs;24;65;13067.0;13067.0;0.168549;9.800249;13067.0
2365;MSTS;QPLIB_5881.qs;24;66;13060.0;13067.0;0.135261;9.93551;13067.0
2366;MSTS;QPLIB_5881.qs;24;67;13067.0;13067.0;0.113474;10.048984;13067.0
2367;MSTS;QPLIB_5881.qs;24;68;13067.0;13067.0;0.128769;10.177753;13067.0
2368;MSTS;QPLIB_5881.qs;24;69;13067.0;13067.0;0.195327;10.37308;13067.0
2369;MSTS;QPLIB_5881.qs;24;70;13067.0;13067.0;0.133461;10.506541;13067.0
2370;MSTS;QPLIB_5881.qs;24;71;13067.0;13067.0;0.132429;10.63897;13067.0
2371;MSTS;QPLIB_5881.qs;24;72;13067.0;13067.0;0.119207;10.758177;13067.0
2372;MSTS;QPLIB_5881.qs;24;73;13067.0;13067.0;0.185119;10.943296;13067.0
2373;MSTS;QPLIB_5881.qs;24;74;13067.0;13067.0;0.209988;11.153284;13067.0
2374;MSTS;QPLIB_5881.qs;24;75;13067.0;13067.0;0.123436;11.27672;13067.0
2375;MSTS;QPLIB_5881.qs;24;76;13067.0;13067.0;0.155277;11.431996999999999;13067.0
2376;MSTS;QPLIB_5881.qs;24;77;13067.0;13067.0;0.138393;11.57039;13067.0
2377;MSTS;QPLIB_5881.qs;24;78;13060.0;13067.0;0.136254;11.706644;13067.0
2378;MSTS;QPLIB_5881.qs;24;79;13067.0;13067.0;0.115246;11.82189;13067.0
2379;MSTS;QPLIB_5881.qs;24;80;13067.0;13067.0;0.131946;11.953836;13067.0
2380;MSTS;QPLIB_5881.qs;24;81;13067.0;13067.0;0.119961;12.073797;13067.0
2381;MSTS;QPLIB_5881.qs;24;82;13067.0;13067.0;0.121312;12.195109;13067.0
2382;MSTS;QPLIB_5881.qs;24;83;13067.0;13067.0;0.133081;12.32819;13067.0
2383;MSTS;QPLIB_5881.qs;24;84;13067.0;13067.0;0.133253;12.461443;13067.0
2384;MSTS;QPLIB_5881.qs;24;85;13067.0;13067.0;0.125802;12.587245;13067.0
2385;MSTS;QPLIB_5881.qs;24;86;13067.0;13067.0;0.113808;12.701053;13067.0
2386;MSTS;QPLIB_5881.qs;24;87;13067.0;13067.0;0.123;12.824053;13067.0
2387;MSTS;QPLIB_5881.qs;24;88;13067.0;13067.0;0.200921;13.024974;13067.0
2388;MSTS;QPLIB_5881.qs;24;89;13067.0;13067.0;0.132193;13.157167;13067.0
2389;MSTS;QPLIB_5881.qs;24;90;13067.0;13067.0;0.157267;13.314434;13067.0
2390;MSTS;QPLIB_5881.qs;24;91;13067.0;13067.0;0.175125;13.489559;13067.0
2391;MSTS;QPLIB_5881.qs;24;92;13067.0;13067.0;0.145325;13.634884;13067.0
2392;MSTS;QPLIB_5881.qs;24;93;13067.0;13067.0;0.123647;13.758531;13067.0
2393;MSTS;QPLIB_5881.qs;24;94;13067.0;13067.0;0.122675;13.881206;13067.0
2394;MSTS;QPLIB_5881.qs;24;95;13067.0;13067.0;0.141704;14.02291;13067.0
2395;MSTS;QPLIB_5881.qs;24;96;13067.0;13067.0;0.187712;14.210622;13067.0
2396;MSTS;QPLIB_5881.qs;24;97;13067.0;13067.0;0.163533;14.374155;13067.0
2397;MSTS;QPLIB_5881.qs;24;98;13067.0;13067.0;0.189857;14.564012;13067.0
2398;MSTS;QPLIB_5881.qs;24;99;13067.0;13067.0;0.114345;14.678357;13067.0
2399;MSTS;QPLIB_5881.qs;24;100;13067.0;13067.0;0.115288;14.793645;13067.0
2400;MSTS;QPLIB_5881.qs;25;1;13067.0;13067.0;0.283954;0.283954;13067.0
2401;MSTS;QPLIB_5881.qs;25;2;13067.0;13067.0;0.166538;0.450492;13067.0
2402;MSTS;QPLIB_5881.qs;25;3;13067.0;13067.0;0.159018;0.60951;13067.0
2403;MSTS;QPLIB_5881.qs;25;4;13067.0;13067.0;0.158493;0.768003;13067.0
2404;MSTS;QPLIB_5881.qs;25;5;13051.0;13067.0;0.113564;0.881567;13067.0
2405;MSTS;QPLIB_5881.qs;25;6;13067.0;13067.0;0.11688;0.998447;13067.0
2406;MSTS;QPLIB_5881.qs;25;7;13067.0;13067.0;0.127309;1.125756;13067.0
2407;MSTS;QPLIB_5881.qs;25;8;13067.0;13067.0;0.173812;1.299568;13067.0
2408;MSTS;QPLIB_5881.qs;25;9;13067.0;13067.0;0.207569;1.507137;13067.0
2409;MSTS;QPLIB_5881.qs;25;10;13067.0;13067.0;0.153209;1.660346;13067.0
2410;MSTS;QPLIB_5881.qs;25;11;13067.0;13067.0;0.15704;1.817386;13067.0
2411;MSTS;QPLIB_5881.qs;25;12;13067.0;13067.0;0.200478;2.017864;13067.0
2412;MSTS;QPLIB_5881.qs;25;13;13067.0;13067.0;0.136557;2.154421;13067.0
2413;MSTS;QPLIB_5881.qs;25;14;13067.0;13067.0;0.114254;2.268675;13067.0
2414;MSTS;QPLIB_5881.qs;25;15;13067.0;13067.0;0.133844;2.402519;13067.0
2415;MSTS;QPLIB_5881.qs;25;16;13067.0;13067.0;0.151278;2.553797;13067.0
2416;MSTS;QPLIB_5881.qs;25;17;13067.0;13067.0;0.139838;2.693635;13067.0
2417;MSTS;QPLIB_5881.qs;25;18;13067.0;13067.0;0.16582;2.859455;13067.0
2418;MSTS;QPLIB_5881.qs;25;19;13067.0;13067.0;0.136612;2.996067;13067.0
2419;MSTS;QPLIB_5881.qs;25;20;13060.0;13067.0;0.125902;3.121969;13067.0
2420;MSTS;QPLIB_5881.qs;25;21;13067.0;13067.0;0.112926;3.234895;13067.0
2421;MSTS;QPLIB_5881.qs;25;22;13067.0;13067.0;0.132607;3.367502;13067.0
2422;MSTS;QPLIB_5881.qs;25;23;13067.0;13067.0;0.135202;3.502704;13067.0
2423;MSTS;QPLIB_5881.qs;25;24;13067.0;13067.0;0.150729;3.653433;13067.0
2424;MSTS;QPLIB_5881.qs;25;25;13067.0;13067.0;0.129298;3.782731;13067.0
2425;MSTS;QPLIB_5881.qs;25;26;13067.0;13067.0;0.156948;3.939679;13067.0
2426;MSTS;QPLIB_5881.qs;25;27;13067.0;13067.0;0.162114;4.101793;13067.0
2427;MSTS;QPLIB_5881.qs;25;28;13067.0;13067.0;0.117119;4.2189119999999996;13067.0
2428;MSTS;QPLIB_5881.qs;25;29;13067.0;13067.0;0.12876;4.347672;13067.0
2429;MSTS;QPLIB_5881.qs;25;30;13067.0;13067.0;0.12665;4.474322;13067.0
2430;MSTS;QPLIB_5881.qs;25;31;13051.0;13067.0;0.112734;4.587056;13067.0
2431;MSTS;QPLIB_5881.qs;25;32;13067.0;13067.0;0.119648;4.706704;13067.0
2432;MSTS;QPLIB_5881.qs;25;33;13067.0;13067.0;0.151047;4.857751;13067.0
2433;MSTS;QPLIB_5881.qs;25;34;13067.0;13067.0;0.122159;4.97991;13067.0
2434;MSTS;QPLIB_5881.qs;25;35;13067.0;13067.0;0.133161;5.113071;13067.0
2435;MSTS;QPLIB_5881.qs;25;36;13067.0;13067.0;0.165793;5.278864;13067.0
2436;MSTS;QPLIB_5881.qs;25;37;13051.0;13067.0;0.115768;5.394632;13067.0
2437;MSTS;QPLIB_5881.qs;25;38;13051.0;13067.0;0.116457;5.511089;13067.0
2438;MSTS;QPLIB_5881.qs;25;39;13067.0;13067.0;0.194062;5.705151;13067.0
2439;MSTS;QPLIB_5881.qs;25;40;13067.0;13067.0;0.160706;5.865857;13067.0
2440;MSTS;QPLIB_5881.qs;25;41;13067.0;13067.0;0.156684;6.022541;13067.0
2441;MSTS;QPLIB_5881.qs;25;42;13067.0;13067.0;0.130728;6.153269;13067.0
2442;MSTS;QPLIB_5881.qs;25;43;13067.0;13067.0;0.157232;6.310501;13067.0
2443;MSTS;QPLIB_5881.qs;25;44;13067.0;13067.0;0.116765;6.427266;13067.0
2444;MSTS;QPLIB_5881.qs;25;45;13067.0;13067.0;0.165583;6.592849;13067.0
2445;MSTS;QPLIB_5881.qs;25;46;13067.0;13067.0;0.170868;6.763717;13067.0
2446;MSTS;QPLIB_5881.qs;25;47;13067.0;13067.0;0.13398;6.897697;13067.0
2447;MSTS;QPLIB_5881.qs;25;48;13067.0;13067.0;0.126773;7.02447;13067.0
2448;MSTS;QPLIB_5881.qs;25;49;13067.0;13067.0;0.127712;7.152182;13067.0
2449;MSTS;QPLIB_5881.qs;25;50;13067.0;13067.0;0.118923;7.271105;13067.0
2450;MSTS;QPLIB_5881.qs;25;51;13067.0;13067.0;0.15254;7.423645;13067.0
2451;MSTS;QPLIB_5881.qs;25;52;13067.0;13067.0;0.121151;7.544796;13067.0
2452;MSTS;QPLIB_5881.qs;25;53;13067.0;13067.0;0.269831;7.814627;13067.0
2453;MSTS;QPLIB_5881.qs;25;54;13067.0;13067.0;0.152182;7.966809;13067.0
2454;MSTS;QPLIB_5881.qs;25;55;13067.0;13067.0;0.142467;8.109276;13067.0
2455;MSTS;QPLIB_5881.qs;25;56;13067.0;13067.0;0.126585;8.235861;13067.0
2456;MSTS;QPLIB_5881.qs;25;57;13067.0;13067.0;0.11471;8.350571;13067.0
2457;MSTS;QPLIB_5881.qs;25;58;13067.0;13067.0;0.165348;8.515919;13067.0
2458;MSTS;QPLIB_5881.qs;25;59;13067.0;13067.0;0.129739;8.645658;13067.0
2459;MSTS;QPLIB_5881.qs;25;60;13067.0;13067.0;0.122633;8.768291;13067.0
2460;MSTS;QPLIB_5881.qs;25;61;13067.0;13067.0;0.174742;8.943033;13067.0
2461;MSTS;QPLIB_5881.qs;25;62;13060.0;13067.0;0.115822;9.058855;13067.0
2462;MSTS;QPLIB_5881.qs;25;63;13067.0;13067.0;0.113475;9.17233;13067.0
2463;MSTS;QPLIB_5881.qs;25;64;13067.0;13067.0;0.174889;9.347218999999999;13067.0
2464;MSTS;QPLIB_5881.qs;25;65;13067.0;13067.0;0.127194;9.474413;13067.0
2465;MSTS;QPLIB_5881.qs;25;66;13067.0;13067.0;0.17518;9.649593;13067.0
2466;MSTS;QPLIB_5881.qs;25;67;13051.0;13067.0;0.113527;9.76312;13067.0
2467;MSTS;QPLIB_5881.qs;25;68;13067.0;13067.0;0.121738;9.884858;13067.0
2468;MSTS;QPLIB_5881.qs;25;69;13067.0;13067.0;0.177825;10.062683;13067.0
2469;MSTS;QPLIB_5881.qs;25;70;13067.0;13067.0;0.170376;10.233059;13067.0
2470;MSTS;QPLIB_5881.qs;25;71;13067.0;13067.0;0.134502;10.367561;13067.0
2471;MSTS;QPLIB_5881.qs;25;72;13051.0;13067.0;0.112765;10.480326;13067.0
2472;MSTS;QPLIB_5881.qs;25;73;13067.0;13067.0;0.14228;10.622606;13067.0
2473;MSTS;QPLIB_5881.qs;25;74;13067.0;13067.0;0.131442;10.754048;13067.0
2474;MSTS;QPLIB_5881.qs;25;75;13067.0;13067.0;0.156555;10.910603;13067.0
2475;MSTS;QPLIB_5881.qs;25;76;13067.0;13067.0;0.165529;11.076132;13067.0
2476;MSTS;QPLIB_5881.qs;25;77;13067.0;13067.0;0.153549;11.229681;13067.0
2477;MSTS;QPLIB_5881.qs;25;78;13067.0;13067.0;0.135153;11.364834;13067.0
2478;MSTS;QPLIB_5881.qs;25;79;13060.0;13067.0;0.135353;11.500187;13067.0
2479;MSTS;QPLIB_5881.qs;25;80;13067.0;13067.0;0.114564;11.614751;13067.0
2480;MSTS;QPLIB_5881.qs;25;81;13067.0;13067.0;0.173671;11.788422;13067.0
2481;MSTS;QPLIB_5881.qs;25;82;13067.0;13067.0;0.120551;11.908973;13067.0
2482;MSTS;QPLIB_5881.qs;25;83;13067.0;13067.0;0.116711;12.025684;13067.0
2483;MSTS;QPLIB_5881.qs;25;84;13067.0;13067.0;0.118744;12.144428;13067.0
2484;MSTS;QPLIB_5881.qs;25;85;13067.0;13067.0;0.149007;12.293435;13067.0
2485;MSTS;QPLIB_5881.qs;25;86;13067.0;13067.0;0.123687;12.417121999999999;13067.0
2486;MSTS;QPLIB_5881.qs;25;87;13067.0;13067.0;0.138679;12.555801;13067.0
2487;MSTS;QPLIB_5881.qs;25;88;13067.0;13067.0;0.143262;12.699063;13067.0
2488;MSTS;QPLIB_5881.qs;25;89;13067.0;13067.0;0.142151;12.841214;13067.0
2489;MSTS;QPLIB_5881.qs;25;90;13067.0;13067.0;0.196939;13.038153;13067.0
2490;MSTS;QPLIB_5881.qs;25;91;13067.0;13067.0;0.139118;13.177271;13067.0
2491;MSTS;QPLIB_5881.qs;25;92;13067.0;13067.0;0.151257;13.328528;13067.0
2492;MSTS;QPLIB_5881.qs;25;93;13067.0;13067.0;0.118921;13.447449;13067.0
2493;MSTS;QPLIB_5881.qs;25;94;13067.0;13067.0;0.155811;13.60326;13067.0
2494;MSTS;QPLIB_5881.qs;25;95;13067.0;13067.0;0.144432;13.747692;13067.0
2495;MSTS;QPLIB_5881.qs;25;96;13067.0;13067.0;0.117611;13.865303;13067.0
2496;MSTS;QPLIB_5881.qs;25;97;13067.0;13067.0;0.127551;13.992854;13067.0
2497;MSTS;QPLIB_5881.qs;25;98;13067.0;13067.0;0.160322;14.153176;13067.0
2498;MSTS;QPLIB_5881.qs;25;99;13067.0;13067.0;0.14758;14.300756;13067.0
2499;MSTS;QPLIB_5881.qs;25;100;13067.0;13067.0;0.169868;14.470623999999999;13067.0
2500;MSTS;QPLIB_5881.qs;26;1;13067.0;13067.0;0.25677;0.25677;13067.0
2501;MSTS;QPLIB_5881.qs;26;2;13060.0;13067.0;0.13403;0.39080000000000004;13067.0
2502;MSTS;QPLIB_5881.qs;26;3;13067.0;13067.0;0.115013;0.5058130000000001;13067.0
2503;MSTS;QPLIB_5881.qs;26;4;13067.0;13067.0;0.150611;0.656424;13067.0
2504;MSTS;QPLIB_5881.qs;26;5;13067.0;13067.0;0.14256;0.798984;13067.0
2505;MSTS;QPLIB_5881.qs;26;6;13067.0;13067.0;0.177183;0.976167;13067.0
2506;MSTS;QPLIB_5881.qs;26;7;13067.0;13067.0;0.126416;1.102583;13067.0
2507;MSTS;QPLIB_5881.qs;26;8;13067.0;13067.0;0.117111;1.219694;13067.0
2508;MSTS;QPLIB_5881.qs;26;9;13067.0;13067.0;0.12094;1.340634;13067.0
2509;MSTS;QPLIB_5881.qs;26;10;13060.0;13067.0;0.133778;1.474412;13067.0
2510;MSTS;QPLIB_5881.qs;26;11;13067.0;13067.0;0.114338;1.58875;13067.0
2511;MSTS;QPLIB_5881.qs;26;12;13067.0;13067.0;0.132816;1.721566;13067.0
2512;MSTS;QPLIB_5881.qs;26;13;13067.0;13067.0;0.135677;1.857243;13067.0
2513;MSTS;QPLIB_5881.qs;26;14;13067.0;13067.0;0.203559;2.060802;13067.0
2514;MSTS;QPLIB_5881.qs;26;15;13067.0;13067.0;0.124339;2.185141;13067.0
2515;MSTS;QPLIB_5881.qs;26;16;13067.0;13067.0;0.154656;2.339797;13067.0
2516;MSTS;QPLIB_5881.qs;26;17;13067.0;13067.0;0.127995;2.467792;13067.0
2517;MSTS;QPLIB_5881.qs;26;18;13067.0;13067.0;0.159524;2.627316;13067.0
2518;MSTS;QPLIB_5881.qs;26;19;13067.0;13067.0;0.125012;2.752328;13067.0
2519;MSTS;QPLIB_5881.qs;26;20;13067.0;13067.0;0.143384;2.895712;13067.0
2520;MSTS;QPLIB_5881.qs;26;21;13067.0;13067.0;0.116347;3.012059;13067.0
2521;MSTS;QPLIB_5881.qs;26;22;13067.0;13067.0;0.118363;3.130422;13067.0
2522;MSTS;QPLIB_5881.qs;26;23;13067.0;13067.0;0.19736;3.327782;13067.0
2523;MSTS;QPLIB_5881.qs;26;24;13067.0;13067.0;0.117957;3.445739;13067.0
2524;MSTS;QPLIB_5881.qs;26;25;13067.0;13067.0;0.203285;3.649024;13067.0
2525;MSTS;QPLIB_5881.qs;26;26;13067.0;13067.0;0.133966;3.78299;13067.0
2526;MSTS;QPLIB_5881.qs;26;27;13067.0;13067.0;0.16188;3.94487;13067.0
2527;MSTS;QPLIB_5881.qs;26;28;13067.0;13067.0;0.140925;4.085795;13067.0
2528;MSTS;QPLIB_5881.qs;26;29;13067.0;13067.0;0.15992;4.245715;13067.0
2529;MSTS;QPLIB_5881.qs;26;30;13067.0;13067.0;0.126934;4.372649;13067.0
2530;MSTS;QPLIB_5881.qs;26;31;13067.0;13067.0;0.156761;4.52941;13067.0
2531;MSTS;QPLIB_5881.qs;26;32;13060.0;13067.0;0.120403;4.649813;13067.0
2532;MSTS;QPLIB_5881.qs;26;33;13067.0;13067.0;0.114471;4.764284;13067.0
2533;MSTS;QPLIB_5881.qs;26;34;13067.0;13067.0;0.149009;4.913293;13067.0
2534;MSTS;QPLIB_5881.qs;26;35;13067.0;13067.0;0.193012;5.106305;13067.0
2535;MSTS;QPLIB_5881.qs;26;36;13067.0;13067.0;0.163443;5.269748;13067.0
2536;MSTS;QPLIB_5881.qs;26;37;13067.0;13067.0;0.123547;5.393295;13067.0
2537;MSTS;QPLIB_5881.qs;26;38;13067.0;13067.0;0.226578;5.619873;13067.0
2538;MSTS;QPLIB_5881.qs;26;39;13067.0;13067.0;0.124651;5.744524;13067.0
2539;MSTS;QPLIB_5881.qs;26;40;13067.0;13067.0;0.157304;5.901828;13067.0
2540;MSTS;QPLIB_5881.qs;26;41;13067.0;13067.0;0.119461;6.021289;13067.0
2541;MSTS;QPLIB_5881.qs;26;42;13067.0;13067.0;0.115076;6.136365;13067.0
2542;MSTS;QPLIB_5881.qs;26;43;13067.0;13067.0;0.187721;6.324086;13067.0
2543;MSTS;QPLIB_5881.qs;26;44;13067.0;13067.0;0.118035;6.442121;13067.0
2544;MSTS;QPLIB_5881.qs;26;45;13067.0;13067.0;0.145548;6.587669;13067.0
2545;MSTS;QPLIB_5881.qs;26;46;13067.0;13067.0;0.142591;6.73026;13067.0
2546;MSTS;QPLIB_5881.qs;26;47;13067.0;13067.0;0.127306;6.857566;13067.0
2547;MSTS;QPLIB_5881.qs;26;48;13067.0;13067.0;0.119376;6.976942;13067.0
2548;MSTS;QPLIB_5881.qs;26;49;13067.0;13067.0;0.137956;7.114898;13067.0
2549;MSTS;QPLIB_5881.qs;26;50;13067.0;13067.0;0.117956;7.232854;13067.0
2550;MSTS;QPLIB_5881.qs;26;51;13067.0;13067.0;0.155082;7.387936;13067.0
2551;MSTS;QPLIB_5881.qs;26;52;13067.0;13067.0;0.156599;7.544535;13067.0
2552;MSTS;QPLIB_5881.qs;26;53;13067.0;13067.0;0.174766;7.719301;13067.0
2553;MSTS;QPLIB_5881.qs;26;54;13067.0;13067.0;0.128951;7.8482520000000005;13067.0
2554;MSTS;QPLIB_5881.qs;26;55;13067.0;13067.0;0.132547;7.980799;13067.0
2555;MSTS;QPLIB_5881.qs;26;56;13051.0;13067.0;0.12042;8.101219;13067.0
2556;MSTS;QPLIB_5881.qs;26;57;13067.0;13067.0;0.121106;8.222325;13067.0
2557;MSTS;QPLIB_5881.qs;26;58;13067.0;13067.0;0.138627;8.360952;13067.0
2558;MSTS;QPLIB_5881.qs;26;59;13067.0;13067.0;0.144142;8.505094;13067.0
2559;MSTS;QPLIB_5881.qs;26;60;13060.0;13067.0;0.115695;8.620789;13067.0
2560;MSTS;QPLIB_5881.qs;26;61;13067.0;13067.0;0.116326;8.737115;13067.0
2561;MSTS;QPLIB_5881.qs;26;62;13067.0;13067.0;0.178814;8.915929;13067.0
2562;MSTS;QPLIB_5881.qs;26;63;13067.0;13067.0;0.158344;9.074273;13067.0
2563;MSTS;QPLIB_5881.qs;26;64;13067.0;13067.0;0.193678;9.267951;13067.0
2564;MSTS;QPLIB_5881.qs;26;65;13067.0;13067.0;0.151075;9.419026;13067.0
2565;MSTS;QPLIB_5881.qs;26;66;13067.0;13067.0;0.1496;9.568626;13067.0
2566;MSTS;QPLIB_5881.qs;26;67;13067.0;13067.0;0.179621;9.748247;13067.0
2567;MSTS;QPLIB_5881.qs;26;68;13051.0;13067.0;0.117077;9.865324;13067.0
2568;MSTS;QPLIB_5881.qs;26;69;13067.0;13067.0;0.13191;9.997234;13067.0
2569;MSTS;QPLIB_5881.qs;26;70;13067.0;13067.0;0.123319;10.120553;13067.0
2570;MSTS;QPLIB_5881.qs;26;71;13067.0;13067.0;0.168382;10.288935;13067.0
2571;MSTS;QPLIB_5881.qs;26;72;13060.0;13067.0;0.125641;10.414576;13067.0
2572;MSTS;QPLIB_5881.qs;26;73;13067.0;13067.0;0.196848;10.611424;13067.0
2573;MSTS;QPLIB_5881.qs;26;74;13067.0;13067.0;0.120705;10.732129;13067.0
2574;MSTS;QPLIB_5881.qs;26;75;13067.0;13067.0;0.140938;10.873067;13067.0
2575;MSTS;QPLIB_5881.qs;26;76;13067.0;13067.0;0.171587;11.044654;13067.0
2576;MSTS;QPLIB_5881.qs;26;77;13067.0;13067.0;0.14022;11.184874;13067.0
2577;MSTS;QPLIB_5881.qs;26;78;13067.0;13067.0;0.129391;11.314265;13067.0
2578;MSTS;QPLIB_5881.qs;26;79;13067.0;13067.0;0.211477;11.525742;13067.0
2579;MSTS;QPLIB_5881.qs;26;80;13067.0;13067.0;0.162906;11.688648;13067.0
2580;MSTS;QPLIB_5881.qs;26;81;13067.0;13067.0;0.118648;11.807296000000001;13067.0
2581;MSTS;QPLIB_5881.qs;26;82;13067.0;13067.0;0.150591;11.957887;13067.0
2582;MSTS;QPLIB_5881.qs;26;83;13067.0;13067.0;0.175819;12.133706;13067.0
2583;MSTS;QPLIB_5881.qs;26;84;13067.0;13067.0;0.188673;12.322379;13067.0
2584;MSTS;QPLIB_5881.qs;26;85;13067.0;13067.0;0.154881;12.47726;13067.0
2585;MSTS;QPLIB_5881.qs;26;86;13067.0;13067.0;0.12371;12.60097;13067.0
2586;MSTS;QPLIB_5881.qs;26;87;13051.0;13067.0;0.115449;12.716419;13067.0
2587;MSTS;QPLIB_5881.qs;26;88;13067.0;13067.0;0.115793;12.832212;13067.0
2588;MSTS;QPLIB_5881.qs;26;89;13067.0;13067.0;0.16987;13.002082;13067.0
2589;MSTS;QPLIB_5881.qs;26;90;13067.0;13067.0;0.1185;13.120582;13067.0
2590;MSTS;QPLIB_5881.qs;26;91;13067.0;13067.0;0.120072;13.240654;13067.0
2591;MSTS;QPLIB_5881.qs;26;92;13067.0;13067.0;0.182371;13.423024999999999;13067.0
2592;MSTS;QPLIB_5881.qs;26;93;13067.0;13067.0;0.131315;13.55434;13067.0
2593;MSTS;QPLIB_5881.qs;26;94;13067.0;13067.0;0.140171;13.694511;13067.0
2594;MSTS;QPLIB_5881.qs;26;95;13067.0;13067.0;0.18436;13.878871;13067.0
2595;MSTS;QPLIB_5881.qs;26;96;13067.0;13067.0;0.125873;14.004744;13067.0
2596;MSTS;QPLIB_5881.qs;26;97;13067.0;13067.0;0.141889;14.146633;13067.0
2597;MSTS;QPLIB_5881.qs;26;98;13067.0;13067.0;0.171001;14.317634;13067.0
2598;MSTS;QPLIB_5881.qs;26;99;13067.0;13067.0;0.119227;14.436861;13067.0
2599;MSTS;QPLIB_5881.qs;26;100;13067.0;13067.0;0.150211;14.587072;13067.0
2600;MSTS;QPLIB_5881.qs;27;1;13067.0;13067.0;0.305773;0.305773;13067.0
2601;MSTS;QPLIB_5881.qs;27;2;13067.0;13067.0;0.142432;0.448205;13067.0
2602;MSTS;QPLIB_5881.qs;27;3;13067.0;13067.0;0.12201;0.570215;13067.0
2603;MSTS;QPLIB_5881.qs;27;4;13067.0;13067.0;0.132223;0.702438;13067.0
2604;MSTS;QPLIB_5881.qs;27;5;13067.0;13067.0;0.121694;0.824132;13067.0
2605;MSTS;QPLIB_5881.qs;27;6;13067.0;13067.0;0.125011;0.9491430000000001;13067.0
2606;MSTS;QPLIB_5881.qs;27;7;13067.0;13067.0;0.139671;1.088814;13067.0
2607;MSTS;QPLIB_5881.qs;27;8;13067.0;13067.0;0.123753;1.212567;13067.0
2608;MSTS;QPLIB_5881.qs;27;9;13067.0;13067.0;0.135075;1.347642;13067.0
2609;MSTS;QPLIB_5881.qs;27;10;13067.0;13067.0;0.20377;1.551412;13067.0
2610;MSTS;QPLIB_5881.qs;27;11;13067.0;13067.0;0.132322;1.683734;13067.0
2611;MSTS;QPLIB_5881.qs;27;12;13067.0;13067.0;0.125187;1.808921;13067.0
2612;MSTS;QPLIB_5881.qs;27;13;13067.0;13067.0;0.178528;1.987449;13067.0
2613;MSTS;QPLIB_5881.qs;27;14;13067.0;13067.0;0.12929;2.116739;13067.0
2614;MSTS;QPLIB_5881.qs;27;15;13067.0;13067.0;0.202421;2.31916;13067.0
2615;MSTS;QPLIB_5881.qs;27;16;13067.0;13067.0;0.1395;2.45866;13067.0
2616;MSTS;QPLIB_5881.qs;27;17;13067.0;13067.0;0.115675;2.574335;13067.0
2617;MSTS;QPLIB_5881.qs;27;18;13067.0;13067.0;0.172485;2.74682;13067.0
2618;MSTS;QPLIB_5881.qs;27;19;13067.0;13067.0;0.119908;2.866728;13067.0
2619;MSTS;QPLIB_5881.qs;27;20;13067.0;13067.0;0.131728;2.998456;13067.0
2620;MSTS;QPLIB_5881.qs;27;21;13067.0;13067.0;0.123057;3.121513;13067.0
2621;MSTS;QPLIB_5881.qs;27;22;13067.0;13067.0;0.158553;3.280066;13067.0
2622;MSTS;QPLIB_5881.qs;27;23;13067.0;13067.0;0.129508;3.409574;13067.0
2623;MSTS;QPLIB_5881.qs;27;24;13067.0;13067.0;0.147336;3.5569100000000002;13067.0
2624;MSTS;QPLIB_5881.qs;27;25;13067.0;13067.0;0.130766;3.687676;13067.0
2625;MSTS;QPLIB_5881.qs;27;26;13067.0;13067.0;0.135422;3.823098;13067.0
2626;MSTS;QPLIB_5881.qs;27;27;13051.0;13067.0;0.11428;3.937378;13067.0
2627;MSTS;QPLIB_5881.qs;27;28;13067.0;13067.0;0.156865;4.094243;13067.0
2628;MSTS;QPLIB_5881.qs;27;29;13067.0;13067.0;0.121828;4.216071;13067.0
2629;MSTS;QPLIB_5881.qs;27;30;13067.0;13067.0;0.12277;4.338841;13067.0
2630;MSTS;QPLIB_5881.qs;27;31;13067.0;13067.0;0.120114;4.4589550000000004;13067.0
2631;MSTS;QPLIB_5881.qs;27;32;13067.0;13067.0;0.125253;4.584208;13067.0
2632;MSTS;QPLIB_5881.qs;27;33;13067.0;13067.0;0.121002;4.70521;13067.0
2633;MSTS;QPLIB_5881.qs;27;34;13067.0;13067.0;0.11761;4.82282;13067.0
2634;MSTS;QPLIB_5881.qs;27;35;13067.0;13067.0;0.134222;4.957042;13067.0
2635;MSTS;QPLIB_5881.qs;27;36;13067.0;13067.0;0.12889;5.085932;13067.0
2636;MSTS;QPLIB_5881.qs;27;37;13051.0;13067.0;0.11469;5.200622;13067.0
2637;MSTS;QPLIB_5881.qs;27;38;13067.0;13067.0;0.144237;5.3448590000000005;13067.0
2638;MSTS;QPLIB_5881.qs;27;39;13067.0;13067.0;0.186113;5.530972;13067.0
2639;MSTS;QPLIB_5881.qs;27;40;13067.0;13067.0;0.136698;5.66767;13067.0
2640;MSTS;QPLIB_5881.qs;27;41;13067.0;13067.0;0.117838;5.785508;13067.0
2641;MSTS;QPLIB_5881.qs;27;42;13067.0;13067.0;0.176647;5.962155;13067.0
2642;MSTS;QPLIB_5881.qs;27;43;13067.0;13067.0;0.151233;6.1133880000000005;13067.0
2643;MSTS;QPLIB_5881.qs;27;44;13051.0;13067.0;0.115889;6.229277;13067.0
2644;MSTS;QPLIB_5881.qs;27;45;13067.0;13067.0;0.115402;6.344679;13067.0
2645;MSTS;QPLIB_5881.qs;27;46;13067.0;13067.0;0.144023;6.488702;13067.0
2646;MSTS;QPLIB_5881.qs;27;47;13067.0;13067.0;0.173232;6.6619340000000005;13067.0
2647;MSTS;QPLIB_5881.qs;27;48;13067.0;13067.0;0.139937;6.801871;13067.0
2648;MSTS;QPLIB_5881.qs;27;49;13067.0;13067.0;0.134937;6.936808;13067.0
2649;MSTS;QPLIB_5881.qs;27;50;13051.0;13067.0;0.112768;7.049576;13067.0
2650;MSTS;QPLIB_5881.qs;27;51;13067.0;13067.0;0.119927;7.169503;13067.0
2651;MSTS;QPLIB_5881.qs;27;52;13067.0;13067.0;0.113626;7.283129;13067.0
2652;MSTS;QPLIB_5881.qs;27;53;13067.0;13067.0;0.19534;7.4784690000000005;13067.0
2653;MSTS;QPLIB_5881.qs;27;54;13067.0;13067.0;0.14068;7.619149;13067.0
2654;MSTS;QPLIB_5881.qs;27;55;13067.0;13067.0;0.117738;7.736887;13067.0
2655;MSTS;QPLIB_5881.qs;27;56;13067.0;13067.0;0.145831;7.882718;13067.0
2656;MSTS;QPLIB_5881.qs;27;57;13067.0;13067.0;0.127891;8.010609;13067.0
2657;MSTS;QPLIB_5881.qs;27;58;13067.0;13067.0;0.171188;8.181797;13067.0
2658;MSTS;QPLIB_5881.qs;27;59;13067.0;13067.0;0.17576;8.357557;13067.0
2659;MSTS;QPLIB_5881.qs;27;60;13067.0;13067.0;0.143476;8.501033;13067.0
2660;MSTS;QPLIB_5881.qs;27;61;13067.0;13067.0;0.1345;8.635533;13067.0
2661;MSTS;QPLIB_5881.qs;27;62;13067.0;13067.0;0.148812;8.784345;13067.0
2662;MSTS;QPLIB_5881.qs;27;63;13067.0;13067.0;0.183209;8.967554;13067.0
2663;MSTS;QPLIB_5881.qs;27;64;13067.0;13067.0;0.150079;9.117633;13067.0
2664;MSTS;QPLIB_5881.qs;27;65;13067.0;13067.0;0.11978;9.237413;13067.0
2665;MSTS;QPLIB_5881.qs;27;66;13067.0;13067.0;0.178254;9.415667000000001;13067.0
2666;MSTS;QPLIB_5881.qs;27;67;13067.0;13067.0;0.162058;9.577725000000001;13067.0
2667;MSTS;QPLIB_5881.qs;27;68;13067.0;13067.0;0.18607;9.763795;13067.0
2668;MSTS;QPLIB_5881.qs;27;69;13067.0;13067.0;0.136032;9.899827;13067.0
2669;MSTS;QPLIB_5881.qs;27;70;13067.0;13067.0;0.168125;10.067952;13067.0
2670;MSTS;QPLIB_5881.qs;27;71;13067.0;13067.0;0.122369;10.190321;13067.0
2671;MSTS;QPLIB_5881.qs;27;72;13067.0;13067.0;0.133218;10.323539;13067.0
2672;MSTS;QPLIB_5881.qs;27;73;13067.0;13067.0;0.155623;10.479162;13067.0
2673;MSTS;QPLIB_5881.qs;27;74;13067.0;13067.0;0.179555;10.658717;13067.0
2674;MSTS;QPLIB_5881.qs;27;75;13067.0;13067.0;0.138927;10.797644;13067.0
2675;MSTS;QPLIB_5881.qs;27;76;13067.0;13067.0;0.19126;10.988904;13067.0
2676;MSTS;QPLIB_5881.qs;27;77;13067.0;13067.0;0.161998;11.150902;13067.0
2677;MSTS;QPLIB_5881.qs;27;78;13060.0;13067.0;0.133075;11.283977;13067.0
2678;MSTS;QPLIB_5881.qs;27;79;13067.0;13067.0;0.113505;11.397482;13067.0
2679;MSTS;QPLIB_5881.qs;27;80;13067.0;13067.0;0.130386;11.527868;13067.0
2680;MSTS;QPLIB_5881.qs;27;81;13067.0;13067.0;0.11849;11.646358;13067.0
2681;MSTS;QPLIB_5881.qs;27;82;13067.0;13067.0;0.147835;11.794193;13067.0
2682;MSTS;QPLIB_5881.qs;27;83;13067.0;13067.0;0.13414;11.928333;13067.0
2683;MSTS;QPLIB_5881.qs;27;84;13067.0;13067.0;0.157129;12.085462;13067.0
2684;MSTS;QPLIB_5881.qs;27;85;13067.0;13067.0;0.134255;12.219717;13067.0
2685;MSTS;QPLIB_5881.qs;27;86;13067.0;13067.0;0.162237;12.381954;13067.0
2686;MSTS;QPLIB_5881.qs;27;87;13067.0;13067.0;0.13758;12.519534;13067.0
2687;MSTS;QPLIB_5881.qs;27;88;13067.0;13067.0;0.138417;12.657951;13067.0
2688;MSTS;QPLIB_5881.qs;27;89;13067.0;13067.0;0.119668;12.777619;13067.0
2689;MSTS;QPLIB_5881.qs;27;90;13067.0;13067.0;0.140605;12.918224;13067.0
2690;MSTS;QPLIB_5881.qs;27;91;13067.0;13067.0;0.125372;13.043596;13067.0
2691;MSTS;QPLIB_5881.qs;27;92;13067.0;13067.0;0.199832;13.243428;13067.0
2692;MSTS;QPLIB_5881.qs;27;93;13067.0;13067.0;0.115277;13.358705;13067.0
2693;MSTS;QPLIB_5881.qs;27;94;13067.0;13067.0;0.124296;13.483001;13067.0
2694;MSTS;QPLIB_5881.qs;27;95;13067.0;13067.0;0.136809;13.61981;13067.0
2695;MSTS;QPLIB_5881.qs;27;96;13067.0;13067.0;0.122519;13.742329;13067.0
2696;MSTS;QPLIB_5881.qs;27;97;13067.0;13067.0;0.140482;13.882811;13067.0
2697;MSTS;QPLIB_5881.qs;27;98;13067.0;13067.0;0.187045;14.069856;13067.0
2698;MSTS;QPLIB_5881.qs;27;99;13067.0;13067.0;0.125781;14.195637;13067.0
2699;MSTS;QPLIB_5881.qs;27;100;13067.0;13067.0;0.14347;14.339107;13067.0
2700;MSTS;QPLIB_5881.qs;28;1;13060.0;13067.0;0.220857;0.220857;13067.0
2701;MSTS;QPLIB_5881.qs;28;2;13067.0;13067.0;0.111474;0.332331;13067.0
2702;MSTS;QPLIB_5881.qs;28;3;13067.0;13067.0;0.138549;0.47088;13067.0
2703;MSTS;QPLIB_5881.qs;28;4;13067.0;13067.0;0.17435;0.64523;13067.0
2704;MSTS;QPLIB_5881.qs;28;5;13067.0;13067.0;0.148723;0.793953;13067.0
2705;MSTS;QPLIB_5881.qs;28;6;13067.0;13067.0;0.13753;0.9314830000000001;13067.0
2706;MSTS;QPLIB_5881.qs;28;7;13067.0;13067.0;0.18425;1.115733;13067.0
2707;MSTS;QPLIB_5881.qs;28;8;13067.0;13067.0;0.127307;1.2430400000000001;13067.0
2708;MSTS;QPLIB_5881.qs;28;9;13067.0;13067.0;0.16135;1.40439;13067.0
2709;MSTS;QPLIB_5881.qs;28;10;13067.0;13067.0;0.175239;1.579629;13067.0
2710;MSTS;QPLIB_5881.qs;28;11;13067.0;13067.0;0.12401;1.7036390000000001;13067.0
2711;MSTS;QPLIB_5881.qs;28;12;13067.0;13067.0;0.112762;1.816401;13067.0
2712;MSTS;QPLIB_5881.qs;28;13;13067.0;13067.0;0.119499;1.9359;13067.0
2713;MSTS;QPLIB_5881.qs;28;14;13067.0;13067.0;0.125466;2.061366;13067.0
2714;MSTS;QPLIB_5881.qs;28;15;13067.0;13067.0;0.122003;2.183369;13067.0
2715;MSTS;QPLIB_5881.qs;28;16;13067.0;13067.0;0.160719;2.344088;13067.0
2716;MSTS;QPLIB_5881.qs;28;17;13067.0;13067.0;0.120681;2.464769;13067.0
2717;MSTS;QPLIB_5881.qs;28;18;13067.0;13067.0;0.122321;2.58709;13067.0
2718;MSTS;QPLIB_5881.qs;28;19;13067.0;13067.0;0.128723;2.715813;13067.0
2719;MSTS;QPLIB_5881.qs;28;20;13067.0;13067.0;0.136341;2.852154;13067.0
2720;MSTS;QPLIB_5881.qs;28;21;13067.0;13067.0;0.121113;2.973267;13067.0
2721;MSTS;QPLIB_5881.qs;28;22;13067.0;13067.0;0.154766;3.128033;13067.0
2722;MSTS;QPLIB_5881.qs;28;23;13067.0;13067.0;0.116996;3.245029;13067.0
2723;MSTS;QPLIB_5881.qs;28;24;13067.0;13067.0;0.120074;3.365103;13067.0
2724;MSTS;QPLIB_5881.qs;28;25;13067.0;13067.0;0.167814;3.532917;13067.0
2725;MSTS;QPLIB_5881.qs;28;26;13067.0;13067.0;0.187481;3.720398;13067.0
2726;MSTS;QPLIB_5881.qs;28;27;13067.0;13067.0;0.129369;3.849767;13067.0
2727;MSTS;QPLIB_5881.qs;28;28;13067.0;13067.0;0.149864;3.999631;13067.0
2728;MSTS;QPLIB_5881.qs;28;29;13067.0;13067.0;0.143888;4.143519;13067.0
2729;MSTS;QPLIB_5881.qs;28;30;13067.0;13067.0;0.137718;4.281237;13067.0
2730;MSTS;QPLIB_5881.qs;28;31;13067.0;13067.0;0.129847;4.411084;13067.0
2731;MSTS;QPLIB_5881.qs;28;32;13067.0;13067.0;0.147483;4.558567;13067.0
2732;MSTS;QPLIB_5881.qs;28;33;13067.0;13067.0;0.129209;4.687776;13067.0
2733;MSTS;QPLIB_5881.qs;28;34;13067.0;13067.0;0.141009;4.828785;13067.0
2734;MSTS;QPLIB_5881.qs;28;35;13067.0;13067.0;0.145986;4.974771;13067.0
2735;MSTS;QPLIB_5881.qs;28;36;13067.0;13067.0;0.155291;5.130062;13067.0
2736;MSTS;QPLIB_5881.qs;28;37;13067.0;13067.0;0.141587;5.271649;13067.0
2737;MSTS;QPLIB_5881.qs;28;38;13067.0;13067.0;0.168468;5.440117;13067.0
2738;MSTS;QPLIB_5881.qs;28;39;13067.0;13067.0;0.15702;5.597137;13067.0
2739;MSTS;QPLIB_5881.qs;28;40;13067.0;13067.0;0.19557;5.792707;13067.0
2740;MSTS;QPLIB_5881.qs;28;41;13067.0;13067.0;0.116966;5.909673;13067.0
2741;MSTS;QPLIB_5881.qs;28;42;13067.0;13067.0;0.166648;6.076321;13067.0
2742;MSTS;QPLIB_5881.qs;28;43;13067.0;13067.0;0.132813;6.209134;13067.0
2743;MSTS;QPLIB_5881.qs;28;44;13067.0;13067.0;0.137036;6.34617;13067.0
2744;MSTS;QPLIB_5881.qs;28;45;13067.0;13067.0;0.146511;6.492681;13067.0
2745;MSTS;QPLIB_5881.qs;28;46;13067.0;13067.0;0.122383;6.615064;13067.0
2746;MSTS;QPLIB_5881.qs;28;47;13067.0;13067.0;0.128487;6.743551;13067.0
2747;MSTS;QPLIB_5881.qs;28;48;13067.0;13067.0;0.126015;6.869566;13067.0
2748;MSTS;QPLIB_5881.qs;28;49;13067.0;13067.0;0.116914;6.98648;13067.0
2749;MSTS;QPLIB_5881.qs;28;50;13067.0;13067.0;0.119184;7.105664;13067.0
2750;MSTS;QPLIB_5881.qs;28;51;13067.0;13067.0;0.165051;7.270715;13067.0
2751;MSTS;QPLIB_5881.qs;28;52;13067.0;13067.0;0.134546;7.405261;13067.0
2752;MSTS;QPLIB_5881.qs;28;53;13067.0;13067.0;0.147057;7.552318;13067.0
2753;MSTS;QPLIB_5881.qs;28;54;13067.0;13067.0;0.141084;7.693402;13067.0
2754;MSTS;QPLIB_5881.qs;28;55;13067.0;13067.0;0.148538;7.84194;13067.0
2755;MSTS;QPLIB_5881.qs;28;56;13067.0;13067.0;0.143442;7.9853819999999995;13067.0
2756;MSTS;QPLIB_5881.qs;28;57;13067.0;13067.0;0.169561;8.154943;13067.0
2757;MSTS;QPLIB_5881.qs;28;58;13067.0;13067.0;0.13807;8.293013;13067.0
2758;MSTS;QPLIB_5881.qs;28;59;13067.0;13067.0;0.163271;8.456284;13067.0
2759;MSTS;QPLIB_5881.qs;28;60;13067.0;13067.0;0.13976;8.596044;13067.0
2760;MSTS;QPLIB_5881.qs;28;61;13067.0;13067.0;0.128449;8.724493;13067.0
2761;MSTS;QPLIB_5881.qs;28;62;13067.0;13067.0;0.136972;8.861464999999999;13067.0
2762;MSTS;QPLIB_5881.qs;28;63;13067.0;13067.0;0.124641;8.986106;13067.0
2763;MSTS;QPLIB_5881.qs;28;64;13067.0;13067.0;0.128619;9.114725;13067.0
2764;MSTS;QPLIB_5881.qs;28;65;13067.0;13067.0;0.131437;9.246162;13067.0
2765;MSTS;QPLIB_5881.qs;28;66;13067.0;13067.0;0.116306;9.362468;13067.0
2766;MSTS;QPLIB_5881.qs;28;67;13067.0;13067.0;0.121467;9.483935;13067.0
2767;MSTS;QPLIB_5881.qs;28;68;13067.0;13067.0;0.121847;9.605782;13067.0
2768;MSTS;QPLIB_5881.qs;28;69;13053.0;13067.0;0.131295;9.737077;13067.0
2769;MSTS;QPLIB_5881.qs;28;70;13067.0;13067.0;0.128595;9.865672;13067.0
2770;MSTS;QPLIB_5881.qs;28;71;13067.0;13067.0;0.120185;9.985857;13067.0
2771;MSTS;QPLIB_5881.qs;28;72;13067.0;13067.0;0.120982;10.106839;13067.0
2772;MSTS;QPLIB_5881.qs;28;73;13067.0;13067.0;0.123921;10.23076;13067.0
2773;MSTS;QPLIB_5881.qs;28;74;13067.0;13067.0;0.119739;10.350499;13067.0
2774;MSTS;QPLIB_5881.qs;28;75;13051.0;13067.0;0.113848;10.464347;13067.0
2775;MSTS;QPLIB_5881.qs;28;76;13067.0;13067.0;0.120691;10.585037999999999;13067.0
2776;MSTS;QPLIB_5881.qs;28;77;13067.0;13067.0;0.117988;10.703026;13067.0
2777;MSTS;QPLIB_5881.qs;28;78;13067.0;13067.0;0.119694;10.82272;13067.0
2778;MSTS;QPLIB_5881.qs;28;79;13067.0;13067.0;0.131156;10.953876;13067.0
2779;MSTS;QPLIB_5881.qs;28;80;13067.0;13067.0;0.131256;11.085132;13067.0
2780;MSTS;QPLIB_5881.qs;28;81;13067.0;13067.0;0.185442;11.270574;13067.0
2781;MSTS;QPLIB_5881.qs;28;82;13067.0;13067.0;0.179072;11.449646;13067.0
2782;MSTS;QPLIB_5881.qs;28;83;13051.0;13067.0;0.115576;11.565222;13067.0
2783;MSTS;QPLIB_5881.qs;28;84;13067.0;13067.0;0.126378;11.6916;13067.0
2784;MSTS;QPLIB_5881.qs;28;85;13067.0;13067.0;0.137074;11.828674;13067.0
2785;MSTS;QPLIB_5881.qs;28;86;13067.0;13067.0;0.180645;12.009319;13067.0
2786;MSTS;QPLIB_5881.qs;28;87;13067.0;13067.0;0.1609;12.170219;13067.0
2787;MSTS;QPLIB_5881.qs;28;88;13067.0;13067.0;0.143714;12.313933;13067.0
2788;MSTS;QPLIB_5881.qs;28;89;13067.0;13067.0;0.115284;12.429217;13067.0
2789;MSTS;QPLIB_5881.qs;28;90;13067.0;13067.0;0.194152;12.623369;13067.0
2790;MSTS;QPLIB_5881.qs;28;91;13067.0;13067.0;0.143575;12.766944;13067.0
2791;MSTS;QPLIB_5881.qs;28;92;13067.0;13067.0;0.137012;12.903955999999999;13067.0
2792;MSTS;QPLIB_5881.qs;28;93;13067.0;13067.0;0.174873;13.078829;13067.0
2793;MSTS;QPLIB_5881.qs;28;94;13067.0;13067.0;0.127683;13.206512;13067.0
2794;MSTS;QPLIB_5881.qs;28;95;13067.0;13067.0;0.113445;13.319957;13067.0
2795;MSTS;QPLIB_5881.qs;28;96;13067.0;13067.0;0.151988;13.471945;13067.0
2796;MSTS;QPLIB_5881.qs;28;97;13067.0;13067.0;0.148307;13.620252;13067.0
2797;MSTS;QPLIB_5881.qs;28;98;13067.0;13067.0;0.157636;13.777888;13067.0
2798;MSTS;QPLIB_5881.qs;28;99;13067.0;13067.0;0.136028;13.913916;13067.0
2799;MSTS;QPLIB_5881.qs;28;100;13067.0;13067.0;0.145301;14.059217;13067.0
2800;MSTS;QPLIB_5881.qs;29;1;13067.0;13067.0;0.228048;0.228048;13067.0
2801;MSTS;QPLIB_5881.qs;29;2;13067.0;13067.0;0.181744;0.409792;13067.0
2802;MSTS;QPLIB_5881.qs;29;3;13067.0;13067.0;0.128127;0.537919;13067.0
2803;MSTS;QPLIB_5881.qs;29;4;13067.0;13067.0;0.146338;0.684257;13067.0
2804;MSTS;QPLIB_5881.qs;29;5;13067.0;13067.0;0.117387;0.801644;13067.0
2805;MSTS;QPLIB_5881.qs;29;6;13067.0;13067.0;0.181967;0.983611;13067.0
2806;MSTS;QPLIB_5881.qs;29;7;13067.0;13067.0;0.12249;1.106101;13067.0
2807;MSTS;QPLIB_5881.qs;29;8;13067.0;13067.0;0.121311;1.227412;13067.0
2808;MSTS;QPLIB_5881.qs;29;9;13051.0;13067.0;0.115667;1.343079;13067.0
2809;MSTS;QPLIB_5881.qs;29;10;13067.0;13067.0;0.140085;1.483164;13067.0
2810;MSTS;QPLIB_5881.qs;29;11;13067.0;13067.0;0.145316;1.62848;13067.0
2811;MSTS;QPLIB_5881.qs;29;12;13067.0;13067.0;0.154468;1.782948;13067.0
2812;MSTS;QPLIB_5881.qs;29;13;13067.0;13067.0;0.149591;1.932539;13067.0
2813;MSTS;QPLIB_5881.qs;29;14;13067.0;13067.0;0.118554;2.051093;13067.0
2814;MSTS;QPLIB_5881.qs;29;15;13067.0;13067.0;0.122187;2.17328;13067.0
2815;MSTS;QPLIB_5881.qs;29;16;13067.0;13067.0;0.130637;2.3039169999999998;13067.0
2816;MSTS;QPLIB_5881.qs;29;17;13067.0;13067.0;0.119721;2.423638;13067.0
2817;MSTS;QPLIB_5881.qs;29;18;13067.0;13067.0;0.153254;2.576892;13067.0
2818;MSTS;QPLIB_5881.qs;29;19;13067.0;13067.0;0.119231;2.696123;13067.0
2819;MSTS;QPLIB_5881.qs;29;20;13067.0;13067.0;0.111845;2.807968;13067.0
2820;MSTS;QPLIB_5881.qs;29;21;13067.0;13067.0;0.13581;2.943778;13067.0
2821;MSTS;QPLIB_5881.qs;29;22;13067.0;13067.0;0.180579;3.124357;13067.0
2822;MSTS;QPLIB_5881.qs;29;23;13067.0;13067.0;0.130413;3.2547699999999997;13067.0
2823;MSTS;QPLIB_5881.qs;29;24;13067.0;13067.0;0.125039;3.379809;13067.0
2824;MSTS;QPLIB_5881.qs;29;25;13067.0;13067.0;0.119392;3.499201;13067.0
2825;MSTS;QPLIB_5881.qs;29;26;13067.0;13067.0;0.14069;3.639891;13067.0
2826;MSTS;QPLIB_5881.qs;29;27;13067.0;13067.0;0.124048;3.763939;13067.0
2827;MSTS;QPLIB_5881.qs;29;28;13067.0;13067.0;0.143329;3.907268;13067.0
2828;MSTS;QPLIB_5881.qs;29;29;13067.0;13067.0;0.168946;4.076214;13067.0
2829;MSTS;QPLIB_5881.qs;29;30;13067.0;13067.0;0.140145;4.216359;13067.0
2830;MSTS;QPLIB_5881.qs;29;31;13067.0;13067.0;0.13313;4.349489;13067.0
2831;MSTS;QPLIB_5881.qs;29;32;13067.0;13067.0;0.122333;4.4718219999999995;13067.0
2832;MSTS;QPLIB_5881.qs;29;33;13067.0;13067.0;0.249819;4.721641;13067.0
2833;MSTS;QPLIB_5881.qs;29;34;13067.0;13067.0;0.131962;4.853603;13067.0
2834;MSTS;QPLIB_5881.qs;29;35;13067.0;13067.0;0.176527;5.03013;13067.0
2835;MSTS;QPLIB_5881.qs;29;36;13067.0;13067.0;0.131514;5.161644;13067.0
2836;MSTS;QPLIB_5881.qs;29;37;13067.0;13067.0;0.119775;5.281419;13067.0
2837;MSTS;QPLIB_5881.qs;29;38;13067.0;13067.0;0.123416;5.404835;13067.0
2838;MSTS;QPLIB_5881.qs;29;39;13067.0;13067.0;0.120666;5.525501;13067.0
2839;MSTS;QPLIB_5881.qs;29;40;13067.0;13067.0;0.166224;5.691725;13067.0
2840;MSTS;QPLIB_5881.qs;29;41;13067.0;13067.0;0.14176;5.833485;13067.0
2841;MSTS;QPLIB_5881.qs;29;42;13067.0;13067.0;0.165355;5.99884;13067.0
2842;MSTS;QPLIB_5881.qs;29;43;13067.0;13067.0;0.123923;6.122763;13067.0
2843;MSTS;QPLIB_5881.qs;29;44;13067.0;13067.0;0.121349;6.244112;13067.0
2844;MSTS;QPLIB_5881.qs;29;45;13067.0;13067.0;0.161173;6.405285;13067.0
2845;MSTS;QPLIB_5881.qs;29;46;13067.0;13067.0;0.132441;6.537726;13067.0
2846;MSTS;QPLIB_5881.qs;29;47;13067.0;13067.0;0.189801;6.727527;13067.0
2847;MSTS;QPLIB_5881.qs;29;48;13067.0;13067.0;0.129753;6.85728;13067.0
2848;MSTS;QPLIB_5881.qs;29;49;13067.0;13067.0;0.131564;6.988844;13067.0
2849;MSTS;QPLIB_5881.qs;29;50;13067.0;13067.0;0.132636;7.12148;13067.0
2850;MSTS;QPLIB_5881.qs;29;51;13067.0;13067.0;0.11741;7.23889;13067.0
2851;MSTS;QPLIB_5881.qs;29;52;13067.0;13067.0;0.137198;7.376088;13067.0
2852;MSTS;QPLIB_5881.qs;29;53;13067.0;13067.0;0.220419;7.596507;13067.0
2853;MSTS;QPLIB_5881.qs;29;54;13067.0;13067.0;0.129173;7.72568;13067.0
2854;MSTS;QPLIB_5881.qs;29;55;13051.0;13067.0;0.115702;7.841382;13067.0
2855;MSTS;QPLIB_5881.qs;29;56;13067.0;13067.0;0.121405;7.962787;13067.0
2856;MSTS;QPLIB_5881.qs;29;57;13067.0;13067.0;0.118298;8.081085;13067.0
2857;MSTS;QPLIB_5881.qs;29;58;13067.0;13067.0;0.117087;8.198172;13067.0
2858;MSTS;QPLIB_5881.qs;29;59;13067.0;13067.0;0.118457;8.316629;13067.0
2859;MSTS;QPLIB_5881.qs;29;60;13067.0;13067.0;0.147011;8.46364;13067.0
2860;MSTS;QPLIB_5881.qs;29;61;13067.0;13067.0;0.168296;8.631936;13067.0
2861;MSTS;QPLIB_5881.qs;29;62;13067.0;13067.0;0.163847;8.795783;13067.0
2862;MSTS;QPLIB_5881.qs;29;63;13067.0;13067.0;0.143772;8.939555;13067.0
2863;MSTS;QPLIB_5881.qs;29;64;13067.0;13067.0;0.170307;9.109862;13067.0
2864;MSTS;QPLIB_5881.qs;29;65;13067.0;13067.0;0.137933;9.247795;13067.0
2865;MSTS;QPLIB_5881.qs;29;66;13067.0;13067.0;0.142624;9.390419;13067.0
2866;MSTS;QPLIB_5881.qs;29;67;13067.0;13067.0;0.11689;9.507309;13067.0
2867;MSTS;QPLIB_5881.qs;29;68;13067.0;13067.0;0.128954;9.636263;13067.0
2868;MSTS;QPLIB_5881.qs;29;69;13067.0;13067.0;0.151514;9.787777;13067.0
2869;MSTS;QPLIB_5881.qs;29;70;13067.0;13067.0;0.151565;9.939342;13067.0
2870;MSTS;QPLIB_5881.qs;29;71;13060.0;13067.0;0.17359;10.112932;13067.0
2871;MSTS;QPLIB_5881.qs;29;72;13067.0;13067.0;0.113041;10.225973;13067.0
2872;MSTS;QPLIB_5881.qs;29;73;13067.0;13067.0;0.120248;10.346221;13067.0
2873;MSTS;QPLIB_5881.qs;29;74;13067.0;13067.0;0.135356;10.481577;13067.0
2874;MSTS;QPLIB_5881.qs;29;75;13067.0;13067.0;0.161525;10.643102;13067.0
2875;MSTS;QPLIB_5881.qs;29;76;13067.0;13067.0;0.123261;10.766363;13067.0
2876;MSTS;QPLIB_5881.qs;29;77;13067.0;13067.0;0.129462;10.895825;13067.0
2877;MSTS;QPLIB_5881.qs;29;78;13067.0;13067.0;0.117965;11.01379;13067.0
2878;MSTS;QPLIB_5881.qs;29;79;13067.0;13067.0;0.146328;11.160118;13067.0
2879;MSTS;QPLIB_5881.qs;29;80;13060.0;13067.0;0.121743;11.281861;13067.0
2880;MSTS;QPLIB_5881.qs;29;81;13067.0;13067.0;0.111077;11.392938;13067.0
2881;MSTS;QPLIB_5881.qs;29;82;13067.0;13067.0;0.176283;11.569221;13067.0
2882;MSTS;QPLIB_5881.qs;29;83;13067.0;13067.0;0.118909;11.68813;13067.0
2883;MSTS;QPLIB_5881.qs;29;84;13067.0;13067.0;0.211198;11.899328;13067.0
2884;MSTS;QPLIB_5881.qs;29;85;13067.0;13067.0;0.136452;12.03578;13067.0
2885;MSTS;QPLIB_5881.qs;29;86;13067.0;13067.0;0.177493;12.213273;13067.0
2886;MSTS;QPLIB_5881.qs;29;87;13067.0;13067.0;0.125978;12.339251;13067.0
2887;MSTS;QPLIB_5881.qs;29;88;13067.0;13067.0;0.126775;12.466026;13067.0
2888;MSTS;QPLIB_5881.qs;29;89;13067.0;13067.0;0.125669;12.591695;13067.0
2889;MSTS;QPLIB_5881.qs;29;90;13051.0;13067.0;0.11466;12.706355;13067.0
2890;MSTS;QPLIB_5881.qs;29;91;13067.0;13067.0;0.163869;12.870224;13067.0
2891;MSTS;QPLIB_5881.qs;29;92;13067.0;13067.0;0.120063;12.990287;13067.0
2892;MSTS;QPLIB_5881.qs;29;93;13067.0;13067.0;0.129809;13.120096;13067.0
2893;MSTS;QPLIB_5881.qs;29;94;13067.0;13067.0;0.14353;13.263626;13067.0
2894;MSTS;QPLIB_5881.qs;29;95;13067.0;13067.0;0.13257;13.396196;13067.0
2895;MSTS;QPLIB_5881.qs;29;96;13067.0;13067.0;0.140231;13.536427;13067.0
2896;MSTS;QPLIB_5881.qs;29;97;13067.0;13067.0;0.12164;13.658066999999999;13067.0
2897;MSTS;QPLIB_5881.qs;29;98;13067.0;13067.0;0.157018;13.815085;13067.0
2898;MSTS;QPLIB_5881.qs;29;99;13067.0;13067.0;0.116763;13.931848;13067.0
2899;MSTS;QPLIB_5881.qs;29;100;13067.0;13067.0;0.180632;14.11248;13067.0
2900;MSTS;QPLIB_5881.qs;30;1;13067.0;13067.0;0.21153;0.21153;13067.0
2901;MSTS;QPLIB_5881.qs;30;2;13067.0;13067.0;0.183334;0.394864;13067.0
2902;MSTS;QPLIB_5881.qs;30;3;13067.0;13067.0;0.147849;0.542713;13067.0
2903;MSTS;QPLIB_5881.qs;30;4;13067.0;13067.0;0.116214;0.658927;13067.0
2904;MSTS;QPLIB_5881.qs;30;5;13067.0;13067.0;0.136152;0.795079;13067.0
2905;MSTS;QPLIB_5881.qs;30;6;13067.0;13067.0;0.131404;0.926483;13067.0
2906;MSTS;QPLIB_5881.qs;30;7;13067.0;13067.0;0.135677;1.06216;13067.0
2907;MSTS;QPLIB_5881.qs;30;8;13067.0;13067.0;0.134312;1.196472;13067.0
2908;MSTS;QPLIB_5881.qs;30;9;13067.0;13067.0;0.173229;1.369701;13067.0
2909;MSTS;QPLIB_5881.qs;30;10;13067.0;13067.0;0.128707;1.498408;13067.0
2910;MSTS;QPLIB_5881.qs;30;11;13067.0;13067.0;0.114065;1.612473;13067.0
2911;MSTS;QPLIB_5881.qs;30;12;13067.0;13067.0;0.146808;1.7592809999999999;13067.0
2912;MSTS;QPLIB_5881.qs;30;13;13067.0;13067.0;0.15684;1.916121;13067.0
2913;MSTS;QPLIB_5881.qs;30;14;13067.0;13067.0;0.140562;2.056683;13067.0
2914;MSTS;QPLIB_5881.qs;30;15;13067.0;13067.0;0.18222;2.238903;13067.0
2915;MSTS;QPLIB_5881.qs;30;16;13067.0;13067.0;0.175499;2.414402;13067.0
2916;MSTS;QPLIB_5881.qs;30;17;13067.0;13067.0;0.162244;2.5766459999999998;13067.0
2917;MSTS;QPLIB_5881.qs;30;18;13067.0;13067.0;0.207135;2.783781;13067.0
2918;MSTS;QPLIB_5881.qs;30;19;13067.0;13067.0;0.136542;2.920323;13067.0
2919;MSTS;QPLIB_5881.qs;30;20;13067.0;13067.0;0.123737;3.04406;13067.0
2920;MSTS;QPLIB_5881.qs;30;21;13067.0;13067.0;0.186116;3.230176;13067.0
2921;MSTS;QPLIB_5881.qs;30;22;13067.0;13067.0;0.118102;3.348278;13067.0
2922;MSTS;QPLIB_5881.qs;30;23;13067.0;13067.0;0.117734;3.466012;13067.0
2923;MSTS;QPLIB_5881.qs;30;24;13067.0;13067.0;0.180608;3.64662;13067.0
2924;MSTS;QPLIB_5881.qs;30;25;13067.0;13067.0;0.151652;3.798272;13067.0
2925;MSTS;QPLIB_5881.qs;30;26;13051.0;13067.0;0.116088;3.91436;13067.0
2926;MSTS;QPLIB_5881.qs;30;27;13067.0;13067.0;0.169889;4.084249;13067.0
2927;MSTS;QPLIB_5881.qs;30;28;13067.0;13067.0;0.187997;4.272246;13067.0
2928;MSTS;QPLIB_5881.qs;30;29;13067.0;13067.0;0.165606;4.437852;13067.0
2929;MSTS;QPLIB_5881.qs;30;30;13060.0;13067.0;0.169142;4.606994;13067.0
2930;MSTS;QPLIB_5881.qs;30;31;13067.0;13067.0;0.116429;4.723423;13067.0
2931;MSTS;QPLIB_5881.qs;30;32;13067.0;13067.0;0.133708;4.857131;13067.0
2932;MSTS;QPLIB_5881.qs;30;33;13067.0;13067.0;0.117456;4.974587;13067.0
2933;MSTS;QPLIB_5881.qs;30;34;13067.0;13067.0;0.122103;5.09669;13067.0
2934;MSTS;QPLIB_5881.qs;30;35;13067.0;13067.0;0.181828;5.278518;13067.0
2935;MSTS;QPLIB_5881.qs;30;36;13067.0;13067.0;0.181666;5.460184;13067.0
2936;MSTS;QPLIB_5881.qs;30;37;13067.0;13067.0;0.13826;5.598444;13067.0
2937;MSTS;QPLIB_5881.qs;30;38;13067.0;13067.0;0.168884;5.767328;13067.0
2938;MSTS;QPLIB_5881.qs;30;39;13051.0;13067.0;0.113085;5.880413;13067.0
2939;MSTS;QPLIB_5881.qs;30;40;13067.0;13067.0;0.123762;6.004175;13067.0
2940;MSTS;QPLIB_5881.qs;30;41;13067.0;13067.0;0.148579;6.152754;13067.0
2941;MSTS;QPLIB_5881.qs;30;42;13051.0;13067.0;0.114144;6.266898;13067.0
2942;MSTS;QPLIB_5881.qs;30;43;13067.0;13067.0;0.146452;6.41335;13067.0
2943;MSTS;QPLIB_5881.qs;30;44;13067.0;13067.0;0.152379;6.565729;13067.0
2944;MSTS;QPLIB_5881.qs;30;45;13067.0;13067.0;0.154148;6.719877;13067.0
2945;MSTS;QPLIB_5881.qs;30;46;13067.0;13067.0;0.143076;6.862953;13067.0
2946;MSTS;QPLIB_5881.qs;30;47;13067.0;13067.0;0.163876;7.026829;13067.0
2947;MSTS;QPLIB_5881.qs;30;48;13067.0;13067.0;0.118596;7.1454249999999995;13067.0
2948;MSTS;QPLIB_5881.qs;30;49;13067.0;13067.0;0.182988;7.328413;13067.0
2949;MSTS;QPLIB_5881.qs;30;50;13067.0;13067.0;0.15842;7.486833;13067.0
2950;MSTS;QPLIB_5881.qs;30;51;13067.0;13067.0;0.134899;7.621732;13067.0
2951;MSTS;QPLIB_5881.qs;30;52;13067.0;13067.0;0.132257;7.753989;13067.0
2952;MSTS;QPLIB_5881.qs;30;53;13067.0;13067.0;0.12567;7.879659;13067.0
2953;MSTS;QPLIB_5881.qs;30;54;13067.0;13067.0;0.120632;8.000291;13067.0
2954;MSTS;QPLIB_5881.qs;30;55;13067.0;13067.0;0.126108;8.126399;13067.0
2955;MSTS;QPLIB_5881.qs;30;56;13067.0;13067.0;0.141804;8.268203;13067.0
2956;MSTS;QPLIB_5881.qs;30;57;13067.0;13067.0;0.146201;8.414404;13067.0
2957;MSTS;QPLIB_5881.qs;30;58;13067.0;13067.0;0.162404;8.576808;13067.0
2958;MSTS;QPLIB_5881.qs;30;59;13067.0;13067.0;0.11918;8.695988;13067.0
2959;MSTS;QPLIB_5881.qs;30;60;13067.0;13067.0;0.196521;8.892509;13067.0
2960;MSTS;QPLIB_5881.qs;30;61;13067.0;13067.0;0.132815;9.025324;13067.0
2961;MSTS;QPLIB_5881.qs;30;62;13067.0;13067.0;0.142996;9.16832;13067.0
2962;MSTS;QPLIB_5881.qs;30;63;13067.0;13067.0;0.209837;9.378157;13067.0
2963;MSTS;QPLIB_5881.qs;30;64;13067.0;13067.0;0.131698;9.509855;13067.0
2964;MSTS;QPLIB_5881.qs;30;65;13067.0;13067.0;0.115225;9.62508;13067.0
2965;MSTS;QPLIB_5881.qs;30;66;13067.0;13067.0;0.216789;9.841868999999999;13067.0
2966;MSTS;QPLIB_5881.qs;30;67;13067.0;13067.0;0.20614;10.048009;13067.0
2967;MSTS;QPLIB_5881.qs;30;68;13067.0;13067.0;0.157884;10.205893;13067.0
2968;MSTS;QPLIB_5881.qs;30;69;13067.0;13067.0;0.115539;10.321432;13067.0
2969;MSTS;QPLIB_5881.qs;30;70;13067.0;13067.0;0.128725;10.450157;13067.0
2970;MSTS;QPLIB_5881.qs;30;71;13067.0;13067.0;0.118968;10.569125;13067.0
2971;MSTS;QPLIB_5881.qs;30;72;13067.0;13067.0;0.18622;10.755345;13067.0
2972;MSTS;QPLIB_5881.qs;30;73;13067.0;13067.0;0.130207;10.885552;13067.0
2973;MSTS;QPLIB_5881.qs;30;74;13067.0;13067.0;0.180523;11.066075;13067.0
2974;MSTS;QPLIB_5881.qs;30;75;13051.0;13067.0;0.11793;11.184004999999999;13067.0
2975;MSTS;QPLIB_5881.qs;30;76;13067.0;13067.0;0.127464;11.311469;13067.0
2976;MSTS;QPLIB_5881.qs;30;77;13067.0;13067.0;0.189323;11.500792;13067.0
2977;MSTS;QPLIB_5881.qs;30;78;13067.0;13067.0;0.127914;11.628706;13067.0
2978;MSTS;QPLIB_5881.qs;30;79;13067.0;13067.0;0.122835;11.751541;13067.0
2979;MSTS;QPLIB_5881.qs;30;80;13067.0;13067.0;0.120117;11.871658;13067.0
2980;MSTS;QPLIB_5881.qs;30;81;13067.0;13067.0;0.141622;12.01328;13067.0
2981;MSTS;QPLIB_5881.qs;30;82;13067.0;13067.0;0.135703;12.148983;13067.0
2982;MSTS;QPLIB_5881.qs;30;83;13067.0;13067.0;0.188359;12.337342;13067.0
2983;MSTS;QPLIB_5881.qs;30;84;13067.0;13067.0;0.15862;12.495962;13067.0
2984;MSTS;QPLIB_5881.qs;30;85;13067.0;13067.0;0.131205;12.627167;13067.0
2985;MSTS;QPLIB_5881.qs;30;86;13067.0;13067.0;0.151152;12.778319;13067.0
2986;MSTS;QPLIB_5881.qs;30;87;13067.0;13067.0;0.153895;12.932214;13067.0
2987;MSTS;QPLIB_5881.qs;30;88;13067.0;13067.0;0.149044;13.081258;13067.0
2988;MSTS;QPLIB_5881.qs;30;89;13067.0;13067.0;0.119618;13.200876;13067.0
2989;MSTS;QPLIB_5881.qs;30;90;13067.0;13067.0;0.122851;13.323727;13067.0
2990;MSTS;QPLIB_5881.qs;30;91;13067.0;13067.0;0.128155;13.451882;13067.0
2991;MSTS;QPLIB_5881.qs;30;92;13067.0;13067.0;0.184422;13.636303999999999;13067.0
2992;MSTS;QPLIB_5881.qs;30;93;13067.0;13067.0;0.176905;13.813209;13067.0
2993;MSTS;QPLIB_5881.qs;30;94;13067.0;13067.0;0.182594;13.995803;13067.0
2994;MSTS;QPLIB_5881.qs;30;95;13067.0;13067.0;0.138035;14.133838;13067.0
2995;MSTS;QPLIB_5881.qs;30;96;13067.0;13067.0;0.201237;14.335075;13067.0
2996;MSTS;QPLIB_5881.qs;30;97;13067.0;13067.0;0.142198;14.477273;13067.0
2997;MSTS;QPLIB_5881.qs;30;98;13067.0;13067.0;0.126997;14.60427;13067.0
2998;MSTS;QPLIB_5881.qs;30;99;13060.0;13067.0;0.117189;14.721459;13067.0
2999;MSTS;QPLIB_5881.qs;30;100;13067.0;13067.0;0.117284;14.838743;13067.0
3000;MSTS;QPLIB_5881.qs;31;1;13067.0;13067.0;0.249792;0.249792;13067.0
3001;MSTS;QPLIB_5881.qs;31;2;13067.0;13067.0;0.135387;0.385179;13067.0
3002;MSTS;QPLIB_5881.qs;31;3;13067.0;13067.0;0.15997;0.545149;13067.0
3003;MSTS;QPLIB_5881.qs;31;4;13067.0;13067.0;0.147384;0.692533;13067.0
3004;MSTS;QPLIB_5881.qs;31;5;13067.0;13067.0;0.125531;0.818064;13067.0
3005;MSTS;QPLIB_5881.qs;31;6;13067.0;13067.0;0.162598;0.9806619999999999;13067.0
3006;MSTS;QPLIB_5881.qs;31;7;13067.0;13067.0;0.176004;1.156666;13067.0
3007;MSTS;QPLIB_5881.qs;31;8;13067.0;13067.0;0.130413;1.2870789999999999;13067.0
3008;MSTS;QPLIB_5881.qs;31;9;13067.0;13067.0;0.171877;1.458956;13067.0
3009;MSTS;QPLIB_5881.qs;31;10;13067.0;13067.0;0.141317;1.600273;13067.0
3010;MSTS;QPLIB_5881.qs;31;11;13067.0;13067.0;0.130081;1.730354;13067.0
3011;MSTS;QPLIB_5881.qs;31;12;13067.0;13067.0;0.201113;1.931467;13067.0
3012;MSTS;QPLIB_5881.qs;31;13;13067.0;13067.0;0.130016;2.061483;13067.0
3013;MSTS;QPLIB_5881.qs;31;14;13067.0;13067.0;0.14341;2.2048929999999998;13067.0
3014;MSTS;QPLIB_5881.qs;31;15;13067.0;13067.0;0.150492;2.355385;13067.0
3015;MSTS;QPLIB_5881.qs;31;16;13067.0;13067.0;0.153218;2.508603;13067.0
3016;MSTS;QPLIB_5881.qs;31;17;13051.0;13067.0;0.118869;2.627472;13067.0
3017;MSTS;QPLIB_5881.qs;31;18;13067.0;13067.0;0.190514;2.817986;13067.0
3018;MSTS;QPLIB_5881.qs;31;19;13067.0;13067.0;0.150409;2.968395;13067.0
3019;MSTS;QPLIB_5881.qs;31;20;13067.0;13067.0;0.116997;3.085392;13067.0
3020;MSTS;QPLIB_5881.qs;31;21;13067.0;13067.0;0.157631;3.243023;13067.0
3021;MSTS;QPLIB_5881.qs;31;22;13067.0;13067.0;0.154452;3.397475;13067.0
3022;MSTS;QPLIB_5881.qs;31;23;13051.0;13067.0;0.111071;3.508546;13067.0
3023;MSTS;QPLIB_5881.qs;31;24;13067.0;13067.0;0.132836;3.641382;13067.0
3024;MSTS;QPLIB_5881.qs;31;25;13067.0;13067.0;0.129365;3.770747;13067.0
3025;MSTS;QPLIB_5881.qs;31;26;13067.0;13067.0;0.166891;3.9376379999999997;13067.0
3026;MSTS;QPLIB_5881.qs;31;27;13067.0;13067.0;0.137682;4.07532;13067.0
3027;MSTS;QPLIB_5881.qs;31;28;13067.0;13067.0;0.136967;4.212287;13067.0
3028;MSTS;QPLIB_5881.qs;31;29;13067.0;13067.0;0.193829;4.406116;13067.0
3029;MSTS;QPLIB_5881.qs;31;30;13067.0;13067.0;0.170466;4.576582;13067.0
3030;MSTS;QPLIB_5881.qs;31;31;13067.0;13067.0;0.179383;4.755965;13067.0
3031;MSTS;QPLIB_5881.qs;31;32;13051.0;13067.0;0.113525;4.86949;13067.0
3032;MSTS;QPLIB_5881.qs;31;33;13067.0;13067.0;0.116438;4.985928;13067.0
3033;MSTS;QPLIB_5881.qs;31;34;13067.0;13067.0;0.131843;5.117771;13067.0
3034;MSTS;QPLIB_5881.qs;31;35;13067.0;13067.0;0.146932;5.264703;13067.0
3035;MSTS;QPLIB_5881.qs;31;36;13067.0;13067.0;0.153999;5.418702;13067.0
3036;MSTS;QPLIB_5881.qs;31;37;13067.0;13067.0;0.169239;5.587941;13067.0
3037;MSTS;QPLIB_5881.qs;31;38;13067.0;13067.0;0.157908;5.745849;13067.0
3038;MSTS;QPLIB_5881.qs;31;39;13067.0;13067.0;0.195774;5.941623;13067.0
3039;MSTS;QPLIB_5881.qs;31;40;13067.0;13067.0;0.169505;6.111128;13067.0
3040;MSTS;QPLIB_5881.qs;31;41;13067.0;13067.0;0.120802;6.23193;13067.0
3041;MSTS;QPLIB_5881.qs;31;42;13067.0;13067.0;0.176298;6.408228;13067.0
3042;MSTS;QPLIB_5881.qs;31;43;13067.0;13067.0;0.132211;6.540439;13067.0
3043;MSTS;QPLIB_5881.qs;31;44;13067.0;13067.0;0.159085;6.699524;13067.0
3044;MSTS;QPLIB_5881.qs;31;45;13067.0;13067.0;0.155989;6.855513;13067.0
3045;MSTS;QPLIB_5881.qs;31;46;13051.0;13067.0;0.116853;6.972366;13067.0
3046;MSTS;QPLIB_5881.qs;31;47;13067.0;13067.0;0.114966;7.087332;13067.0
3047;MSTS;QPLIB_5881.qs;31;48;13067.0;13067.0;0.15364;7.240972;13067.0
3048;MSTS;QPLIB_5881.qs;31;49;13067.0;13067.0;0.116711;7.357683;13067.0
3049;MSTS;QPLIB_5881.qs;31;50;13067.0;13067.0;0.120668;7.478351;13067.0
3050;MSTS;QPLIB_5881.qs;31;51;13067.0;13067.0;0.130381;7.608732;13067.0
3051;MSTS;QPLIB_5881.qs;31;52;13060.0;13067.0;0.146773;7.755505;13067.0
3052;MSTS;QPLIB_5881.qs;31;53;13067.0;13067.0;0.111787;7.867292;13067.0
3053;MSTS;QPLIB_5881.qs;31;54;13067.0;13067.0;0.121927;7.989219;13067.0
3054;MSTS;QPLIB_5881.qs;31;55;13067.0;13067.0;0.121247;8.110466;13067.0
3055;MSTS;QPLIB_5881.qs;31;56;13067.0;13067.0;0.119456;8.229922;13067.0
3056;MSTS;QPLIB_5881.qs;31;57;13067.0;13067.0;0.214085;8.444007;13067.0
3057;MSTS;QPLIB_5881.qs;31;58;13067.0;13067.0;0.127675;8.571682;13067.0
3058;MSTS;QPLIB_5881.qs;31;59;13067.0;13067.0;0.123252;8.694934;13067.0
3059;MSTS;QPLIB_5881.qs;31;60;13067.0;13067.0;0.120723;8.815657;13067.0
3060;MSTS;QPLIB_5881.qs;31;61;13067.0;13067.0;0.167288;8.982944999999999;13067.0
3061;MSTS;QPLIB_5881.qs;31;62;13067.0;13067.0;0.135233;9.118178;13067.0
3062;MSTS;QPLIB_5881.qs;31;63;13051.0;13067.0;0.115043;9.233221;13067.0
3063;MSTS;QPLIB_5881.qs;31;64;13067.0;13067.0;0.118791;9.352012;13067.0
3064;MSTS;QPLIB_5881.qs;31;65;13067.0;13067.0;0.122112;9.474124;13067.0
3065;MSTS;QPLIB_5881.qs;31;66;13067.0;13067.0;0.145537;9.619661;13067.0
3066;MSTS;QPLIB_5881.qs;31;67;13067.0;13067.0;0.122588;9.742249;13067.0
3067;MSTS;QPLIB_5881.qs;31;68;13067.0;13067.0;0.117134;9.859383;13067.0
3068;MSTS;QPLIB_5881.qs;31;69;13067.0;13067.0;0.124574;9.983957;13067.0
3069;MSTS;QPLIB_5881.qs;31;70;13067.0;13067.0;0.124031;10.107988;13067.0
3070;MSTS;QPLIB_5881.qs;31;71;13067.0;13067.0;0.1449;10.252888;13067.0
3071;MSTS;QPLIB_5881.qs;31;72;13067.0;13067.0;0.204698;10.457586;13067.0
3072;MSTS;QPLIB_5881.qs;31;73;13067.0;13067.0;0.18343;10.641016;13067.0
3073;MSTS;QPLIB_5881.qs;31;74;13067.0;13067.0;0.15762;10.798636;13067.0
3074;MSTS;QPLIB_5881.qs;31;75;13067.0;13067.0;0.158845;10.957481;13067.0
3075;MSTS;QPLIB_5881.qs;31;76;13067.0;13067.0;0.155577;11.113058;13067.0
3076;MSTS;QPLIB_5881.qs;31;77;13067.0;13067.0;0.140299;11.253357;13067.0
3077;MSTS;QPLIB_5881.qs;31;78;13067.0;13067.0;0.126152;11.379509;13067.0
3078;MSTS;QPLIB_5881.qs;31;79;13067.0;13067.0;0.197129;11.576637999999999;13067.0
3079;MSTS;QPLIB_5881.qs;31;80;13067.0;13067.0;0.17189;11.748528;13067.0
3080;MSTS;QPLIB_5881.qs;31;81;13067.0;13067.0;0.141015;11.889543;13067.0
3081;MSTS;QPLIB_5881.qs;31;82;13067.0;13067.0;0.119077;12.00862;13067.0
3082;MSTS;QPLIB_5881.qs;31;83;13067.0;13067.0;0.160678;12.169298;13067.0
3083;MSTS;QPLIB_5881.qs;31;84;13067.0;13067.0;0.193146;12.362444;13067.0
3084;MSTS;QPLIB_5881.qs;31;85;13067.0;13067.0;0.128643;12.491087;13067.0
3085;MSTS;QPLIB_5881.qs;31;86;13051.0;13067.0;0.117026;12.608113;13067.0
3086;MSTS;QPLIB_5881.qs;31;87;13067.0;13067.0;0.148778;12.756891;13067.0
3087;MSTS;QPLIB_5881.qs;31;88;13051.0;13067.0;0.112458;12.869349;13067.0
3088;MSTS;QPLIB_5881.qs;31;89;13067.0;13067.0;0.163313;13.032662;13067.0
3089;MSTS;QPLIB_5881.qs;31;90;13067.0;13067.0;0.117492;13.150154;13067.0
3090;MSTS;QPLIB_5881.qs;31;91;13067.0;13067.0;0.153997;13.304151;13067.0
3091;MSTS;QPLIB_5881.qs;31;92;13067.0;13067.0;0.128965;13.433116;13067.0
3092;MSTS;QPLIB_5881.qs;31;93;13067.0;13067.0;0.129603;13.562719;13067.0
3093;MSTS;QPLIB_5881.qs;31;94;13051.0;13067.0;0.113317;13.676036;13067.0
3094;MSTS;QPLIB_5881.qs;31;95;13060.0;13067.0;0.123066;13.799102;13067.0
3095;MSTS;QPLIB_5881.qs;31;96;13067.0;13067.0;0.116034;13.915136;13067.0
3096;MSTS;QPLIB_5881.qs;31;97;13067.0;13067.0;0.174636;14.089772;13067.0
3097;MSTS;QPLIB_5881.qs;31;98;13067.0;13067.0;0.117527;14.207299;13067.0
3098;MSTS;QPLIB_5881.qs;31;99;13060.0;13067.0;0.165481;14.37278;13067.0
3099;MSTS;QPLIB_5881.qs;31;100;13067.0;13067.0;0.118378;14.491158;13067.0
3100;MSTS;QPLIB_5881.qs;32;1;13067.0;13067.0;0.277851;0.277851;13067.0
3101;MSTS;QPLIB_5881.qs;32;2;13067.0;13067.0;0.12337;0.401221;13067.0
3102;MSTS;QPLIB_5881.qs;32;3;13067.0;13067.0;0.153374;0.554595;13067.0
3103;MSTS;QPLIB_5881.qs;32;4;13067.0;13067.0;0.184309;0.738904;13067.0
3104;MSTS;QPLIB_5881.qs;32;5;13067.0;13067.0;0.128342;0.867246;13067.0
3105;MSTS;QPLIB_5881.qs;32;6;13051.0;13067.0;0.115193;0.9824390000000001;13067.0
3106;MSTS;QPLIB_5881.qs;32;7;13067.0;13067.0;0.119651;1.10209;13067.0
3107;MSTS;QPLIB_5881.qs;32;8;13067.0;13067.0;0.133951;1.236041;13067.0
3108;MSTS;QPLIB_5881.qs;32;9;13067.0;13067.0;0.154091;1.390132;13067.0
3109;MSTS;QPLIB_5881.qs;32;10;13067.0;13067.0;0.123526;1.513658;13067.0
3110;MSTS;QPLIB_5881.qs;32;11;13067.0;13067.0;0.210974;1.724632;13067.0
3111;MSTS;QPLIB_5881.qs;32;12;13067.0;13067.0;0.142477;1.867109;13067.0
3112;MSTS;QPLIB_5881.qs;32;13;13067.0;13067.0;0.1415;2.008609;13067.0
3113;MSTS;QPLIB_5881.qs;32;14;13067.0;13067.0;0.135064;2.143673;13067.0
3114;MSTS;QPLIB_5881.qs;32;15;13067.0;13067.0;0.115946;2.259619;13067.0
3115;MSTS;QPLIB_5881.qs;32;16;13067.0;13067.0;0.115744;2.375363;13067.0
3116;MSTS;QPLIB_5881.qs;32;17;13067.0;13067.0;0.129267;2.50463;13067.0
3117;MSTS;QPLIB_5881.qs;32;18;13067.0;13067.0;0.135391;2.640021;13067.0
3118;MSTS;QPLIB_5881.qs;32;19;13067.0;13067.0;0.130551;2.770572;13067.0
3119;MSTS;QPLIB_5881.qs;32;20;13067.0;13067.0;0.11974;2.8903119999999998;13067.0
3120;MSTS;QPLIB_5881.qs;32;21;13067.0;13067.0;0.147939;3.038251;13067.0
3121;MSTS;QPLIB_5881.qs;32;22;13067.0;13067.0;0.120425;3.158676;13067.0
3122;MSTS;QPLIB_5881.qs;32;23;13067.0;13067.0;0.167958;3.326634;13067.0
3123;MSTS;QPLIB_5881.qs;32;24;13067.0;13067.0;0.135079;3.461713;13067.0
3124;MSTS;QPLIB_5881.qs;32;25;13067.0;13067.0;0.12464;3.586353;13067.0
3125;MSTS;QPLIB_5881.qs;32;26;13067.0;13067.0;0.144852;3.731205;13067.0
3126;MSTS;QPLIB_5881.qs;32;27;13067.0;13067.0;0.121364;3.852569;13067.0
3127;MSTS;QPLIB_5881.qs;32;28;13067.0;13067.0;0.14658;3.999149;13067.0
3128;MSTS;QPLIB_5881.qs;32;29;13067.0;13067.0;0.126706;4.125855;13067.0
3129;MSTS;QPLIB_5881.qs;32;30;13067.0;13067.0;0.196545;4.3224;13067.0
3130;MSTS;QPLIB_5881.qs;32;31;13067.0;13067.0;0.166506;4.488906;13067.0
3131;MSTS;QPLIB_5881.qs;32;32;13051.0;13067.0;0.11504;4.603946;13067.0
3132;MSTS;QPLIB_5881.qs;32;33;13067.0;13067.0;0.115954;4.7199;13067.0
3133;MSTS;QPLIB_5881.qs;32;34;13067.0;13067.0;0.123868;4.843768;13067.0
3134;MSTS;QPLIB_5881.qs;32;35;13067.0;13067.0;0.142722;4.98649;13067.0
3135;MSTS;QPLIB_5881.qs;32;36;13060.0;13067.0;0.140294;5.126784;13067.0
3136;MSTS;QPLIB_5881.qs;32;37;13067.0;13067.0;0.116441;5.243225;13067.0
3137;MSTS;QPLIB_5881.qs;32;38;13067.0;13067.0;0.126837;5.370062;13067.0
3138;MSTS;QPLIB_5881.qs;32;39;13067.0;13067.0;0.112907;5.482969;13067.0
3139;MSTS;QPLIB_5881.qs;32;40;13067.0;13067.0;0.173852;5.656821;13067.0
3140;MSTS;QPLIB_5881.qs;32;41;13067.0;13067.0;0.131322;5.788143;13067.0
3141;MSTS;QPLIB_5881.qs;32;42;13067.0;13067.0;0.130456;5.918599;13067.0
3142;MSTS;QPLIB_5881.qs;32;43;13067.0;13067.0;0.134125;6.0527239999999995;13067.0
3143;MSTS;QPLIB_5881.qs;32;44;13067.0;13067.0;0.13909;6.191814;13067.0
3144;MSTS;QPLIB_5881.qs;32;45;13067.0;13067.0;0.124741;6.316555;13067.0
3145;MSTS;QPLIB_5881.qs;32;46;13067.0;13067.0;0.134461;6.451016;13067.0
3146;MSTS;QPLIB_5881.qs;32;47;13067.0;13067.0;0.127388;6.578404;13067.0
3147;MSTS;QPLIB_5881.qs;32;48;13067.0;13067.0;0.117185;6.695589;13067.0
3148;MSTS;QPLIB_5881.qs;32;49;13067.0;13067.0;0.135516;6.831105;13067.0
3149;MSTS;QPLIB_5881.qs;32;50;13067.0;13067.0;0.13801;6.969115;13067.0
3150;MSTS;QPLIB_5881.qs;32;51;13067.0;13067.0;0.119313;7.088428;13067.0
3151;MSTS;QPLIB_5881.qs;32;52;13067.0;13067.0;0.206855;7.295283;13067.0
3152;MSTS;QPLIB_5881.qs;32;53;13060.0;13067.0;0.128802;7.424085;13067.0
3153;MSTS;QPLIB_5881.qs;32;54;13067.0;13067.0;0.115586;7.539671;13067.0
3154;MSTS;QPLIB_5881.qs;32;55;13060.0;13067.0;0.143548;7.683219;13067.0
3155;MSTS;QPLIB_5881.qs;32;56;13067.0;13067.0;0.120723;7.803942;13067.0
3156;MSTS;QPLIB_5881.qs;32;57;13067.0;13067.0;0.11925;7.923192;13067.0
3157;MSTS;QPLIB_5881.qs;32;58;13067.0;13067.0;0.131248;8.05444;13067.0
3158;MSTS;QPLIB_5881.qs;32;59;13067.0;13067.0;0.13762;8.19206;13067.0
3159;MSTS;QPLIB_5881.qs;32;60;13067.0;13067.0;0.117463;8.309523;13067.0
3160;MSTS;QPLIB_5881.qs;32;61;13067.0;13067.0;0.178276;8.487799;13067.0
3161;MSTS;QPLIB_5881.qs;32;62;13067.0;13067.0;0.124223;8.612022;13067.0
3162;MSTS;QPLIB_5881.qs;32;63;13060.0;13067.0;0.171366;8.783388;13067.0
3163;MSTS;QPLIB_5881.qs;32;64;13067.0;13067.0;0.116881;8.900269;13067.0
3164;MSTS;QPLIB_5881.qs;32;65;13067.0;13067.0;0.11996;9.020229;13067.0
3165;MSTS;QPLIB_5881.qs;32;66;13067.0;13067.0;0.179307;9.199536;13067.0
3166;MSTS;QPLIB_5881.qs;32;67;13067.0;13067.0;0.112882;9.312418;13067.0
3167;MSTS;QPLIB_5881.qs;32;68;13067.0;13067.0;0.197334;9.509752;13067.0
3168;MSTS;QPLIB_5881.qs;32;69;13067.0;13067.0;0.128033;9.637785;13067.0
3169;MSTS;QPLIB_5881.qs;32;70;13067.0;13067.0;0.134116;9.771901;13067.0
3170;MSTS;QPLIB_5881.qs;32;71;13067.0;13067.0;0.148016;9.919917;13067.0
3171;MSTS;QPLIB_5881.qs;32;72;13067.0;13067.0;0.122861;10.042778;13067.0
3172;MSTS;QPLIB_5881.qs;32;73;13067.0;13067.0;0.149948;10.192726;13067.0
3173;MSTS;QPLIB_5881.qs;32;74;13067.0;13067.0;0.120163;10.312889;13067.0
3174;MSTS;QPLIB_5881.qs;32;75;13067.0;13067.0;0.131523;10.444412;13067.0
3175;MSTS;QPLIB_5881.qs;32;76;13067.0;13067.0;0.150782;10.595194;13067.0
3176;MSTS;QPLIB_5881.qs;32;77;13067.0;13067.0;0.133066;10.72826;13067.0
3177;MSTS;QPLIB_5881.qs;32;78;13067.0;13067.0;0.142405;10.870665;13067.0
3178;MSTS;QPLIB_5881.qs;32;79;13051.0;13067.0;0.11169;10.982355;13067.0
3179;MSTS;QPLIB_5881.qs;32;80;13067.0;13067.0;0.188729;11.171084;13067.0
3180;MSTS;QPLIB_5881.qs;32;81;13067.0;13067.0;0.167712;11.338796;13067.0
3181;MSTS;QPLIB_5881.qs;32;82;13067.0;13067.0;0.115353;11.454149;13067.0
3182;MSTS;QPLIB_5881.qs;32;83;13067.0;13067.0;0.120899;11.575048;13067.0
3183;MSTS;QPLIB_5881.qs;32;84;13067.0;13067.0;0.124334;11.699382;13067.0
3184;MSTS;QPLIB_5881.qs;32;85;13067.0;13067.0;0.153005;11.852387;13067.0
3185;MSTS;QPLIB_5881.qs;32;86;13067.0;13067.0;0.120043;11.97243;13067.0
3186;MSTS;QPLIB_5881.qs;32;87;13067.0;13067.0;0.184731;12.157161;13067.0
3187;MSTS;QPLIB_5881.qs;32;88;13067.0;13067.0;0.153513;12.310674;13067.0
3188;MSTS;QPLIB_5881.qs;32;89;13067.0;13067.0;0.15768;12.468354;13067.0
3189;MSTS;QPLIB_5881.qs;32;90;13067.0;13067.0;0.167062;12.635416;13067.0
3190;MSTS;QPLIB_5881.qs;32;91;13067.0;13067.0;0.123191;12.758607;13067.0
3191;MSTS;QPLIB_5881.qs;32;92;13060.0;13067.0;0.162286;12.920893;13067.0
3192;MSTS;QPLIB_5881.qs;32;93;13067.0;13067.0;0.118463;13.039356;13067.0
3193;MSTS;QPLIB_5881.qs;32;94;13067.0;13067.0;0.127751;13.167107;13067.0
3194;MSTS;QPLIB_5881.qs;32;95;13067.0;13067.0;0.137023;13.30413;13067.0
3195;MSTS;QPLIB_5881.qs;32;96;13067.0;13067.0;0.129131;13.433261;13067.0
3196;MSTS;QPLIB_5881.qs;32;97;13067.0;13067.0;0.119197;13.552458;13067.0
3197;MSTS;QPLIB_5881.qs;32;98;13067.0;13067.0;0.161615;13.714073;13067.0
3198;MSTS;QPLIB_5881.qs;32;99;13067.0;13067.0;0.13402;13.848093;13067.0
3199;MSTS;QPLIB_5881.qs;32;100;13067.0;13067.0;0.119434;13.967527;13067.0
3200;MSTS;QPLIB_5881.qs;33;1;13067.0;13067.0;0.363083;0.363083;13067.0
3201;MSTS;QPLIB_5881.qs;33;2;13067.0;13067.0;0.182651;0.5457339999999999;13067.0
3202;MSTS;QPLIB_5881.qs;33;3;13067.0;13067.0;0.124706;0.67044;13067.0
3203;MSTS;QPLIB_5881.qs;33;4;13067.0;13067.0;0.148123;0.8185629999999999;13067.0
3204;MSTS;QPLIB_5881.qs;33;5;13067.0;13067.0;0.132874;0.951437;13067.0
3205;MSTS;QPLIB_5881.qs;33;6;13067.0;13067.0;0.117447;1.068884;13067.0
3206;MSTS;QPLIB_5881.qs;33;7;13067.0;13067.0;0.141939;1.210823;13067.0
3207;MSTS;QPLIB_5881.qs;33;8;13067.0;13067.0;0.16833;1.379153;13067.0
3208;MSTS;QPLIB_5881.qs;33;9;13051.0;13067.0;0.118004;1.497157;13067.0
3209;MSTS;QPLIB_5881.qs;33;10;13067.0;13067.0;0.140103;1.63726;13067.0
3210;MSTS;QPLIB_5881.qs;33;11;13067.0;13067.0;0.135028;1.772288;13067.0
3211;MSTS;QPLIB_5881.qs;33;12;13067.0;13067.0;0.125531;1.897819;13067.0
3212;MSTS;QPLIB_5881.qs;33;13;13067.0;13067.0;0.120485;2.018304;13067.0
3213;MSTS;QPLIB_5881.qs;33;14;13067.0;13067.0;0.133639;2.151943;13067.0
3214;MSTS;QPLIB_5881.qs;33;15;13067.0;13067.0;0.160129;2.312072;13067.0
3215;MSTS;QPLIB_5881.qs;33;16;13067.0;13067.0;0.126409;2.438481;13067.0
3216;MSTS;QPLIB_5881.qs;33;17;13067.0;13067.0;0.120822;2.559303;13067.0
3217;MSTS;QPLIB_5881.qs;33;18;13067.0;13067.0;0.132114;2.691417;13067.0
3218;MSTS;QPLIB_5881.qs;33;19;13067.0;13067.0;0.123355;2.814772;13067.0
3219;MSTS;QPLIB_5881.qs;33;20;13067.0;13067.0;0.129073;2.943845;13067.0
3220;MSTS;QPLIB_5881.qs;33;21;13067.0;13067.0;0.123796;3.067641;13067.0
3221;MSTS;QPLIB_5881.qs;33;22;13067.0;13067.0;0.133875;3.201516;13067.0
3222;MSTS;QPLIB_5881.qs;33;23;13067.0;13067.0;0.122812;3.324328;13067.0
3223;MSTS;QPLIB_5881.qs;33;24;13067.0;13067.0;0.128583;3.452911;13067.0
3224;MSTS;QPLIB_5881.qs;33;25;13067.0;13067.0;0.120564;3.573475;13067.0
3225;MSTS;QPLIB_5881.qs;33;26;13067.0;13067.0;0.167113;3.740588;13067.0
3226;MSTS;QPLIB_5881.qs;33;27;13067.0;13067.0;0.125021;3.865609;13067.0
3227;MSTS;QPLIB_5881.qs;33;28;13067.0;13067.0;0.168754;4.034363;13067.0
3228;MSTS;QPLIB_5881.qs;33;29;13051.0;13067.0;0.116745;4.151108;13067.0
3229;MSTS;QPLIB_5881.qs;33;30;13067.0;13067.0;0.17742;4.328528;13067.0
3230;MSTS;QPLIB_5881.qs;33;31;13067.0;13067.0;0.24722;4.575748;13067.0
3231;MSTS;QPLIB_5881.qs;33;32;13051.0;13067.0;0.114145;4.689893;13067.0
3232;MSTS;QPLIB_5881.qs;33;33;13067.0;13067.0;0.11745;4.807343;13067.0
3233;MSTS;QPLIB_5881.qs;33;34;13067.0;13067.0;0.120318;4.927661;13067.0
3234;MSTS;QPLIB_5881.qs;33;35;13067.0;13067.0;0.210356;5.138017;13067.0
3235;MSTS;QPLIB_5881.qs;33;36;13067.0;13067.0;0.121846;5.259863;13067.0
3236;MSTS;QPLIB_5881.qs;33;37;13067.0;13067.0;0.122442;5.382305;13067.0
3237;MSTS;QPLIB_5881.qs;33;38;13067.0;13067.0;0.124789;5.507094;13067.0
3238;MSTS;QPLIB_5881.qs;33;39;13067.0;13067.0;0.179162;5.686256;13067.0
3239;MSTS;QPLIB_5881.qs;33;40;13067.0;13067.0;0.159062;5.845318;13067.0
3240;MSTS;QPLIB_5881.qs;33;41;13067.0;13067.0;0.138109;5.983427;13067.0
3241;MSTS;QPLIB_5881.qs;33;42;13067.0;13067.0;0.132344;6.115771;13067.0
3242;MSTS;QPLIB_5881.qs;33;43;13067.0;13067.0;0.214624;6.330395;13067.0
3243;MSTS;QPLIB_5881.qs;33;44;13067.0;13067.0;0.150163;6.480558;13067.0
3244;MSTS;QPLIB_5881.qs;33;45;13067.0;13067.0;0.121457;6.602015;13067.0
3245;MSTS;QPLIB_5881.qs;33;46;13051.0;13067.0;0.116987;6.719002;13067.0
3246;MSTS;QPLIB_5881.qs;33;47;13067.0;13067.0;0.136173;6.855175;13067.0
3247;MSTS;QPLIB_5881.qs;33;48;13067.0;13067.0;0.119438;6.974613;13067.0
3248;MSTS;QPLIB_5881.qs;33;49;13067.0;13067.0;0.133886;7.108499;13067.0
3249;MSTS;QPLIB_5881.qs;33;50;13067.0;13067.0;0.161837;7.270336;13067.0
3250;MSTS;QPLIB_5881.qs;33;51;13067.0;13067.0;0.127159;7.397495;13067.0
3251;MSTS;QPLIB_5881.qs;33;52;13067.0;13067.0;0.139794;7.5372889999999995;13067.0
3252;MSTS;QPLIB_5881.qs;33;53;13067.0;13067.0;0.160481;7.69777;13067.0
3253;MSTS;QPLIB_5881.qs;33;54;13067.0;13067.0;0.126266;7.8240359999999995;13067.0
3254;MSTS;QPLIB_5881.qs;33;55;13067.0;13067.0;0.136234;7.9602699999999995;13067.0
3255;MSTS;QPLIB_5881.qs;33;56;13067.0;13067.0;0.125575;8.085844999999999;13067.0
3256;MSTS;QPLIB_5881.qs;33;57;13067.0;13067.0;0.14995;8.235795;13067.0
3257;MSTS;QPLIB_5881.qs;33;58;13067.0;13067.0;0.131066;8.366861;13067.0
3258;MSTS;QPLIB_5881.qs;33;59;13067.0;13067.0;0.15592;8.522781;13067.0
3259;MSTS;QPLIB_5881.qs;33;60;13067.0;13067.0;0.124274;8.647055;13067.0
3260;MSTS;QPLIB_5881.qs;33;61;13067.0;13067.0;0.136703;8.783758;13067.0
3261;MSTS;QPLIB_5881.qs;33;62;13067.0;13067.0;0.141445;8.925203;13067.0
3262;MSTS;QPLIB_5881.qs;33;63;13067.0;13067.0;0.16049;9.085693;13067.0
3263;MSTS;QPLIB_5881.qs;33;64;13067.0;13067.0;0.122899;9.208592;13067.0
3264;MSTS;QPLIB_5881.qs;33;65;13067.0;13067.0;0.162783;9.371375;13067.0
3265;MSTS;QPLIB_5881.qs;33;66;13051.0;13067.0;0.116049;9.487423999999999;13067.0
3266;MSTS;QPLIB_5881.qs;33;67;13067.0;13067.0;0.123076;9.6105;13067.0
3267;MSTS;QPLIB_5881.qs;33;68;13067.0;13067.0;0.139651;9.750151;13067.0
3268;MSTS;QPLIB_5881.qs;33;69;13067.0;13067.0;0.120501;9.870652;13067.0
3269;MSTS;QPLIB_5881.qs;33;70;13067.0;13067.0;0.145646;10.016297999999999;13067.0
3270;MSTS;QPLIB_5881.qs;33;71;13067.0;13067.0;0.15606;10.172358;13067.0
3271;MSTS;QPLIB_5881.qs;33;72;13067.0;13067.0;0.150304;10.322662;13067.0
3272;MSTS;QPLIB_5881.qs;33;73;13067.0;13067.0;0.194041;10.516703;13067.0
3273;MSTS;QPLIB_5881.qs;33;74;13067.0;13067.0;0.125161;10.641864;13067.0
3274;MSTS;QPLIB_5881.qs;33;75;13067.0;13067.0;0.129754;10.771618;13067.0
3275;MSTS;QPLIB_5881.qs;33;76;13067.0;13067.0;0.118293;10.889911;13067.0
3276;MSTS;QPLIB_5881.qs;33;77;13051.0;13067.0;0.115651;11.005562;13067.0
3277;MSTS;QPLIB_5881.qs;33;78;13067.0;13067.0;0.193698;11.19926;13067.0
3278;MSTS;QPLIB_5881.qs;33;79;13051.0;13067.0;0.116445;11.315705;13067.0
3279;MSTS;QPLIB_5881.qs;33;80;13067.0;13067.0;0.193896;11.509601;13067.0
3280;MSTS;QPLIB_5881.qs;33;81;13067.0;13067.0;0.124738;11.634339;13067.0
3281;MSTS;QPLIB_5881.qs;33;82;13067.0;13067.0;0.125347;11.759686;13067.0
3282;MSTS;QPLIB_5881.qs;33;83;13060.0;13067.0;0.122291;11.881977;13067.0
3283;MSTS;QPLIB_5881.qs;33;84;13067.0;13067.0;0.116728;11.998705;13067.0
3284;MSTS;QPLIB_5881.qs;33;85;13067.0;13067.0;0.163739;12.162444;13067.0
3285;MSTS;QPLIB_5881.qs;33;86;13067.0;13067.0;0.132757;12.295201;13067.0
3286;MSTS;QPLIB_5881.qs;33;87;13060.0;13067.0;0.120446;12.415647;13067.0
3287;MSTS;QPLIB_5881.qs;33;88;13067.0;13067.0;0.118332;12.533979;13067.0
3288;MSTS;QPLIB_5881.qs;33;89;13067.0;13067.0;0.174071;12.70805;13067.0
3289;MSTS;QPLIB_5881.qs;33;90;13060.0;13067.0;0.135976;12.844026;13067.0
3290;MSTS;QPLIB_5881.qs;33;91;13067.0;13067.0;0.118926;12.962952;13067.0
3291;MSTS;QPLIB_5881.qs;33;92;13067.0;13067.0;0.156488;13.119439999999999;13067.0
3292;MSTS;QPLIB_5881.qs;33;93;13060.0;13067.0;0.119173;13.238612999999999;13067.0
3293;MSTS;QPLIB_5881.qs;33;94;13067.0;13067.0;0.120163;13.358776;13067.0
3294;MSTS;QPLIB_5881.qs;33;95;13067.0;13067.0;0.201606;13.560382;13067.0
3295;MSTS;QPLIB_5881.qs;33;96;13067.0;13067.0;0.12454;13.684922;13067.0
3296;MSTS;QPLIB_5881.qs;33;97;13067.0;13067.0;0.161883;13.846805;13067.0
3297;MSTS;QPLIB_5881.qs;33;98;13067.0;13067.0;0.151064;13.997869;13067.0
3298;MSTS;QPLIB_5881.qs;33;99;13067.0;13067.0;0.120951;14.11882;13067.0
3299;MSTS;QPLIB_5881.qs;33;100;13067.0;13067.0;0.203001;14.321821;13067.0
3300;MSTS;QPLIB_5881.qs;34;1;13067.0;13067.0;0.238387;0.238387;13067.0
3301;MSTS;QPLIB_5881.qs;34;2;13067.0;13067.0;0.172777;0.411164;13067.0
3302;MSTS;QPLIB_5881.qs;34;3;13067.0;13067.0;0.142096;0.55326;13067.0
3303;MSTS;QPLIB_5881.qs;34;4;13067.0;13067.0;0.174658;0.727918;13067.0
3304;MSTS;QPLIB_5881.qs;34;5;13067.0;13067.0;0.147684;0.875602;13067.0
3305;MSTS;QPLIB_5881.qs;34;6;13067.0;13067.0;0.132702;1.0083039999999999;13067.0
3306;MSTS;QPLIB_5881.qs;34;7;13067.0;13067.0;0.195244;1.203548;13067.0
3307;MSTS;QPLIB_5881.qs;34;8;13067.0;13067.0;0.133191;1.336739;13067.0
3308;MSTS;QPLIB_5881.qs;34;9;13067.0;13067.0;0.197969;1.534708;13067.0
3309;MSTS;QPLIB_5881.qs;34;10;13067.0;13067.0;0.127943;1.6626509999999999;13067.0
3310;MSTS;QPLIB_5881.qs;34;11;13067.0;13067.0;0.176618;1.839269;13067.0
3311;MSTS;QPLIB_5881.qs;34;12;13067.0;13067.0;0.118393;1.957662;13067.0
3312;MSTS;QPLIB_5881.qs;34;13;13067.0;13067.0;0.130592;2.088254;13067.0
3313;MSTS;QPLIB_5881.qs;34;14;13067.0;13067.0;0.152205;2.240459;13067.0
3314;MSTS;QPLIB_5881.qs;34;15;13067.0;13067.0;0.122424;2.362883;13067.0
3315;MSTS;QPLIB_5881.qs;34;16;13067.0;13067.0;0.14856;2.511443;13067.0
3316;MSTS;QPLIB_5881.qs;34;17;13060.0;13067.0;0.121146;2.632589;13067.0
3317;MSTS;QPLIB_5881.qs;34;18;13067.0;13067.0;0.119301;2.75189;13067.0
3318;MSTS;QPLIB_5881.qs;34;19;13051.0;13067.0;0.118152;2.870042;13067.0
3319;MSTS;QPLIB_5881.qs;34;20;13067.0;13067.0;0.14048;3.010522;13067.0
3320;MSTS;QPLIB_5881.qs;34;21;13067.0;13067.0;0.131995;3.142517;13067.0
3321;MSTS;QPLIB_5881.qs;34;22;13067.0;13067.0;0.146332;3.288849;13067.0
3322;MSTS;QPLIB_5881.qs;34;23;13067.0;13067.0;0.125779;3.414628;13067.0
3323;MSTS;QPLIB_5881.qs;34;24;13067.0;13067.0;0.164447;3.579075;13067.0
3324;MSTS;QPLIB_5881.qs;34;25;13067.0;13067.0;0.177876;3.756951;13067.0
3325;MSTS;QPLIB_5881.qs;34;26;13067.0;13067.0;0.14047;3.897421;13067.0
3326;MSTS;QPLIB_5881.qs;34;27;13051.0;13067.0;0.114808;4.012229;13067.0
3327;MSTS;QPLIB_5881.qs;34;28;13067.0;13067.0;0.129622;4.141851;13067.0
3328;MSTS;QPLIB_5881.qs;34;29;13067.0;13067.0;0.13969;4.281541;13067.0
3329;MSTS;QPLIB_5881.qs;34;30;13067.0;13067.0;0.159732;4.441273;13067.0
3330;MSTS;QPLIB_5881.qs;34;31;13067.0;13067.0;0.125525;4.566798;13067.0
3331;MSTS;QPLIB_5881.qs;34;32;13067.0;13067.0;0.127504;4.694302;13067.0
3332;MSTS;QPLIB_5881.qs;34;33;13067.0;13067.0;0.135105;4.829407;13067.0
3333;MSTS;QPLIB_5881.qs;34;34;13067.0;13067.0;0.167401;4.996808;13067.0
3334;MSTS;QPLIB_5881.qs;34;35;13067.0;13067.0;0.139011;5.135819;13067.0
3335;MSTS;QPLIB_5881.qs;34;36;13067.0;13067.0;0.139364;5.275183;13067.0
3336;MSTS;QPLIB_5881.qs;34;37;13067.0;13067.0;0.140779;5.415962;13067.0
3337;MSTS;QPLIB_5881.qs;34;38;13067.0;13067.0;0.136524;5.552486;13067.0
3338;MSTS;QPLIB_5881.qs;34;39;13067.0;13067.0;0.132262;5.684748;13067.0
3339;MSTS;QPLIB_5881.qs;34;40;13067.0;13067.0;0.131463;5.816211;13067.0
3340;MSTS;QPLIB_5881.qs;34;41;13067.0;13067.0;0.187953;6.004164;13067.0
3341;MSTS;QPLIB_5881.qs;34;42;13067.0;13067.0;0.138109;6.142273;13067.0
3342;MSTS;QPLIB_5881.qs;34;43;13067.0;13067.0;0.136343;6.278616;13067.0
3343;MSTS;QPLIB_5881.qs;34;44;13067.0;13067.0;0.152136;6.430752;13067.0
3344;MSTS;QPLIB_5881.qs;34;45;13067.0;13067.0;0.137766;6.568518;13067.0
3345;MSTS;QPLIB_5881.qs;34;46;13067.0;13067.0;0.161984;6.7305019999999995;13067.0
3346;MSTS;QPLIB_5881.qs;34;47;13067.0;13067.0;0.126352;6.856854;13067.0
3347;MSTS;QPLIB_5881.qs;34;48;13067.0;13067.0;0.131723;6.988577;13067.0
3348;MSTS;QPLIB_5881.qs;34;49;13067.0;13067.0;0.162795;7.151372;13067.0
3349;MSTS;QPLIB_5881.qs;34;50;13067.0;13067.0;0.141441;7.292813;13067.0
3350;MSTS;QPLIB_5881.qs;34;51;13067.0;13067.0;0.220215;7.513028;13067.0
3351;MSTS;QPLIB_5881.qs;34;52;13067.0;13067.0;0.221859;7.734887;13067.0
3352;MSTS;QPLIB_5881.qs;34;53;13067.0;13067.0;0.121087;7.855974;13067.0
3353;MSTS;QPLIB_5881.qs;34;54;13067.0;13067.0;0.147588;8.003562;13067.0
3354;MSTS;QPLIB_5881.qs;34;55;13067.0;13067.0;0.139867;8.143429;13067.0
3355;MSTS;QPLIB_5881.qs;34;56;13067.0;13067.0;0.129465;8.272894;13067.0
3356;MSTS;QPLIB_5881.qs;34;57;13067.0;13067.0;0.136455;8.409349;13067.0
3357;MSTS;QPLIB_5881.qs;34;58;13067.0;13067.0;0.196002;8.605351;13067.0
3358;MSTS;QPLIB_5881.qs;34;59;13067.0;13067.0;0.194195;8.799546;13067.0
3359;MSTS;QPLIB_5881.qs;34;60;13067.0;13067.0;0.176001;8.975547;13067.0
3360;MSTS;QPLIB_5881.qs;34;61;13067.0;13067.0;0.121517;9.097064;13067.0
3361;MSTS;QPLIB_5881.qs;34;62;13067.0;13067.0;0.159333;9.256397;13067.0
3362;MSTS;QPLIB_5881.qs;34;63;13067.0;13067.0;0.128161;9.384558;13067.0
3363;MSTS;QPLIB_5881.qs;34;64;13067.0;13067.0;0.127032;9.51159;13067.0
3364;MSTS;QPLIB_5881.qs;34;65;13067.0;13067.0;0.122502;9.634092;13067.0
3365;MSTS;QPLIB_5881.qs;34;66;13067.0;13067.0;0.123592;9.757684;13067.0
3366;MSTS;QPLIB_5881.qs;34;67;13067.0;13067.0;0.160903;9.918587;13067.0
3367;MSTS;QPLIB_5881.qs;34;68;13067.0;13067.0;0.161007;10.079594;13067.0
3368;MSTS;QPLIB_5881.qs;34;69;13067.0;13067.0;0.12295;10.202544;13067.0
3369;MSTS;QPLIB_5881.qs;34;70;13067.0;13067.0;0.123391;10.325935;13067.0
3370;MSTS;QPLIB_5881.qs;34;71;13067.0;13067.0;0.194928;10.520863;13067.0
3371;MSTS;QPLIB_5881.qs;34;72;13067.0;13067.0;0.13923;10.660093;13067.0
3372;MSTS;QPLIB_5881.qs;34;73;13067.0;13067.0;0.138158;10.798251;13067.0
3373;MSTS;QPLIB_5881.qs;34;74;13067.0;13067.0;0.196751;10.995002;13067.0
3374;MSTS;QPLIB_5881.qs;34;75;13067.0;13067.0;0.150611;11.145613;13067.0
3375;MSTS;QPLIB_5881.qs;34;76;13067.0;13067.0;0.161789;11.307402;13067.0
3376;MSTS;QPLIB_5881.qs;34;77;13067.0;13067.0;0.201348;11.50875;13067.0
3377;MSTS;QPLIB_5881.qs;34;78;13067.0;13067.0;0.12857;11.63732;13067.0
3378;MSTS;QPLIB_5881.qs;34;79;13067.0;13067.0;0.18491;11.82223;13067.0
3379;MSTS;QPLIB_5881.qs;34;80;13067.0;13067.0;0.127666;11.949896;13067.0
3380;MSTS;QPLIB_5881.qs;34;81;13067.0;13067.0;0.150085;12.099981;13067.0
3381;MSTS;QPLIB_5881.qs;34;82;13067.0;13067.0;0.127965;12.227946;13067.0
3382;MSTS;QPLIB_5881.qs;34;83;13067.0;13067.0;0.158331;12.386277;13067.0
3383;MSTS;QPLIB_5881.qs;34;84;13067.0;13067.0;0.135972;12.522249;13067.0
3384;MSTS;QPLIB_5881.qs;34;85;13067.0;13067.0;0.165846;12.688095;13067.0
3385;MSTS;QPLIB_5881.qs;34;86;13067.0;13067.0;0.129937;12.818032;13067.0
3386;MSTS;QPLIB_5881.qs;34;87;13067.0;13067.0;0.162618;12.98065;13067.0
3387;MSTS;QPLIB_5881.qs;34;88;13067.0;13067.0;0.211028;13.191678;13067.0
3388;MSTS;QPLIB_5881.qs;34;89;13067.0;13067.0;0.146834;13.338512;13067.0
3389;MSTS;QPLIB_5881.qs;34;90;13067.0;13067.0;0.148582;13.487094;13067.0
3390;MSTS;QPLIB_5881.qs;34;91;13067.0;13067.0;0.14217;13.629264;13067.0
3391;MSTS;QPLIB_5881.qs;34;92;13067.0;13067.0;0.124201;13.753465;13067.0
3392;MSTS;QPLIB_5881.qs;34;93;13067.0;13067.0;0.122614;13.876079;13067.0
3393;MSTS;QPLIB_5881.qs;34;94;13067.0;13067.0;0.141403;14.017482;13067.0
3394;MSTS;QPLIB_5881.qs;34;95;13067.0;13067.0;0.122582;14.140064;13067.0
3395;MSTS;QPLIB_5881.qs;34;96;13051.0;13067.0;0.12048;14.260544;13067.0
3396;MSTS;QPLIB_5881.qs;34;97;13067.0;13067.0;0.124124;14.384668;13067.0
3397;MSTS;QPLIB_5881.qs;34;98;13067.0;13067.0;0.127292;14.51196;13067.0
3398;MSTS;QPLIB_5881.qs;34;99;13067.0;13067.0;0.198451;14.710411;13067.0
3399;MSTS;QPLIB_5881.qs;34;100;13067.0;13067.0;0.155908;14.866319;13067.0
3400;MSTS;QPLIB_5881.qs;35;1;13067.0;13067.0;0.237268;0.237268;13067.0
3401;MSTS;QPLIB_5881.qs;35;2;13067.0;13067.0;0.154967;0.392235;13067.0
3402;MSTS;QPLIB_5881.qs;35;3;13067.0;13067.0;0.171205;0.5634399999999999;13067.0
3403;MSTS;QPLIB_5881.qs;35;4;13067.0;13067.0;0.133138;0.696578;13067.0
3404;MSTS;QPLIB_5881.qs;35;5;13067.0;13067.0;0.12823;0.824808;13067.0
3405;MSTS;QPLIB_5881.qs;35;6;13067.0;13067.0;0.194679;1.019487;13067.0
3406;MSTS;QPLIB_5881.qs;35;7;13067.0;13067.0;0.15501;1.1744970000000001;13067.0
3407;MSTS;QPLIB_5881.qs;35;8;13067.0;13067.0;0.159566;1.334063;13067.0
3408;MSTS;QPLIB_5881.qs;35;9;13067.0;13067.0;0.140501;1.474564;13067.0
3409;MSTS;QPLIB_5881.qs;35;10;13067.0;13067.0;0.131918;1.606482;13067.0
3410;MSTS;QPLIB_5881.qs;35;11;13067.0;13067.0;0.14208;1.748562;13067.0
3411;MSTS;QPLIB_5881.qs;35;12;13067.0;13067.0;0.149667;1.898229;13067.0
3412;MSTS;QPLIB_5881.qs;35;13;13067.0;13067.0;0.159194;2.057423;13067.0
3413;MSTS;QPLIB_5881.qs;35;14;13067.0;13067.0;0.142095;2.199518;13067.0
3414;MSTS;QPLIB_5881.qs;35;15;13067.0;13067.0;0.122242;2.32176;13067.0
3415;MSTS;QPLIB_5881.qs;35;16;13067.0;13067.0;0.123245;2.445005;13067.0
3416;MSTS;QPLIB_5881.qs;35;17;13067.0;13067.0;0.131018;2.576023;13067.0
3417;MSTS;QPLIB_5881.qs;35;18;13067.0;13067.0;0.15404;2.730063;13067.0
3418;MSTS;QPLIB_5881.qs;35;19;13067.0;13067.0;0.144259;2.874322;13067.0
3419;MSTS;QPLIB_5881.qs;35;20;13067.0;13067.0;0.134318;3.00864;13067.0
3420;MSTS;QPLIB_5881.qs;35;21;13067.0;13067.0;0.130513;3.139153;13067.0
3421;MSTS;QPLIB_5881.qs;35;22;13067.0;13067.0;0.131099;3.270252;13067.0
3422;MSTS;QPLIB_5881.qs;35;23;13067.0;13067.0;0.122517;3.392769;13067.0
3423;MSTS;QPLIB_5881.qs;35;24;13067.0;13067.0;0.163154;3.555923;13067.0
3424;MSTS;QPLIB_5881.qs;35;25;13067.0;13067.0;0.130603;3.686526;13067.0
3425;MSTS;QPLIB_5881.qs;35;26;13051.0;13067.0;0.120146;3.806672;13067.0
3426;MSTS;QPLIB_5881.qs;35;27;13067.0;13067.0;0.1316;3.938272;13067.0
3427;MSTS;QPLIB_5881.qs;35;28;13067.0;13067.0;0.155705;4.093977;13067.0
3428;MSTS;QPLIB_5881.qs;35;29;13067.0;13067.0;0.174795;4.268772;13067.0
3429;MSTS;QPLIB_5881.qs;35;30;13067.0;13067.0;0.132112;4.400884;13067.0
3430;MSTS;QPLIB_5881.qs;35;31;13067.0;13067.0;0.16111;4.561994;13067.0
3431;MSTS;QPLIB_5881.qs;35;32;13067.0;13067.0;0.130308;4.692302;13067.0
3432;MSTS;QPLIB_5881.qs;35;33;13067.0;13067.0;0.132167;4.824469;13067.0
3433;MSTS;QPLIB_5881.qs;35;34;13067.0;13067.0;0.153641;4.97811;13067.0
3434;MSTS;QPLIB_5881.qs;35;35;13067.0;13067.0;0.169073;5.147183;13067.0
3435;MSTS;QPLIB_5881.qs;35;36;13067.0;13067.0;0.149565;5.296748;13067.0
3436;MSTS;QPLIB_5881.qs;35;37;13051.0;13067.0;0.120297;5.417045;13067.0
3437;MSTS;QPLIB_5881.qs;35;38;13067.0;13067.0;0.123218;5.540263;13067.0
3438;MSTS;QPLIB_5881.qs;35;39;13067.0;13067.0;0.213636;5.753899;13067.0
3439;MSTS;QPLIB_5881.qs;35;40;13067.0;13067.0;0.182533;5.936432;13067.0
3440;MSTS;QPLIB_5881.qs;35;41;13067.0;13067.0;0.174995;6.111427;13067.0
3441;MSTS;QPLIB_5881.qs;35;42;13067.0;13067.0;0.191427;6.302854;13067.0
3442;MSTS;QPLIB_5881.qs;35;43;13067.0;13067.0;0.134936;6.43779;13067.0
3443;MSTS;QPLIB_5881.qs;35;44;13067.0;13067.0;0.163565;6.601355;13067.0
3444;MSTS;QPLIB_5881.qs;35;45;13067.0;13067.0;0.139235;6.74059;13067.0
3445;MSTS;QPLIB_5881.qs;35;46;13067.0;13067.0;0.138963;6.8795530000000005;13067.0
3446;MSTS;QPLIB_5881.qs;35;47;13067.0;13067.0;0.197325;7.076878;13067.0
3447;MSTS;QPLIB_5881.qs;35;48;13067.0;13067.0;0.172349;7.249227;13067.0
3448;MSTS;QPLIB_5881.qs;35;49;13067.0;13067.0;0.173868;7.423095;13067.0
3449;MSTS;QPLIB_5881.qs;35;50;13067.0;13067.0;0.144093;7.567188;13067.0
3450;MSTS;QPLIB_5881.qs;35;51;13067.0;13067.0;0.123974;7.691162;13067.0
3451;MSTS;QPLIB_5881.qs;35;52;13067.0;13067.0;0.136275;7.827437;13067.0
3452;MSTS;QPLIB_5881.qs;35;53;13067.0;13067.0;0.190321;8.017758;13067.0
3453;MSTS;QPLIB_5881.qs;35;54;13067.0;13067.0;0.183354;8.201112;13067.0
3454;MSTS;QPLIB_5881.qs;35;55;13067.0;13067.0;0.165037;8.366149;13067.0
3455;MSTS;QPLIB_5881.qs;35;56;13067.0;13067.0;0.159562;8.525711;13067.0
3456;MSTS;QPLIB_5881.qs;35;57;13067.0;13067.0;0.132094;8.657805;13067.0
3457;MSTS;QPLIB_5881.qs;35;58;13067.0;13067.0;0.141036;8.798841;13067.0
3458;MSTS;QPLIB_5881.qs;35;59;13067.0;13067.0;0.14408;8.942921;13067.0
3459;MSTS;QPLIB_5881.qs;35;60;13067.0;13067.0;0.128613;9.071534;13067.0
3460;MSTS;QPLIB_5881.qs;35;61;13067.0;13067.0;0.135169;9.206703;13067.0
3461;MSTS;QPLIB_5881.qs;35;62;13067.0;13067.0;0.195802;9.402505;13067.0
3462;MSTS;QPLIB_5881.qs;35;63;13067.0;13067.0;0.164924;9.567429;13067.0
3463;MSTS;QPLIB_5881.qs;35;64;13067.0;13067.0;0.177006;9.744435;13067.0
3464;MSTS;QPLIB_5881.qs;35;65;13053.0;13067.0;0.14859;9.893025;13067.0
3465;MSTS;QPLIB_5881.qs;35;66;13060.0;13067.0;0.120333;10.013358;13067.0
3466;MSTS;QPLIB_5881.qs;35;67;13067.0;13067.0;0.120202;10.13356;13067.0
3467;MSTS;QPLIB_5881.qs;35;68;13067.0;13067.0;0.183389;10.316949;13067.0
3468;MSTS;QPLIB_5881.qs;35;69;13067.0;13067.0;0.125174;10.442123;13067.0
3469;MSTS;QPLIB_5881.qs;35;70;13067.0;13067.0;0.15896;10.601083;13067.0
3470;MSTS;QPLIB_5881.qs;35;71;13067.0;13067.0;0.125001;10.726084;13067.0
3471;MSTS;QPLIB_5881.qs;35;72;13067.0;13067.0;0.134521;10.860605;13067.0
3472;MSTS;QPLIB_5881.qs;35;73;13067.0;13067.0;0.134609;10.995214;13067.0
3473;MSTS;QPLIB_5881.qs;35;74;13067.0;13067.0;0.130435;11.125649;13067.0
3474;MSTS;QPLIB_5881.qs;35;75;13067.0;13067.0;0.132968;11.258617;13067.0
3475;MSTS;QPLIB_5881.qs;35;76;13067.0;13067.0;0.143249;11.401866;13067.0
3476;MSTS;QPLIB_5881.qs;35;77;13067.0;13067.0;0.186203;11.588069;13067.0
3477;MSTS;QPLIB_5881.qs;35;78;13067.0;13067.0;0.121584;11.709653;13067.0
3478;MSTS;QPLIB_5881.qs;35;79;13067.0;13067.0;0.139114;11.848767;13067.0
3479;MSTS;QPLIB_5881.qs;35;80;13067.0;13067.0;0.121209;11.969976;13067.0
3480;MSTS;QPLIB_5881.qs;35;81;13067.0;13067.0;0.151795;12.121771;13067.0
3481;MSTS;QPLIB_5881.qs;35;82;13051.0;13067.0;0.120229;12.242;13067.0
3482;MSTS;QPLIB_5881.qs;35;83;13067.0;13067.0;0.169294;12.411294;13067.0
3483;MSTS;QPLIB_5881.qs;35;84;13067.0;13067.0;0.136478;12.547772;13067.0
3484;MSTS;QPLIB_5881.qs;35;85;13067.0;13067.0;0.168288;12.71606;13067.0
3485;MSTS;QPLIB_5881.qs;35;86;13067.0;13067.0;0.147081;12.863141;13067.0
3486;MSTS;QPLIB_5881.qs;35;87;13067.0;13067.0;0.122075;12.985216;13067.0
3487;MSTS;QPLIB_5881.qs;35;88;13067.0;13067.0;0.126945;13.112161;13067.0
3488;MSTS;QPLIB_5881.qs;35;89;13067.0;13067.0;0.175553;13.287714;13067.0
3489;MSTS;QPLIB_5881.qs;35;90;13067.0;13067.0;0.256735;13.544449;13067.0
3490;MSTS;QPLIB_5881.qs;35;91;13067.0;13067.0;0.135597;13.680046;13067.0
3491;MSTS;QPLIB_5881.qs;35;92;13067.0;13067.0;0.137893;13.817938999999999;13067.0
3492;MSTS;QPLIB_5881.qs;35;93;13067.0;13067.0;0.131898;13.949837;13067.0
3493;MSTS;QPLIB_5881.qs;35;94;13067.0;13067.0;0.140797;14.090634;13067.0
3494;MSTS;QPLIB_5881.qs;35;95;13067.0;13067.0;0.197267;14.287901;13067.0
3495;MSTS;QPLIB_5881.qs;35;96;13067.0;13067.0;0.147927;14.435828;13067.0
3496;MSTS;QPLIB_5881.qs;35;97;13067.0;13067.0;0.127377;14.563205;13067.0
3497;MSTS;QPLIB_5881.qs;35;98;13067.0;13067.0;0.12854;14.691745;13067.0
3498;MSTS;QPLIB_5881.qs;35;99;13067.0;13067.0;0.143281;14.835026;13067.0
3499;MSTS;QPLIB_5881.qs;35;100;13067.0;13067.0;0.152;14.987026;13067.0
3500;MSTS;QPLIB_5881.qs;36;1;13067.0;13067.0;0.230231;0.230231;13067.0
3501;MSTS;QPLIB_5881.qs;36;2;13067.0;13067.0;0.177355;0.407586;13067.0
3502;MSTS;QPLIB_5881.qs;36;3;13067.0;13067.0;0.20234;0.609926;13067.0
3503;MSTS;QPLIB_5881.qs;36;4;13067.0;13067.0;0.204067;0.813993;13067.0
3504;MSTS;QPLIB_5881.qs;36;5;13067.0;13067.0;0.15001;0.9640029999999999;13067.0
3505;MSTS;QPLIB_5881.qs;36;6;13067.0;13067.0;0.161493;1.125496;13067.0
3506;MSTS;QPLIB_5881.qs;36;7;13067.0;13067.0;0.12686;1.252356;13067.0
3507;MSTS;QPLIB_5881.qs;36;8;13067.0;13067.0;0.202581;1.454937;13067.0
3508;MSTS;QPLIB_5881.qs;36;9;13067.0;13067.0;0.123848;1.578785;13067.0
3509;MSTS;QPLIB_5881.qs;36;10;13067.0;13067.0;0.126536;1.705321;13067.0
3510;MSTS;QPLIB_5881.qs;36;11;13067.0;13067.0;0.144408;1.849729;13067.0
3511;MSTS;QPLIB_5881.qs;36;12;13067.0;13067.0;0.141542;1.991271;13067.0
3512;MSTS;QPLIB_5881.qs;36;13;13067.0;13067.0;0.191225;2.182496;13067.0
3513;MSTS;QPLIB_5881.qs;36;14;13067.0;13067.0;0.135525;2.318021;13067.0
3514;MSTS;QPLIB_5881.qs;36;15;13067.0;13067.0;0.153647;2.471668;13067.0
3515;MSTS;QPLIB_5881.qs;36;16;13067.0;13067.0;0.165764;2.637432;13067.0
3516;MSTS;QPLIB_5881.qs;36;17;13067.0;13067.0;0.137276;2.774708;13067.0
3517;MSTS;QPLIB_5881.qs;36;18;13051.0;13067.0;0.120188;2.894896;13067.0
3518;MSTS;QPLIB_5881.qs;36;19;13067.0;13067.0;0.153501;3.048397;13067.0
3519;MSTS;QPLIB_5881.qs;36;20;13051.0;13067.0;0.120181;3.168578;13067.0
3520;MSTS;QPLIB_5881.qs;36;21;13067.0;13067.0;0.122471;3.291049;13067.0
3521;MSTS;QPLIB_5881.qs;36;22;13067.0;13067.0;0.123468;3.414517;13067.0
3522;MSTS;QPLIB_5881.qs;36;23;13067.0;13067.0;0.206168;3.620685;13067.0
3523;MSTS;QPLIB_5881.qs;36;24;13067.0;13067.0;0.135063;3.755748;13067.0
3524;MSTS;QPLIB_5881.qs;36;25;13067.0;13067.0;0.156373;3.912121;13067.0
3525;MSTS;QPLIB_5881.qs;36;26;13060.0;13067.0;0.194773;4.1068940000000005;13067.0
3526;MSTS;QPLIB_5881.qs;36;27;13067.0;13067.0;0.120438;4.227332;13067.0
3527;MSTS;QPLIB_5881.qs;36;28;13067.0;13067.0;0.137888;4.36522;13067.0
3528;MSTS;QPLIB_5881.qs;36;29;13067.0;13067.0;0.129185;4.494405;13067.0
3529;MSTS;QPLIB_5881.qs;36;30;13067.0;13067.0;0.135929;4.630334;13067.0
3530;MSTS;QPLIB_5881.qs;36;31;13067.0;13067.0;0.163278;4.793612;13067.0
3531;MSTS;QPLIB_5881.qs;36;32;13067.0;13067.0;0.138838;4.93245;13067.0
3532;MSTS;QPLIB_5881.qs;36;33;13067.0;13067.0;0.14567;5.07812;13067.0
3533;MSTS;QPLIB_5881.qs;36;34;13067.0;13067.0;0.130574;5.208694;13067.0
3534;MSTS;QPLIB_5881.qs;36;35;13060.0;13067.0;0.173928;5.382622;13067.0
3535;MSTS;QPLIB_5881.qs;36;36;13067.0;13067.0;0.120423;5.503045;13067.0
3536;MSTS;QPLIB_5881.qs;36;37;13067.0;13067.0;0.1219;5.624945;13067.0
3537;MSTS;QPLIB_5881.qs;36;38;13051.0;13067.0;0.120252;5.745197;13067.0
3538;MSTS;QPLIB_5881.qs;36;39;13067.0;13067.0;0.128174;5.873371;13067.0
3539;MSTS;QPLIB_5881.qs;36;40;13067.0;13067.0;0.146171;6.019542;13067.0
3540;MSTS;QPLIB_5881.qs;36;41;13067.0;13067.0;0.136378;6.15592;13067.0
3541;MSTS;QPLIB_5881.qs;36;42;13067.0;13067.0;0.124738;6.280658;13067.0
3542;MSTS;QPLIB_5881.qs;36;43;13067.0;13067.0;0.164083;6.444741;13067.0
3543;MSTS;QPLIB_5881.qs;36;44;13067.0;13067.0;0.211456;6.656197;13067.0
3544;MSTS;QPLIB_5881.qs;36;45;13067.0;13067.0;0.136666;6.792863;13067.0
3545;MSTS;QPLIB_5881.qs;36;46;13067.0;13067.0;0.193732;6.986595;13067.0
3546;MSTS;QPLIB_5881.qs;36;47;13067.0;13067.0;0.139808;7.126403;13067.0
3547;MSTS;QPLIB_5881.qs;36;48;13067.0;13067.0;0.204079;7.330482;13067.0
3548;MSTS;QPLIB_5881.qs;36;49;13067.0;13067.0;0.122145;7.452627;13067.0
3549;MSTS;QPLIB_5881.qs;36;50;13067.0;13067.0;0.12785;7.580477;13067.0
3550;MSTS;QPLIB_5881.qs;36;51;13067.0;13067.0;0.141835;7.722312;13067.0
3551;MSTS;QPLIB_5881.qs;36;52;13067.0;13067.0;0.126488;7.8488;13067.0
3552;MSTS;QPLIB_5881.qs;36;53;13067.0;13067.0;0.132628;7.981428;13067.0
3553;MSTS;QPLIB_5881.qs;36;54;13067.0;13067.0;0.122928;8.104356;13067.0
3554;MSTS;QPLIB_5881.qs;36;55;13067.0;13067.0;0.122601;8.226957;13067.0
3555;MSTS;QPLIB_5881.qs;36;56;13067.0;13067.0;0.126784;8.353741;13067.0
3556;MSTS;QPLIB_5881.qs;36;57;13067.0;13067.0;0.187713;8.541454;13067.0
3557;MSTS;QPLIB_5881.qs;36;58;13067.0;13067.0;0.14338;8.684834;13067.0
3558;MSTS;QPLIB_5881.qs;36;59;13067.0;13067.0;0.187193;8.872027;13067.0
3559;MSTS;QPLIB_5881.qs;36;60;13067.0;13067.0;0.143885;9.015912;13067.0
3560;MSTS;QPLIB_5881.qs;36;61;13067.0;13067.0;0.137918;9.15383;13067.0
3561;MSTS;QPLIB_5881.qs;36;62;13067.0;13067.0;0.169005;9.322835;13067.0
3562;MSTS;QPLIB_5881.qs;36;63;13067.0;13067.0;0.205942;9.528777;13067.0
3563;MSTS;QPLIB_5881.qs;36;64;13067.0;13067.0;0.215058;9.743835;13067.0
3564;MSTS;QPLIB_5881.qs;36;65;13067.0;13067.0;0.13564;9.879475;13067.0
3565;MSTS;QPLIB_5881.qs;36;66;13067.0;13067.0;0.135166;10.014641;13067.0
3566;MSTS;QPLIB_5881.qs;36;67;13067.0;13067.0;0.167361;10.182002;13067.0
3567;MSTS;QPLIB_5881.qs;36;68;13067.0;13067.0;0.156491;10.338493;13067.0
3568;MSTS;QPLIB_5881.qs;36;69;13067.0;13067.0;0.17587;10.514363;13067.0
3569;MSTS;QPLIB_5881.qs;36;70;13067.0;13067.0;0.123542;10.637905;13067.0
3570;MSTS;QPLIB_5881.qs;36;71;13067.0;13067.0;0.203468;10.841373;13067.0
3571;MSTS;QPLIB_5881.qs;36;72;13067.0;13067.0;0.158318;10.999691;13067.0
3572;MSTS;QPLIB_5881.qs;36;73;13067.0;13067.0;0.121426;11.121117;13067.0
3573;MSTS;QPLIB_5881.qs;36;74;13067.0;13067.0;0.187005;11.308122;13067.0
3574;MSTS;QPLIB_5881.qs;36;75;13067.0;13067.0;0.121284;11.429406;13067.0
3575;MSTS;QPLIB_5881.qs;36;76;13067.0;13067.0;0.192839;11.622245;13067.0
3576;MSTS;QPLIB_5881.qs;36;77;13067.0;13067.0;0.132035;11.75428;13067.0
3577;MSTS;QPLIB_5881.qs;36;78;13067.0;13067.0;0.199234;11.953514;13067.0
3578;MSTS;QPLIB_5881.qs;36;79;13067.0;13067.0;0.133156;12.08667;13067.0
3579;MSTS;QPLIB_5881.qs;36;80;13067.0;13067.0;0.145627;12.232297;13067.0
3580;MSTS;QPLIB_5881.qs;36;81;13067.0;13067.0;0.121698;12.353995;13067.0
3581;MSTS;QPLIB_5881.qs;36;82;13067.0;13067.0;0.179598;12.533593;13067.0
3582;MSTS;QPLIB_5881.qs;36;83;13067.0;13067.0;0.134471;12.668064;13067.0
3583;MSTS;QPLIB_5881.qs;36;84;13067.0;13067.0;0.160825;12.828889;13067.0
3584;MSTS;QPLIB_5881.qs;36;85;13067.0;13067.0;0.123479;12.952368;13067.0
3585;MSTS;QPLIB_5881.qs;36;86;13067.0;13067.0;0.149661;13.102029;13067.0
3586;MSTS;QPLIB_5881.qs;36;87;13067.0;13067.0;0.151714;13.253743;13067.0
3587;MSTS;QPLIB_5881.qs;36;88;13067.0;13067.0;0.129538;13.383281;13067.0
3588;MSTS;QPLIB_5881.qs;36;89;13067.0;13067.0;0.15;13.533281;13067.0
3589;MSTS;QPLIB_5881.qs;36;90;13051.0;13067.0;0.120337;13.653618;13067.0
3590;MSTS;QPLIB_5881.qs;36;91;13060.0;13067.0;0.131861;13.785479;13067.0
3591;MSTS;QPLIB_5881.qs;36;92;13067.0;13067.0;0.12027;13.905749;13067.0
3592;MSTS;QPLIB_5881.qs;36;93;13067.0;13067.0;0.142137;14.047886;13067.0
3593;MSTS;QPLIB_5881.qs;36;94;13067.0;13067.0;0.135224;14.18311;13067.0
3594;MSTS;QPLIB_5881.qs;36;95;13067.0;13067.0;0.134187;14.317297;13067.0
3595;MSTS;QPLIB_5881.qs;36;96;13067.0;13067.0;0.156502;14.473799;13067.0
3596;MSTS;QPLIB_5881.qs;36;97;13067.0;13067.0;0.157039;14.630838;13067.0
3597;MSTS;QPLIB_5881.qs;36;98;13067.0;13067.0;0.209116;14.839954;13067.0
3598;MSTS;QPLIB_5881.qs;36;99;13067.0;13067.0;0.196694;15.036648;13067.0
3599;MSTS;QPLIB_5881.qs;36;100;13067.0;13067.0;0.143679;15.180327;13067.0
3600;MSTS;QPLIB_5881.qs;37;1;13067.0;13067.0;0.226026;0.226026;13067.0
3601;MSTS;QPLIB_5881.qs;37;2;13067.0;13067.0;0.123217;0.34924299999999997;13067.0
3602;MSTS;QPLIB_5881.qs;37;3;13067.0;13067.0;0.158483;0.507726;13067.0
3603;MSTS;QPLIB_5881.qs;37;4;13067.0;13067.0;0.130803;0.638529;13067.0
3604;MSTS;QPLIB_5881.qs;37;5;13067.0;13067.0;0.168735;0.807264;13067.0
3605;MSTS;QPLIB_5881.qs;37;6;13060.0;13067.0;0.136791;0.944055;13067.0
3606;MSTS;QPLIB_5881.qs;37;7;13067.0;13067.0;0.120629;1.064684;13067.0
3607;MSTS;QPLIB_5881.qs;37;8;13067.0;13067.0;0.197963;1.262647;13067.0
3608;MSTS;QPLIB_5881.qs;37;9;13051.0;13067.0;0.120384;1.3830310000000001;13067.0
3609;MSTS;QPLIB_5881.qs;37;10;13067.0;13067.0;0.126886;1.509917;13067.0
3610;MSTS;QPLIB_5881.qs;37;11;13067.0;13067.0;0.219036;1.728953;13067.0
3611;MSTS;QPLIB_5881.qs;37;12;13067.0;13067.0;0.158045;1.886998;13067.0
3612;MSTS;QPLIB_5881.qs;37;13;13067.0;13067.0;0.13439;2.021388;13067.0
3613;MSTS;QPLIB_5881.qs;37;14;13067.0;13067.0;0.166727;2.188115;13067.0
3614;MSTS;QPLIB_5881.qs;37;15;13067.0;13067.0;0.132147;2.320262;13067.0
3615;MSTS;QPLIB_5881.qs;37;16;13067.0;13067.0;0.184253;2.504515;13067.0
3616;MSTS;QPLIB_5881.qs;37;17;13051.0;13067.0;0.120294;2.624809;13067.0
3617;MSTS;QPLIB_5881.qs;37;18;13067.0;13067.0;0.125667;2.750476;13067.0
3618;MSTS;QPLIB_5881.qs;37;19;13067.0;13067.0;0.128624;2.8790999999999998;13067.0
3619;MSTS;QPLIB_5881.qs;37;20;13067.0;13067.0;0.131598;3.010698;13067.0
3620;MSTS;QPLIB_5881.qs;37;21;13067.0;13067.0;0.124448;3.1351459999999998;13067.0
3621;MSTS;QPLIB_5881.qs;37;22;13067.0;13067.0;0.13235;3.267496;13067.0
3622;MSTS;QPLIB_5881.qs;37;23;13067.0;13067.0;0.139084;3.40658;13067.0
3623;MSTS;QPLIB_5881.qs;37;24;13067.0;13067.0;0.201916;3.608496;13067.0
3624;MSTS;QPLIB_5881.qs;37;25;13060.0;13067.0;0.156923;3.765419;13067.0
3625;MSTS;QPLIB_5881.qs;37;26;13067.0;13067.0;0.120425;3.885844;13067.0
3626;MSTS;QPLIB_5881.qs;37;27;13067.0;13067.0;0.149688;4.035532;13067.0
3627;MSTS;QPLIB_5881.qs;37;28;13067.0;13067.0;0.143636;4.179168;13067.0
3628;MSTS;QPLIB_5881.qs;37;29;13067.0;13067.0;0.143524;4.322692;13067.0
3629;MSTS;QPLIB_5881.qs;37;30;13067.0;13067.0;0.160463;4.483155;13067.0
3630;MSTS;QPLIB_5881.qs;37;31;13067.0;13067.0;0.125562;4.608717;13067.0
3631;MSTS;QPLIB_5881.qs;37;32;13067.0;13067.0;0.144883;4.7536;13067.0
3632;MSTS;QPLIB_5881.qs;37;33;13067.0;13067.0;0.152746;4.906346;13067.0
3633;MSTS;QPLIB_5881.qs;37;34;13067.0;13067.0;0.1267;5.033046;13067.0
3634;MSTS;QPLIB_5881.qs;37;35;13051.0;13067.0;0.103238;5.136284;13067.0
3635;MSTS;QPLIB_5881.qs;37;36;13067.0;13067.0;0.104959;5.241243;13067.0
3636;MSTS;QPLIB_5881.qs;37;37;13067.0;13067.0;0.115758;5.357001;13067.0
3637;MSTS;QPLIB_5881.qs;37;38;13067.0;13067.0;0.108682;5.465683;13067.0
3638;MSTS;QPLIB_5881.qs;37;39;13067.0;13067.0;0.107652;5.573335;13067.0
3639;MSTS;QPLIB_5881.qs;37;40;13067.0;13067.0;0.114187;5.687522;13067.0
3640;MSTS;QPLIB_5881.qs;37;41;13067.0;13067.0;0.181046;5.868568;13067.0
3641;MSTS;QPLIB_5881.qs;37;42;13067.0;13067.0;0.207052;6.07562;13067.0
3642;MSTS;QPLIB_5881.qs;37;43;13067.0;13067.0;0.1216;6.19722;13067.0
3643;MSTS;QPLIB_5881.qs;37;44;13051.0;13067.0;0.103203;6.300423;13067.0
3644;MSTS;QPLIB_5881.qs;37;45;13067.0;13067.0;0.106264;6.406687;13067.0
3645;MSTS;QPLIB_5881.qs;37;46;13067.0;13067.0;0.108925;6.515612;13067.0
3646;MSTS;QPLIB_5881.qs;37;47;13067.0;13067.0;0.10914;6.624752;13067.0
3647;MSTS;QPLIB_5881.qs;37;48;13067.0;13067.0;0.122417;6.747169;13067.0
3648;MSTS;QPLIB_5881.qs;37;49;13051.0;13067.0;0.103403;6.850572;13067.0
3649;MSTS;QPLIB_5881.qs;37;50;13067.0;13067.0;0.119645;6.970217;13067.0
3650;MSTS;QPLIB_5881.qs;37;51;13067.0;13067.0;0.136145;7.106362;13067.0
3651;MSTS;QPLIB_5881.qs;37;52;13067.0;13067.0;0.10693;7.213292;13067.0
3652;MSTS;QPLIB_5881.qs;37;53;13067.0;13067.0;0.164419;7.377711;13067.0
3653;MSTS;QPLIB_5881.qs;37;54;13067.0;13067.0;0.119222;7.496933;13067.0
3654;MSTS;QPLIB_5881.qs;37;55;13067.0;13067.0;0.125187;7.62212;13067.0
3655;MSTS;QPLIB_5881.qs;37;56;13067.0;13067.0;0.11313;7.73525;13067.0
3656;MSTS;QPLIB_5881.qs;37;57;13067.0;13067.0;0.248529;7.983779;13067.0
3657;MSTS;QPLIB_5881.qs;37;58;13067.0;13067.0;0.104833;8.088612;13067.0
3658;MSTS;QPLIB_5881.qs;37;59;13067.0;13067.0;0.157932;8.246544;13067.0
3659;MSTS;QPLIB_5881.qs;37;60;13067.0;13067.0;0.139521;8.386065;13067.0
3660;MSTS;QPLIB_5881.qs;37;61;13067.0;13067.0;0.149874;8.535939;13067.0
3661;MSTS;QPLIB_5881.qs;37;62;13067.0;13067.0;0.146862;8.682801;13067.0
3662;MSTS;QPLIB_5881.qs;37;63;13067.0;13067.0;0.159091;8.841892;13067.0
3663;MSTS;QPLIB_5881.qs;37;64;13067.0;13067.0;0.176916;9.018808;13067.0
3664;MSTS;QPLIB_5881.qs;37;65;13051.0;13067.0;0.119115;9.137923;13067.0
3665;MSTS;QPLIB_5881.qs;37;66;13067.0;13067.0;0.121362;9.259285;13067.0
3666;MSTS;QPLIB_5881.qs;37;67;13067.0;13067.0;0.140199;9.399484;13067.0
3667;MSTS;QPLIB_5881.qs;37;68;13067.0;13067.0;0.211527;9.611011;13067.0
3668;MSTS;QPLIB_5881.qs;37;69;13067.0;13067.0;0.138542;9.749553;13067.0
3669;MSTS;QPLIB_5881.qs;37;70;13067.0;13067.0;0.125628;9.875181;13067.0
3670;MSTS;QPLIB_5881.qs;37;71;13067.0;13067.0;0.167609;10.04279;13067.0
3671;MSTS;QPLIB_5881.qs;37;72;13067.0;13067.0;0.123538;10.166328;13067.0
3672;MSTS;QPLIB_5881.qs;37;73;13067.0;13067.0;0.206488;10.372816;13067.0
3673;MSTS;QPLIB_5881.qs;37;74;13067.0;13067.0;0.135818;10.508634;13067.0
3674;MSTS;QPLIB_5881.qs;37;75;13067.0;13067.0;0.111786;10.62042;13067.0
3675;MSTS;QPLIB_5881.qs;37;76;13067.0;13067.0;0.10748;10.7279;13067.0
3676;MSTS;QPLIB_5881.qs;37;77;13067.0;13067.0;0.104924;10.832824;13067.0
3677;MSTS;QPLIB_5881.qs;37;78;13067.0;13067.0;0.158371;10.991195;13067.0
3678;MSTS;QPLIB_5881.qs;37;79;13067.0;13067.0;0.138905;11.1301;13067.0
3679;MSTS;QPLIB_5881.qs;37;80;13067.0;13067.0;0.118622;11.248722;13067.0
3680;MSTS;QPLIB_5881.qs;37;81;13067.0;13067.0;0.112618;11.36134;13067.0
3681;MSTS;QPLIB_5881.qs;37;82;13067.0;13067.0;0.115944;11.477284;13067.0
3682;MSTS;QPLIB_5881.qs;37;83;13067.0;13067.0;0.16801;11.645294;13067.0
3683;MSTS;QPLIB_5881.qs;37;84;13067.0;13067.0;0.105355;11.750649;13067.0
3684;MSTS;QPLIB_5881.qs;37;85;13067.0;13067.0;0.112035;11.862684;13067.0
3685;MSTS;QPLIB_5881.qs;37;86;13067.0;13067.0;0.121013;11.983697;13067.0
3686;MSTS;QPLIB_5881.qs;37;87;13067.0;13067.0;0.113687;12.097384;13067.0
3687;MSTS;QPLIB_5881.qs;37;88;13067.0;13067.0;0.131311;12.228695;13067.0
3688;MSTS;QPLIB_5881.qs;37;89;13067.0;13067.0;0.113512;12.342207;13067.0
3689;MSTS;QPLIB_5881.qs;37;90;13067.0;13067.0;0.144172;12.486379;13067.0
3690;MSTS;QPLIB_5881.qs;37;91;13067.0;13067.0;0.171228;12.657607;13067.0
3691;MSTS;QPLIB_5881.qs;37;92;13067.0;13067.0;0.118181;12.775788;13067.0
3692;MSTS;QPLIB_5881.qs;37;93;13067.0;13067.0;0.136628;12.912416;13067.0
3693;MSTS;QPLIB_5881.qs;37;94;13067.0;13067.0;0.116954;13.02937;13067.0
3694;MSTS;QPLIB_5881.qs;37;95;13067.0;13067.0;0.154441;13.183811;13067.0
3695;MSTS;QPLIB_5881.qs;37;96;13051.0;13067.0;0.10302;13.286831;13067.0
3696;MSTS;QPLIB_5881.qs;37;97;13060.0;13067.0;0.104593;13.391424;13067.0
3697;MSTS;QPLIB_5881.qs;37;98;13067.0;13067.0;0.103484;13.494908;13067.0
3698;MSTS;QPLIB_5881.qs;37;99;13053.0;13067.0;0.11736;13.612268;13067.0
3699;MSTS;QPLIB_5881.qs;37;100;13067.0;13067.0;0.112678;13.724946;13067.0
3700;MSTS;QPLIB_5881.qs;38;1;13060.0;13060.0;0.217648;0.217648;13067.0
3701;MSTS;QPLIB_5881.qs;38;2;13067.0;13067.0;0.103728;0.321376;13067.0
3702;MSTS;QPLIB_5881.qs;38;3;13067.0;13067.0;0.118491;0.439867;13067.0
3703;MSTS;QPLIB_5881.qs;38;4;13067.0;13067.0;0.126487;0.566354;13067.0
3704;MSTS;QPLIB_5881.qs;38;5;13067.0;13067.0;0.140736;0.70709;13067.0
3705;MSTS;QPLIB_5881.qs;38;6;13067.0;13067.0;0.108354;0.8154440000000001;13067.0
3706;MSTS;QPLIB_5881.qs;38;7;13060.0;13067.0;0.118309;0.933753;13067.0
3707;MSTS;QPLIB_5881.qs;38;8;13067.0;13067.0;0.103388;1.037141;13067.0
3708;MSTS;QPLIB_5881.qs;38;9;13067.0;13067.0;0.108865;1.146006;13067.0
3709;MSTS;QPLIB_5881.qs;38;10;13067.0;13067.0;0.114487;1.260493;13067.0
3710;MSTS;QPLIB_5881.qs;38;11;13067.0;13067.0;0.144795;1.405288;13067.0
3711;MSTS;QPLIB_5881.qs;38;12;13067.0;13067.0;0.15469;1.559978;13067.0
3712;MSTS;QPLIB_5881.qs;38;13;13067.0;13067.0;0.136926;1.696904;13067.0
3713;MSTS;QPLIB_5881.qs;38;14;13067.0;13067.0;0.119535;1.816439;13067.0
3714;MSTS;QPLIB_5881.qs;38;15;13067.0;13067.0;0.104288;1.920727;13067.0
3715;MSTS;QPLIB_5881.qs;38;16;13067.0;13067.0;0.107145;2.027872;13067.0
3716;MSTS;QPLIB_5881.qs;38;17;13067.0;13067.0;0.105458;2.13333;13067.0
3717;MSTS;QPLIB_5881.qs;38;18;13067.0;13067.0;0.112279;2.245609;13067.0
3718;MSTS;QPLIB_5881.qs;38;19;13067.0;13067.0;0.152492;2.398101;13067.0
3719;MSTS;QPLIB_5881.qs;38;20;13067.0;13067.0;0.135306;2.533407;13067.0
3720;MSTS;QPLIB_5881.qs;38;21;13060.0;13067.0;0.119509;2.652916;13067.0
3721;MSTS;QPLIB_5881.qs;38;22;13067.0;13067.0;0.103368;2.756284;13067.0
3722;MSTS;QPLIB_5881.qs;38;23;13067.0;13067.0;0.13143;2.887714;13067.0
3723;MSTS;QPLIB_5881.qs;38;24;13067.0;13067.0;0.140227;3.027941;13067.0
3724;MSTS;QPLIB_5881.qs;38;25;13067.0;13067.0;0.11253;3.140471;13067.0
3725;MSTS;QPLIB_5881.qs;38;26;13067.0;13067.0;0.152123;3.2925940000000002;13067.0
3726;MSTS;QPLIB_5881.qs;38;27;13067.0;13067.0;0.1502;3.442794;13067.0
3727;MSTS;QPLIB_5881.qs;38;28;13067.0;13067.0;0.10419;3.546984;13067.0
3728;MSTS;QPLIB_5881.qs;38;29;13067.0;13067.0;0.194758;3.741742;13067.0
3729;MSTS;QPLIB_5881.qs;38;30;13067.0;13067.0;0.160735;3.902477;13067.0
3730;MSTS;QPLIB_5881.qs;38;31;13067.0;13067.0;0.137908;4.040385;13067.0
3731;MSTS;QPLIB_5881.qs;38;32;13067.0;13067.0;0.104321;4.144706;13067.0
3732;MSTS;QPLIB_5881.qs;38;33;13067.0;13067.0;0.108701;4.253407;13067.0
3733;MSTS;QPLIB_5881.qs;38;34;13067.0;13067.0;0.16849;4.421897;13067.0
3734;MSTS;QPLIB_5881.qs;38;35;13067.0;13067.0;0.11234;4.534237;13067.0
3735;MSTS;QPLIB_5881.qs;38;36;13067.0;13067.0;0.125393;4.65963;13067.0
3736;MSTS;QPLIB_5881.qs;38;37;13067.0;13067.0;0.148146;4.807776;13067.0
3737;MSTS;QPLIB_5881.qs;38;38;13067.0;13067.0;0.160178;4.967954;13067.0
3738;MSTS;QPLIB_5881.qs;38;39;13067.0;13067.0;0.136198;5.104152;13067.0
3739;MSTS;QPLIB_5881.qs;38;40;13067.0;13067.0;0.168269;5.272421;13067.0
3740;MSTS;QPLIB_5881.qs;38;41;13067.0;13067.0;0.128172;5.400593;13067.0
3741;MSTS;QPLIB_5881.qs;38;42;13051.0;13067.0;0.120276;5.520869;13067.0
3742;MSTS;QPLIB_5881.qs;38;43;13067.0;13067.0;0.136119;5.656988;13067.0
3743;MSTS;QPLIB_5881.qs;38;44;13067.0;13067.0;0.130172;5.78716;13067.0
3744;MSTS;QPLIB_5881.qs;38;45;13067.0;13067.0;0.164839;5.951999;13067.0
3745;MSTS;QPLIB_5881.qs;38;46;13060.0;13067.0;0.143098;6.095097;13067.0
3746;MSTS;QPLIB_5881.qs;38;47;13067.0;13067.0;0.120421;6.215518;13067.0
3747;MSTS;QPLIB_5881.qs;38;48;13067.0;13067.0;0.138825;6.354343;13067.0
3748;MSTS;QPLIB_5881.qs;38;49;13067.0;13067.0;0.153931;6.508274;13067.0
3749;MSTS;QPLIB_5881.qs;38;50;13067.0;13067.0;0.122342;6.630616;13067.0
3750;MSTS;QPLIB_5881.qs;38;51;13067.0;13067.0;0.123257;6.7538730000000005;13067.0
3751;MSTS;QPLIB_5881.qs;38;52;13051.0;13067.0;0.120231;6.874104;13067.0
3752;MSTS;QPLIB_5881.qs;38;53;13067.0;13067.0;0.135293;7.009397;13067.0
3753;MSTS;QPLIB_5881.qs;38;54;13067.0;13067.0;0.158599;7.1679960000000005;13067.0
3754;MSTS;QPLIB_5881.qs;38;55;13067.0;13067.0;0.142895;7.310891;13067.0
3755;MSTS;QPLIB_5881.qs;38;56;13067.0;13067.0;0.130645;7.441536;13067.0
3756;MSTS;QPLIB_5881.qs;38;57;13067.0;13067.0;0.184341;7.625877;13067.0
3757;MSTS;QPLIB_5881.qs;38;58;13067.0;13067.0;0.169967;7.795844;13067.0
3758;MSTS;QPLIB_5881.qs;38;59;13067.0;13067.0;0.210456;8.0063;13067.0
3759;MSTS;QPLIB_5881.qs;38;60;13067.0;13067.0;0.187829;8.194129;13067.0
3760;MSTS;QPLIB_5881.qs;38;61;13067.0;13067.0;0.125299;8.319428;13067.0
3761;MSTS;QPLIB_5881.qs;38;62;13067.0;13067.0;0.153054;8.472482;13067.0
3762;MSTS;QPLIB_5881.qs;38;63;13067.0;13067.0;0.135289;8.607771;13067.0
3763;MSTS;QPLIB_5881.qs;38;64;13067.0;13067.0;0.136368;8.744139;13067.0
3764;MSTS;QPLIB_5881.qs;38;65;13067.0;13067.0;0.152329;8.896468;13067.0
3765;MSTS;QPLIB_5881.qs;38;66;13067.0;13067.0;0.141729;9.038197;13067.0
3766;MSTS;QPLIB_5881.qs;38;67;13067.0;13067.0;0.171592;9.209789;13067.0
3767;MSTS;QPLIB_5881.qs;38;68;13067.0;13067.0;0.126517;9.336306;13067.0
3768;MSTS;QPLIB_5881.qs;38;69;13067.0;13067.0;0.126174;9.46248;13067.0
3769;MSTS;QPLIB_5881.qs;38;70;13051.0;13067.0;0.120267;9.582747;13067.0
3770;MSTS;QPLIB_5881.qs;38;71;13067.0;13067.0;0.126409;9.709156;13067.0
3771;MSTS;QPLIB_5881.qs;38;72;13067.0;13067.0;0.121376;9.830532;13067.0
3772;MSTS;QPLIB_5881.qs;38;73;13067.0;13067.0;0.205221;10.035753;13067.0
3773;MSTS;QPLIB_5881.qs;38;74;13067.0;13067.0;0.122032;10.157785;13067.0
3774;MSTS;QPLIB_5881.qs;38;75;13051.0;13067.0;0.120192;10.277977;13067.0
3775;MSTS;QPLIB_5881.qs;38;76;13067.0;13067.0;0.121349;10.399326;13067.0
3776;MSTS;QPLIB_5881.qs;38;77;13067.0;13067.0;0.124248;10.523574;13067.0
3777;MSTS;QPLIB_5881.qs;38;78;13067.0;13067.0;0.121584;10.645158;13067.0
3778;MSTS;QPLIB_5881.qs;38;79;13067.0;13067.0;0.144849;10.790007;13067.0
3779;MSTS;QPLIB_5881.qs;38;80;13067.0;13067.0;0.134704;10.924711;13067.0
3780;MSTS;QPLIB_5881.qs;38;81;13067.0;13067.0;0.16355;11.088261;13067.0
3781;MSTS;QPLIB_5881.qs;38;82;13067.0;13067.0;0.128503;11.216764;13067.0
3782;MSTS;QPLIB_5881.qs;38;83;13067.0;13067.0;0.135795;11.352559;13067.0
3783;MSTS;QPLIB_5881.qs;38;84;13067.0;13067.0;0.15361;11.506169;13067.0
3784;MSTS;QPLIB_5881.qs;38;85;13067.0;13067.0;0.146514;11.652683;13067.0
3785;MSTS;QPLIB_5881.qs;38;86;13067.0;13067.0;0.204752;11.857435;13067.0
3786;MSTS;QPLIB_5881.qs;38;87;13067.0;13067.0;0.193001;12.050436;13067.0
3787;MSTS;QPLIB_5881.qs;38;88;13067.0;13067.0;0.164553;12.214989;13067.0
3788;MSTS;QPLIB_5881.qs;38;89;13067.0;13067.0;0.193219;12.408208;13067.0
3789;MSTS;QPLIB_5881.qs;38;90;13067.0;13067.0;0.131894;12.540102;13067.0
3790;MSTS;QPLIB_5881.qs;38;91;13067.0;13067.0;0.217906;12.758008;13067.0
3791;MSTS;QPLIB_5881.qs;38;92;13067.0;13067.0;0.214482;12.97249;13067.0
3792;MSTS;QPLIB_5881.qs;38;93;13067.0;13067.0;0.130181;13.102671;13067.0
3793;MSTS;QPLIB_5881.qs;38;94;13067.0;13067.0;0.121366;13.224037;13067.0
3794;MSTS;QPLIB_5881.qs;38;95;13067.0;13067.0;0.152297;13.376334;13067.0
3795;MSTS;QPLIB_5881.qs;38;96;13067.0;13067.0;0.187581;13.563915;13067.0
3796;MSTS;QPLIB_5881.qs;38;97;13067.0;13067.0;0.134537;13.698452;13067.0
3797;MSTS;QPLIB_5881.qs;38;98;13051.0;13067.0;0.120208;13.81866;13067.0
3798;MSTS;QPLIB_5881.qs;38;99;13067.0;13067.0;0.121035;13.939695;13067.0
3799;MSTS;QPLIB_5881.qs;38;100;13067.0;13067.0;0.136665;14.07636;13067.0
3800;MSTS;QPLIB_5881.qs;38;101;13067.0;13067.0;0.121364;14.197724;13067.0
3801;MSTS;QPLIB_5881.qs;39;1;13067.0;13067.0;0.327335;0.327335;13067.0
3802;MSTS;QPLIB_5881.qs;39;2;13067.0;13067.0;0.207163;0.534498;13067.0
3803;MSTS;QPLIB_5881.qs;39;3;13067.0;13067.0;0.136144;0.670642;13067.0
3804;MSTS;QPLIB_5881.qs;39;4;13067.0;13067.0;0.162329;0.832971;13067.0
3805;MSTS;QPLIB_5881.qs;39;5;13067.0;13067.0;0.155608;0.988579;13067.0
3806;MSTS;QPLIB_5881.qs;39;6;13067.0;13067.0;0.13406;1.122639;13067.0
3807;MSTS;QPLIB_5881.qs;39;7;13067.0;13067.0;0.130677;1.2533159999999999;13067.0
3808;MSTS;QPLIB_5881.qs;39;8;13067.0;13067.0;0.132778;1.386094;13067.0
3809;MSTS;QPLIB_5881.qs;39;9;13067.0;13067.0;0.130478;1.516572;13067.0
3810;MSTS;QPLIB_5881.qs;39;10;13067.0;13067.0;0.15851;1.675082;13067.0
3811;MSTS;QPLIB_5881.qs;39;11;13067.0;13067.0;0.141819;1.816901;13067.0
3812;MSTS;QPLIB_5881.qs;39;12;13067.0;13067.0;0.146179;1.96308;13067.0
3813;MSTS;QPLIB_5881.qs;39;13;13067.0;13067.0;0.132848;2.095928;13067.0
3814;MSTS;QPLIB_5881.qs;39;14;13067.0;13067.0;0.138893;2.234821;13067.0
3815;MSTS;QPLIB_5881.qs;39;15;13067.0;13067.0;0.141426;2.376247;13067.0
3816;MSTS;QPLIB_5881.qs;39;16;13067.0;13067.0;0.121644;2.497891;13067.0
3817;MSTS;QPLIB_5881.qs;39;17;13067.0;13067.0;0.197934;2.695825;13067.0
3818;MSTS;QPLIB_5881.qs;39;18;13051.0;13067.0;0.120326;2.816151;13067.0
3819;MSTS;QPLIB_5881.qs;39;19;13067.0;13067.0;0.155771;2.971922;13067.0
3820;MSTS;QPLIB_5881.qs;39;20;13067.0;13067.0;0.148618;3.12054;13067.0
3821;MSTS;QPLIB_5881.qs;39;21;13067.0;13067.0;0.134773;3.255313;13067.0
3822;MSTS;QPLIB_5881.qs;39;22;13067.0;13067.0;0.140268;3.395581;13067.0
3823;MSTS;QPLIB_5881.qs;39;23;13067.0;13067.0;0.128416;3.523997;13067.0
3824;MSTS;QPLIB_5881.qs;39;24;13067.0;13067.0;0.148412;3.672409;13067.0
3825;MSTS;QPLIB_5881.qs;39;25;13051.0;13067.0;0.120452;3.792861;13067.0
3826;MSTS;QPLIB_5881.qs;39;26;13067.0;13067.0;0.126632;3.919493;13067.0
3827;MSTS;QPLIB_5881.qs;39;27;13067.0;13067.0;0.155578;4.075071;13067.0
3828;MSTS;QPLIB_5881.qs;39;28;13067.0;13067.0;0.136341;4.211412;13067.0
3829;MSTS;QPLIB_5881.qs;39;29;13067.0;13067.0;0.203977;4.415389;13067.0
3830;MSTS;QPLIB_5881.qs;39;30;13067.0;13067.0;0.217119;4.632508;13067.0
3831;MSTS;QPLIB_5881.qs;39;31;13067.0;13067.0;0.122705;4.755213;13067.0
3832;MSTS;QPLIB_5881.qs;39;32;13067.0;13067.0;0.152501;4.907714;13067.0
3833;MSTS;QPLIB_5881.qs;39;33;13067.0;13067.0;0.142873;5.050587;13067.0
3834;MSTS;QPLIB_5881.qs;39;34;13067.0;13067.0;0.14429;5.194877;13067.0
3835;MSTS;QPLIB_5881.qs;39;35;13067.0;13067.0;0.187201;5.382078;13067.0
3836;MSTS;QPLIB_5881.qs;39;36;13067.0;13067.0;0.213335;5.595413;13067.0
3837;MSTS;QPLIB_5881.qs;39;37;13067.0;13067.0;0.128562;5.723975;13067.0
3838;MSTS;QPLIB_5881.qs;39;38;13067.0;13067.0;0.181336;5.905311;13067.0
3839;MSTS;QPLIB_5881.qs;39;39;13067.0;13067.0;0.175144;6.080455;13067.0
3840;MSTS;QPLIB_5881.qs;39;40;13051.0;13067.0;0.120164;6.200619;13067.0
3841;MSTS;QPLIB_5881.qs;39;41;13067.0;13067.0;0.121341;6.32196;13067.0
3842;MSTS;QPLIB_5881.qs;39;42;13067.0;13067.0;0.188682;6.510642;13067.0
3843;MSTS;QPLIB_5881.qs;39;43;13067.0;13067.0;0.150584;6.661226;13067.0
3844;MSTS;QPLIB_5881.qs;39;44;13067.0;13067.0;0.14299;6.804216;13067.0
3845;MSTS;QPLIB_5881.qs;39;45;13067.0;13067.0;0.127428;6.931644;13067.0
3846;MSTS;QPLIB_5881.qs;39;46;13067.0;13067.0;0.156651;7.0882950000000005;13067.0
3847;MSTS;QPLIB_5881.qs;39;47;13067.0;13067.0;0.242199;7.330494;13067.0
3848;MSTS;QPLIB_5881.qs;39;48;13067.0;13067.0;0.12281;7.453304;13067.0
3849;MSTS;QPLIB_5881.qs;39;49;13067.0;13067.0;0.131016;7.58432;13067.0
3850;MSTS;QPLIB_5881.qs;39;50;13067.0;13067.0;0.158597;7.742917;13067.0
3851;MSTS;QPLIB_5881.qs;39;51;13067.0;13067.0;0.129921;7.872838;13067.0
3852;MSTS;QPLIB_5881.qs;39;52;13060.0;13067.0;0.132382;8.00522;13067.0
3853;MSTS;QPLIB_5881.qs;39;53;13067.0;13067.0;0.12035;8.12557;13067.0
3854;MSTS;QPLIB_5881.qs;39;54;13067.0;13067.0;0.168187;8.293757;13067.0
3855;MSTS;QPLIB_5881.qs;39;55;13067.0;13067.0;0.190532;8.484289;13067.0
3856;MSTS;QPLIB_5881.qs;39;56;13067.0;13067.0;0.123467;8.607756;13067.0
3857;MSTS;QPLIB_5881.qs;39;57;13067.0;13067.0;0.168817;8.776573;13067.0
3858;MSTS;QPLIB_5881.qs;39;58;13067.0;13067.0;0.129467;8.90604;13067.0
3859;MSTS;QPLIB_5881.qs;39;59;13067.0;13067.0;0.14894;9.05498;13067.0
3860;MSTS;QPLIB_5881.qs;39;60;13067.0;13067.0;0.127992;9.182972;13067.0
3861;MSTS;QPLIB_5881.qs;39;61;13067.0;13067.0;0.147472;9.330444;13067.0
3862;MSTS;QPLIB_5881.qs;39;62;13067.0;13067.0;0.131959;9.462403;13067.0
3863;MSTS;QPLIB_5881.qs;39;63;13067.0;13067.0;0.179782;9.642185;13067.0
3864;MSTS;QPLIB_5881.qs;39;64;13067.0;13067.0;0.156172;9.798357;13067.0
3865;MSTS;QPLIB_5881.qs;39;65;13067.0;13067.0;0.205803;10.00416;13067.0
3866;MSTS;QPLIB_5881.qs;39;66;13067.0;13067.0;0.135634;10.139794;13067.0
3867;MSTS;QPLIB_5881.qs;39;67;13067.0;13067.0;0.175781;10.315575;13067.0
3868;MSTS;QPLIB_5881.qs;39;68;13067.0;13067.0;0.154247;10.469822;13067.0
3869;MSTS;QPLIB_5881.qs;39;69;13067.0;13067.0;0.150264;10.620086;13067.0
3870;MSTS;QPLIB_5881.qs;39;70;13067.0;13067.0;0.213307;10.833393;13067.0
3871;MSTS;QPLIB_5881.qs;39;71;13067.0;13067.0;0.144877;10.97827;13067.0
3872;MSTS;QPLIB_5881.qs;39;72;13067.0;13067.0;0.138995;11.117265;13067.0
3873;MSTS;QPLIB_5881.qs;39;73;13067.0;13067.0;0.210858;11.328123;13067.0
3874;MSTS;QPLIB_5881.qs;39;74;13067.0;13067.0;0.144752;11.472875;13067.0
3875;MSTS;QPLIB_5881.qs;39;75;13067.0;13067.0;0.123862;11.596737;13067.0
3876;MSTS;QPLIB_5881.qs;39;76;13067.0;13067.0;0.14594;11.742677;13067.0
3877;MSTS;QPLIB_5881.qs;39;77;13067.0;13067.0;0.173564;11.916241;13067.0
3878;MSTS;QPLIB_5881.qs;39;78;13067.0;13067.0;0.157767;12.074008;13067.0
3879;MSTS;QPLIB_5881.qs;39;79;13067.0;13067.0;0.133569;12.207577;13067.0
3880;MSTS;QPLIB_5881.qs;39;80;13067.0;13067.0;0.153872;12.361449;13067.0
3881;MSTS;QPLIB_5881.qs;39;81;13067.0;13067.0;0.122331;12.48378;13067.0
3882;MSTS;QPLIB_5881.qs;39;82;13067.0;13067.0;0.14691;12.63069;13067.0
3883;MSTS;QPLIB_5881.qs;39;83;13067.0;13067.0;0.12216;12.75285;13067.0
3884;MSTS;QPLIB_5881.qs;39;84;13067.0;13067.0;0.136676;12.889526;13067.0
3885;MSTS;QPLIB_5881.qs;39;85;13067.0;13067.0;0.132755;13.022281;13067.0
3886;MSTS;QPLIB_5881.qs;39;86;13067.0;13067.0;0.165778;13.188058999999999;13067.0
3887;MSTS;QPLIB_5881.qs;39;87;13067.0;13067.0;0.160112;13.348171;13067.0
3888;MSTS;QPLIB_5881.qs;39;88;13067.0;13067.0;0.122486;13.470657;13067.0
3889;MSTS;QPLIB_5881.qs;39;89;13067.0;13067.0;0.132202;13.602859;13067.0
3890;MSTS;QPLIB_5881.qs;39;90;13067.0;13067.0;0.180926;13.783785;13067.0
3891;MSTS;QPLIB_5881.qs;39;91;13067.0;13067.0;0.125476;13.909261;13067.0
3892;MSTS;QPLIB_5881.qs;39;92;13067.0;13067.0;0.242268;14.151529;13067.0
3893;MSTS;QPLIB_5881.qs;39;93;13067.0;13067.0;0.156817;14.308346;13067.0
3894;MSTS;QPLIB_5881.qs;39;94;13067.0;13067.0;0.18678;14.495125999999999;13067.0
3895;MSTS;QPLIB_5881.qs;39;95;13067.0;13067.0;0.166183;14.661309;13067.0
3896;MSTS;QPLIB_5881.qs;39;96;13067.0;13067.0;0.152699;14.814008;13067.0
3897;MSTS;QPLIB_5881.qs;39;97;13067.0;13067.0;0.128815;14.942823;13067.0
3898;MSTS;QPLIB_5881.qs;39;98;13067.0;13067.0;0.137994;15.080817;13067.0
3899;MSTS;QPLIB_5881.qs;39;99;13067.0;13067.0;0.147092;15.227909;13067.0
3900;MSTS;QPLIB_5881.qs;39;100;13067.0;13067.0;0.128321;15.35623;13067.0
3901;MSTS;QPLIB_5881.qs;40;1;13067.0;13067.0;0.258287;0.258287;13067.0
3902;MSTS;QPLIB_5881.qs;40;2;13067.0;13067.0;0.128481;0.386768;13067.0
3903;MSTS;QPLIB_5881.qs;40;3;13067.0;13067.0;0.159049;0.545817;13067.0
3904;MSTS;QPLIB_5881.qs;40;4;13067.0;13067.0;0.204787;0.750604;13067.0
3905;MSTS;QPLIB_5881.qs;40;5;13067.0;13067.0;0.148324;0.898928;13067.0
3906;MSTS;QPLIB_5881.qs;40;6;13060.0;13067.0;0.193801;1.092729;13067.0
3907;MSTS;QPLIB_5881.qs;40;7;13067.0;13067.0;0.120504;1.213233;13067.0
3908;MSTS;QPLIB_5881.qs;40;8;13067.0;13067.0;0.12477;1.338003;13067.0
3909;MSTS;QPLIB_5881.qs;40;9;13067.0;13067.0;0.135294;1.473297;13067.0
3910;MSTS;QPLIB_5881.qs;40;10;13067.0;13067.0;0.183169;1.656466;13067.0
3911;MSTS;QPLIB_5881.qs;40;11;13067.0;13067.0;0.186095;1.8425610000000001;13067.0
3912;MSTS;QPLIB_5881.qs;40;12;13067.0;13067.0;0.192207;2.034768;13067.0
3913;MSTS;QPLIB_5881.qs;40;13;13067.0;13067.0;0.132453;2.167221;13067.0
3914;MSTS;QPLIB_5881.qs;40;14;13067.0;13067.0;0.135215;2.302436;13067.0
3915;MSTS;QPLIB_5881.qs;40;15;13067.0;13067.0;0.173309;2.475745;13067.0
3916;MSTS;QPLIB_5881.qs;40;16;13067.0;13067.0;0.134664;2.610409;13067.0
3917;MSTS;QPLIB_5881.qs;40;17;13067.0;13067.0;0.18672;2.797129;13067.0
3918;MSTS;QPLIB_5881.qs;40;18;13051.0;13067.0;0.120312;2.917441;13067.0
3919;MSTS;QPLIB_5881.qs;40;19;13067.0;13067.0;0.125434;3.042875;13067.0
3920;MSTS;QPLIB_5881.qs;40;20;13060.0;13067.0;0.123217;3.166092;13067.0
3921;MSTS;QPLIB_5881.qs;40;21;13067.0;13067.0;0.120502;3.286594;13067.0
3922;MSTS;QPLIB_5881.qs;40;22;13067.0;13067.0;0.137207;3.423801;13067.0
3923;MSTS;QPLIB_5881.qs;40;23;13067.0;13067.0;0.155748;3.579549;13067.0
3924;MSTS;QPLIB_5881.qs;40;24;13067.0;13067.0;0.143397;3.722946;13067.0
3925;MSTS;QPLIB_5881.qs;40;25;13067.0;13067.0;0.130061;3.853007;13067.0
3926;MSTS;QPLIB_5881.qs;40;26;13067.0;13067.0;0.187204;4.040211;13067.0
3927;MSTS;QPLIB_5881.qs;40;27;13051.0;13067.0;0.120225;4.160436;13067.0
3928;MSTS;QPLIB_5881.qs;40;28;13067.0;13067.0;0.129161;4.289597;13067.0
3929;MSTS;QPLIB_5881.qs;40;29;13067.0;13067.0;0.1442;4.433797;13067.0
3930;MSTS;QPLIB_5881.qs;40;30;13067.0;13067.0;0.130691;4.564488;13067.0
3931;MSTS;QPLIB_5881.qs;40;31;13067.0;13067.0;0.150301;4.714789;13067.0
3932;MSTS;QPLIB_5881.qs;40;32;13067.0;13067.0;0.127854;4.842643;13067.0
3933;MSTS;QPLIB_5881.qs;40;33;13067.0;13067.0;0.13477;4.977413;13067.0
3934;MSTS;QPLIB_5881.qs;40;34;13051.0;13067.0;0.120276;5.097689;13067.0
3935;MSTS;QPLIB_5881.qs;40;35;13067.0;13067.0;0.208978;5.306667;13067.0
3936;MSTS;QPLIB_5881.qs;40;36;13067.0;13067.0;0.143467;5.450134;13067.0
3937;MSTS;QPLIB_5881.qs;40;37;13067.0;13067.0;0.16216;5.612294;13067.0
3938;MSTS;QPLIB_5881.qs;40;38;13067.0;13067.0;0.124151;5.736445;13067.0
3939;MSTS;QPLIB_5881.qs;40;39;13067.0;13067.0;0.155024;5.891469;13067.0
3940;MSTS;QPLIB_5881.qs;40;40;13067.0;13067.0;0.171701;6.0631699999999995;13067.0
3941;MSTS;QPLIB_5881.qs;40;41;13067.0;13067.0;0.138502;6.201672;13067.0
3942;MSTS;QPLIB_5881.qs;40;42;13067.0;13067.0;0.126604;6.328276;13067.0
3943;MSTS;QPLIB_5881.qs;40;43;13067.0;13067.0;0.127463;6.455739;13067.0
3944;MSTS;QPLIB_5881.qs;40;44;13067.0;13067.0;0.154297;6.610036;13067.0
3945;MSTS;QPLIB_5881.qs;40;45;13067.0;13067.0;0.141698;6.751734;13067.0
3946;MSTS;QPLIB_5881.qs;40;46;13067.0;13067.0;0.134741;6.886475;13067.0
3947;MSTS;QPLIB_5881.qs;40;47;13067.0;13067.0;0.156659;7.043134;13067.0
3948;MSTS;QPLIB_5881.qs;40;48;13067.0;13067.0;0.145698;7.188832;13067.0
3949;MSTS;QPLIB_5881.qs;40;49;13067.0;13067.0;0.121469;7.310301;13067.0
3950;MSTS;QPLIB_5881.qs;40;50;13067.0;13067.0;0.131329;7.44163;13067.0
3951;MSTS;QPLIB_5881.qs;40;51;13067.0;13067.0;0.122288;7.563918;13067.0
3952;MSTS;QPLIB_5881.qs;40;52;13067.0;13067.0;0.160366;7.724284;13067.0
3953;MSTS;QPLIB_5881.qs;40;53;13067.0;13067.0;0.208077;7.932361;13067.0
3954;MSTS;QPLIB_5881.qs;40;54;13067.0;13067.0;0.183851;8.116211999999999;13067.0
3955;MSTS;QPLIB_5881.qs;40;55;13051.0;13067.0;0.120282;8.236494;13067.0
3956;MSTS;QPLIB_5881.qs;40;56;13067.0;13067.0;0.123167;8.359661;13067.0
3957;MSTS;QPLIB_5881.qs;40;57;13067.0;13067.0;0.14454;8.504201;13067.0
3958;MSTS;QPLIB_5881.qs;40;58;13053.0;13067.0;0.137824;8.642025;13067.0
3959;MSTS;QPLIB_5881.qs;40;59;13067.0;13067.0;0.124166;8.766191;13067.0
3960;MSTS;QPLIB_5881.qs;40;60;13067.0;13067.0;0.122561;8.888752;13067.0
3961;MSTS;QPLIB_5881.qs;40;61;13067.0;13067.0;0.124967;9.013719;13067.0
3962;MSTS;QPLIB_5881.qs;40;62;13067.0;13067.0;0.135454;9.149173;13067.0
3963;MSTS;QPLIB_5881.qs;40;63;13067.0;13067.0;0.150273;9.299446;13067.0
3964;MSTS;QPLIB_5881.qs;40;64;13067.0;13067.0;0.121378;9.420824;13067.0
3965;MSTS;QPLIB_5881.qs;40;65;13067.0;13067.0;0.164938;9.585761999999999;13067.0
3966;MSTS;QPLIB_5881.qs;40;66;13051.0;13067.0;0.120237;9.705999;13067.0
3967;MSTS;QPLIB_5881.qs;40;67;13067.0;13067.0;0.133623;9.839622;13067.0
3968;MSTS;QPLIB_5881.qs;40;68;13067.0;13067.0;0.1463;9.985922;13067.0
3969;MSTS;QPLIB_5881.qs;40;69;13067.0;13067.0;0.16537;10.151292;13067.0
3970;MSTS;QPLIB_5881.qs;40;70;13067.0;13067.0;0.157295;10.308587;13067.0
3971;MSTS;QPLIB_5881.qs;40;71;13051.0;13067.0;0.120284;10.428871;13067.0
3972;MSTS;QPLIB_5881.qs;40;72;13067.0;13067.0;0.153743;10.582614;13067.0
3973;MSTS;QPLIB_5881.qs;40;73;13067.0;13067.0;0.170966;10.75358;13067.0
3974;MSTS;QPLIB_5881.qs;40;74;13067.0;13067.0;0.121483;10.875062999999999;13067.0
3975;MSTS;QPLIB_5881.qs;40;75;13067.0;13067.0;0.200875;11.075937999999999;13067.0
3976;MSTS;QPLIB_5881.qs;40;76;13067.0;13067.0;0.12798;11.203918;13067.0
3977;MSTS;QPLIB_5881.qs;40;77;13067.0;13067.0;0.154957;11.358875;13067.0
3978;MSTS;QPLIB_5881.qs;40;78;13067.0;13067.0;0.219644;11.578519;13067.0
3979;MSTS;QPLIB_5881.qs;40;79;13067.0;13067.0;0.129697;11.708216;13067.0
3980;MSTS;QPLIB_5881.qs;40;80;13067.0;13067.0;0.164783;11.872999;13067.0
3981;MSTS;QPLIB_5881.qs;40;81;13067.0;13067.0;0.122037;11.995036;13067.0
3982;MSTS;QPLIB_5881.qs;40;82;13067.0;13067.0;0.133977;12.129013;13067.0
3983;MSTS;QPLIB_5881.qs;40;83;13067.0;13067.0;0.163351;12.292364;13067.0
3984;MSTS;QPLIB_5881.qs;40;84;13067.0;13067.0;0.13774;12.430104;13067.0
3985;MSTS;QPLIB_5881.qs;40;85;13051.0;13067.0;0.12026;12.550364;13067.0
3986;MSTS;QPLIB_5881.qs;40;86;13067.0;13067.0;0.145156;12.69552;13067.0
3987;MSTS;QPLIB_5881.qs;40;87;13067.0;13067.0;0.124421;12.819941;13067.0
3988;MSTS;QPLIB_5881.qs;40;88;13067.0;13067.0;0.18209;13.002031;13067.0
3989;MSTS;QPLIB_5881.qs;40;89;13067.0;13067.0;0.155816;13.157847;13067.0
3990;MSTS;QPLIB_5881.qs;40;90;13067.0;13067.0;0.153815;13.311662;13067.0
3991;MSTS;QPLIB_5881.qs;40;91;13067.0;13067.0;0.164936;13.476598;13067.0
3992;MSTS;QPLIB_5881.qs;40;92;13067.0;13067.0;0.131854;13.608452;13067.0
3993;MSTS;QPLIB_5881.qs;40;93;13067.0;13067.0;0.164545;13.772997;13067.0
3994;MSTS;QPLIB_5881.qs;40;94;13067.0;13067.0;0.134515;13.907512;13067.0
3995;MSTS;QPLIB_5881.qs;40;95;13067.0;13067.0;0.127311;14.034823;13067.0
3996;MSTS;QPLIB_5881.qs;40;96;13067.0;13067.0;0.125351;14.160174;13067.0
3997;MSTS;QPLIB_5881.qs;40;97;13067.0;13067.0;0.173073;14.333247;13067.0
3998;MSTS;QPLIB_5881.qs;40;98;13067.0;13067.0;0.148527;14.481774;13067.0
3999;MSTS;QPLIB_5881.qs;40;99;13051.0;13067.0;0.120358;14.602132;13067.0
4000;MSTS;QPLIB_5881.qs;40;100;13067.0;13067.0;0.122;14.724131999999999;13067.0
4001;MSTS;QPLIB_5881.qs;41;1;13067.0;13067.0;0.407046;0.407046;13067.0
4002;MSTS;QPLIB_5881.qs;41;2;13067.0;13067.0;0.147555;0.554601;13067.0
4003;MSTS;QPLIB_5881.qs;41;3;13051.0;13067.0;0.120602;0.675203;13067.0
4004;MSTS;QPLIB_5881.qs;41;4;13067.0;13067.0;0.12159;0.796793;13067.0
4005;MSTS;QPLIB_5881.qs;41;5;13067.0;13067.0;0.188608;0.985401;13067.0
4006;MSTS;QPLIB_5881.qs;41;6;13067.0;13067.0;0.12805;1.113451;13067.0
4007;MSTS;QPLIB_5881.qs;41;7;13067.0;13067.0;0.208111;1.3215620000000001;13067.0
4008;MSTS;QPLIB_5881.qs;41;8;13067.0;13067.0;0.129785;1.451347;13067.0
4009;MSTS;QPLIB_5881.qs;41;9;13067.0;13067.0;0.150129;1.6014760000000001;13067.0
4010;MSTS;QPLIB_5881.qs;41;10;13067.0;13067.0;0.140291;1.741767;13067.0
4011;MSTS;QPLIB_5881.qs;41;11;13067.0;13067.0;0.128873;1.87064;13067.0
4012;MSTS;QPLIB_5881.qs;41;12;13067.0;13067.0;0.123508;1.994148;13067.0
4013;MSTS;QPLIB_5881.qs;41;13;13067.0;13067.0;0.135082;2.12923;13067.0
4014;MSTS;QPLIB_5881.qs;41;14;13067.0;13067.0;0.173538;2.302768;13067.0
4015;MSTS;QPLIB_5881.qs;41;15;13051.0;13067.0;0.120505;2.423273;13067.0
4016;MSTS;QPLIB_5881.qs;41;16;13067.0;13067.0;0.191099;2.614372;13067.0
4017;MSTS;QPLIB_5881.qs;41;17;13067.0;13067.0;0.160847;2.775219;13067.0
4018;MSTS;QPLIB_5881.qs;41;18;13051.0;13067.0;0.12053;2.895749;13067.0
4019;MSTS;QPLIB_5881.qs;41;19;13067.0;13067.0;0.123429;3.019178;13067.0
4020;MSTS;QPLIB_5881.qs;41;20;13067.0;13067.0;0.222128;3.241306;13067.0
4021;MSTS;QPLIB_5881.qs;41;21;13051.0;13067.0;0.12055;3.361856;13067.0
4022;MSTS;QPLIB_5881.qs;41;22;13067.0;13067.0;0.132535;3.4943910000000002;13067.0
4023;MSTS;QPLIB_5881.qs;41;23;13067.0;13067.0;0.174218;3.668609;13067.0
4024;MSTS;QPLIB_5881.qs;41;24;13067.0;13067.0;0.155549;3.824158;13067.0
4025;MSTS;QPLIB_5881.qs;41;25;13067.0;13067.0;0.122394;3.946552;13067.0
4026;MSTS;QPLIB_5881.qs;41;26;13067.0;13067.0;0.160491;4.107043;13067.0
4027;MSTS;QPLIB_5881.qs;41;27;13067.0;13067.0;0.144047;4.25109;13067.0
4028;MSTS;QPLIB_5881.qs;41;28;13067.0;13067.0;0.126926;4.378016;13067.0
4029;MSTS;QPLIB_5881.qs;41;29;13067.0;13067.0;0.13509;4.513106;13067.0
4030;MSTS;QPLIB_5881.qs;41;30;13067.0;13067.0;0.150848;4.663954;13067.0
4031;MSTS;QPLIB_5881.qs;41;31;13067.0;13067.0;0.163717;4.8276710000000005;13067.0
4032;MSTS;QPLIB_5881.qs;41;32;13067.0;13067.0;0.122869;4.95054;13067.0
4033;MSTS;QPLIB_5881.qs;41;33;13067.0;13067.0;0.150681;5.101221;13067.0
4034;MSTS;QPLIB_5881.qs;41;34;13067.0;13067.0;0.163609;5.26483;13067.0
4035;MSTS;QPLIB_5881.qs;41;35;13067.0;13067.0;0.131374;5.396204;13067.0
4036;MSTS;QPLIB_5881.qs;41;36;13067.0;13067.0;0.156262;5.552466;13067.0
4037;MSTS;QPLIB_5881.qs;41;37;13067.0;13067.0;0.121996;5.674462;13067.0
4038;MSTS;QPLIB_5881.qs;41;38;13067.0;13067.0;0.181238;5.8557;13067.0
4039;MSTS;QPLIB_5881.qs;41;39;13067.0;13067.0;0.176667;6.032367;13067.0
4040;MSTS;QPLIB_5881.qs;41;40;13067.0;13067.0;0.148422;6.180789;13067.0
4041;MSTS;QPLIB_5881.qs;41;41;13067.0;13067.0;0.149417;6.330206;13067.0
4042;MSTS;QPLIB_5881.qs;41;42;13067.0;13067.0;0.159819;6.490025;13067.0
4043;MSTS;QPLIB_5881.qs;41;43;13067.0;13067.0;0.190726;6.680751;13067.0
4044;MSTS;QPLIB_5881.qs;41;44;13067.0;13067.0;0.128643;6.809394;13067.0
4045;MSTS;QPLIB_5881.qs;41;45;13067.0;13067.0;0.159256;6.96865;13067.0
4046;MSTS;QPLIB_5881.qs;41;46;13067.0;13067.0;0.202896;7.171546;13067.0
4047;MSTS;QPLIB_5881.qs;41;47;13067.0;13067.0;0.12643;7.297976;13067.0
4048;MSTS;QPLIB_5881.qs;41;48;13067.0;13067.0;0.132154;7.43013;13067.0
4049;MSTS;QPLIB_5881.qs;41;49;13067.0;13067.0;0.208663;7.638793;13067.0
4050;MSTS;QPLIB_5881.qs;41;50;13051.0;13067.0;0.120523;7.759316;13067.0
4051;MSTS;QPLIB_5881.qs;41;51;13067.0;13067.0;0.123065;7.882381;13067.0
4052;MSTS;QPLIB_5881.qs;41;52;13067.0;13067.0;0.179749;8.06213;13067.0
4053;MSTS;QPLIB_5881.qs;41;53;13051.0;13067.0;0.120574;8.182704;13067.0
4054;MSTS;QPLIB_5881.qs;41;54;13067.0;13067.0;0.123802;8.306506;13067.0
4055;MSTS;QPLIB_5881.qs;41;55;13067.0;13067.0;0.146766;8.453272;13067.0
4056;MSTS;QPLIB_5881.qs;41;56;13067.0;13067.0;0.163321;8.616593;13067.0
4057;MSTS;QPLIB_5881.qs;41;57;13067.0;13067.0;0.150238;8.766831;13067.0
4058;MSTS;QPLIB_5881.qs;41;58;13067.0;13067.0;0.126375;8.893206;13067.0
4059;MSTS;QPLIB_5881.qs;41;59;13067.0;13067.0;0.13783;9.031036;13067.0
4060;MSTS;QPLIB_5881.qs;41;60;13067.0;13067.0;0.176647;9.207683;13067.0
4061;MSTS;QPLIB_5881.qs;41;61;13067.0;13067.0;0.128988;9.336671;13067.0
4062;MSTS;QPLIB_5881.qs;41;62;13067.0;13067.0;0.125133;9.461804;13067.0
4063;MSTS;QPLIB_5881.qs;41;63;13067.0;13067.0;0.13311;9.594914;13067.0
4064;MSTS;QPLIB_5881.qs;41;64;13067.0;13067.0;0.184636;9.77955;13067.0
4065;MSTS;QPLIB_5881.qs;41;65;13067.0;13067.0;0.121571;9.901121;13067.0
4066;MSTS;QPLIB_5881.qs;41;66;13067.0;13067.0;0.141697;10.042818;13067.0
4067;MSTS;QPLIB_5881.qs;41;67;13067.0;13067.0;0.146276;10.189094;13067.0
4068;MSTS;QPLIB_5881.qs;41;68;13067.0;13067.0;0.132279;10.321373;13067.0
4069;MSTS;QPLIB_5881.qs;41;69;13067.0;13067.0;0.170154;10.491527;13067.0
4070;MSTS;QPLIB_5881.qs;41;70;13067.0;13067.0;0.136852;10.628379;13067.0
4071;MSTS;QPLIB_5881.qs;41;71;13067.0;13067.0;0.145993;10.774372;13067.0
4072;MSTS;QPLIB_5881.qs;41;72;13067.0;13067.0;0.148804;10.923176;13067.0
4073;MSTS;QPLIB_5881.qs;41;73;13067.0;13067.0;0.155803;11.078979;13067.0
4074;MSTS;QPLIB_5881.qs;41;74;13067.0;13067.0;0.185294;11.264273;13067.0
4075;MSTS;QPLIB_5881.qs;41;75;13067.0;13067.0;0.12171;11.385983;13067.0
4076;MSTS;QPLIB_5881.qs;41;76;13067.0;13067.0;0.157214;11.543197;13067.0
4077;MSTS;QPLIB_5881.qs;41;77;13067.0;13067.0;0.154655;11.697852;13067.0
4078;MSTS;QPLIB_5881.qs;41;78;13067.0;13067.0;0.141419;11.839271;13067.0
4079;MSTS;QPLIB_5881.qs;41;79;13067.0;13067.0;0.201617;12.040888;13067.0
4080;MSTS;QPLIB_5881.qs;41;80;13067.0;13067.0;0.147333;12.188221;13067.0
4081;MSTS;QPLIB_5881.qs;41;81;13067.0;13067.0;0.153369;12.34159;13067.0
4082;MSTS;QPLIB_5881.qs;41;82;13067.0;13067.0;0.138224;12.479814;13067.0
4083;MSTS;QPLIB_5881.qs;41;83;13051.0;13067.0;0.120582;12.600396;13067.0
4084;MSTS;QPLIB_5881.qs;41;84;13067.0;13067.0;0.191239;12.791635;13067.0
4085;MSTS;QPLIB_5881.qs;41;85;13051.0;13067.0;0.120891;12.912526;13067.0
4086;MSTS;QPLIB_5881.qs;41;86;13060.0;13067.0;0.123512;13.036038;13067.0
4087;MSTS;QPLIB_5881.qs;41;87;13067.0;13067.0;0.121136;13.157174;13067.0
4088;MSTS;QPLIB_5881.qs;41;88;13067.0;13067.0;0.157281;13.314455;13067.0
4089;MSTS;QPLIB_5881.qs;41;89;13067.0;13067.0;0.163754;13.478209;13067.0
4090;MSTS;QPLIB_5881.qs;41;90;13067.0;13067.0;0.183906;13.662115;13067.0
4091;MSTS;QPLIB_5881.qs;41;91;13051.0;13067.0;0.120734;13.782849;13067.0
4092;MSTS;QPLIB_5881.qs;41;92;13067.0;13067.0;0.138178;13.921027;13067.0
4093;MSTS;QPLIB_5881.qs;41;93;13067.0;13067.0;0.171622;14.092649;13067.0
4094;MSTS;QPLIB_5881.qs;41;94;13067.0;13067.0;0.139741;14.23239;13067.0
4095;MSTS;QPLIB_5881.qs;41;95;13067.0;13067.0;0.171108;14.403497999999999;13067.0
4096;MSTS;QPLIB_5881.qs;41;96;13067.0;13067.0;0.125431;14.528929;13067.0
4097;MSTS;QPLIB_5881.qs;41;97;13067.0;13067.0;0.186257;14.715186;13067.0
4098;MSTS;QPLIB_5881.qs;41;98;13067.0;13067.0;0.123541;14.838727;13067.0
4099;MSTS;QPLIB_5881.qs;41;99;13067.0;13067.0;0.148957;14.987684;13067.0
4100;MSTS;QPLIB_5881.qs;41;100;13067.0;13067.0;0.134355;15.122039;13067.0
4101;MSTS;QPLIB_5881.qs;42;1;13067.0;13067.0;0.241228;0.241228;13067.0
4102;MSTS;QPLIB_5881.qs;42;2;13067.0;13067.0;0.136805;0.378033;13067.0
4103;MSTS;QPLIB_5881.qs;42;3;13067.0;13067.0;0.146166;0.524199;13067.0
4104;MSTS;QPLIB_5881.qs;42;4;13067.0;13067.0;0.155905;0.680104;13067.0
4105;MSTS;QPLIB_5881.qs;42;5;13067.0;13067.0;0.161361;0.841465;13067.0
4106;MSTS;QPLIB_5881.qs;42;6;13067.0;13067.0;0.146015;0.98748;13067.0
4107;MSTS;QPLIB_5881.qs;42;7;13067.0;13067.0;0.16617;1.15365;13067.0
4108;MSTS;QPLIB_5881.qs;42;8;13067.0;13067.0;0.191668;1.345318;13067.0
4109;MSTS;QPLIB_5881.qs;42;9;13067.0;13067.0;0.141421;1.486739;13067.0
4110;MSTS;QPLIB_5881.qs;42;10;13051.0;13067.0;0.120485;1.607224;13067.0
4111;MSTS;QPLIB_5881.qs;42;11;13067.0;13067.0;0.155356;1.76258;13067.0
4112;MSTS;QPLIB_5881.qs;42;12;13067.0;13067.0;0.142378;1.904958;13067.0
4113;MSTS;QPLIB_5881.qs;42;13;13067.0;13067.0;0.184301;2.089259;13067.0
4114;MSTS;QPLIB_5881.qs;42;14;13067.0;13067.0;0.140178;2.229437;13067.0
4115;MSTS;QPLIB_5881.qs;42;15;13067.0;13067.0;0.147272;2.376709;13067.0
4116;MSTS;QPLIB_5881.qs;42;16;13067.0;13067.0;0.168879;2.545588;13067.0
4117;MSTS;QPLIB_5881.qs;42;17;13067.0;13067.0;0.149286;2.694874;13067.0
4118;MSTS;QPLIB_5881.qs;42;18;13067.0;13067.0;0.122571;2.8174449999999998;13067.0
4119;MSTS;QPLIB_5881.qs;42;19;13067.0;13067.0;0.145931;2.963376;13067.0
4120;MSTS;QPLIB_5881.qs;42;20;13067.0;13067.0;0.145485;3.108861;13067.0
4121;MSTS;QPLIB_5881.qs;42;21;13067.0;13067.0;0.144423;3.253284;13067.0
4122;MSTS;QPLIB_5881.qs;42;22;13067.0;13067.0;0.154866;3.40815;13067.0
4123;MSTS;QPLIB_5881.qs;42;23;13067.0;13067.0;0.180008;3.588158;13067.0
4124;MSTS;QPLIB_5881.qs;42;24;13067.0;13067.0;0.216276;3.804434;13067.0
4125;MSTS;QPLIB_5881.qs;42;25;13067.0;13067.0;0.181861;3.986295;13067.0
4126;MSTS;QPLIB_5881.qs;42;26;13067.0;13067.0;0.13206;4.118355;13067.0
4127;MSTS;QPLIB_5881.qs;42;27;13067.0;13067.0;0.187681;4.306036;13067.0
4128;MSTS;QPLIB_5881.qs;42;28;13067.0;13067.0;0.13168;4.437716;13067.0
4129;MSTS;QPLIB_5881.qs;42;29;13067.0;13067.0;0.137755;4.575471;13067.0
4130;MSTS;QPLIB_5881.qs;42;30;13051.0;13067.0;0.120354;4.695825;13067.0
4131;MSTS;QPLIB_5881.qs;42;31;13067.0;13067.0;0.121263;4.817088;13067.0
4132;MSTS;QPLIB_5881.qs;42;32;13067.0;13067.0;0.134341;4.951429;13067.0
4133;MSTS;QPLIB_5881.qs;42;33;13067.0;13067.0;0.150471;5.1019;13067.0
4134;MSTS;QPLIB_5881.qs;42;34;13051.0;13067.0;0.136401;5.238301;13067.0
4135;MSTS;QPLIB_5881.qs;42;35;13067.0;13067.0;0.146129;5.38443;13067.0
4136;MSTS;QPLIB_5881.qs;42;36;13067.0;13067.0;0.121771;5.506201;13067.0
4137;MSTS;QPLIB_5881.qs;42;37;13067.0;13067.0;0.14954;5.655741;13067.0
4138;MSTS;QPLIB_5881.qs;42;38;13067.0;13067.0;0.147059;5.8027999999999995;13067.0
4139;MSTS;QPLIB_5881.qs;42;39;13067.0;13067.0;0.123578;5.926378;13067.0
4140;MSTS;QPLIB_5881.qs;42;40;13067.0;13067.0;0.1318;6.058178;13067.0
4141;MSTS;QPLIB_5881.qs;42;41;13067.0;13067.0;0.274957;6.3331349999999995;13067.0
4142;MSTS;QPLIB_5881.qs;42;42;13067.0;13067.0;0.137234;6.470369;13067.0
4143;MSTS;QPLIB_5881.qs;42;43;13067.0;13067.0;0.164249;6.634618;13067.0
4144;MSTS;QPLIB_5881.qs;42;44;13051.0;13067.0;0.120121;6.754739;13067.0
4145;MSTS;QPLIB_5881.qs;42;45;13067.0;13067.0;0.123208;6.877947;13067.0
4146;MSTS;QPLIB_5881.qs;42;46;13067.0;13067.0;0.130351;7.008298;13067.0
4147;MSTS;QPLIB_5881.qs;42;47;13067.0;13067.0;0.137166;7.145464;13067.0
4148;MSTS;QPLIB_5881.qs;42;48;13067.0;13067.0;0.121702;7.267166;13067.0
4149;MSTS;QPLIB_5881.qs;42;49;13067.0;13067.0;0.202661;7.4698269999999996;13067.0
4150;MSTS;QPLIB_5881.qs;42;50;13067.0;13067.0;0.126673;7.5965;13067.0
4151;MSTS;QPLIB_5881.qs;42;51;13067.0;13067.0;0.166851;7.763351;13067.0
4152;MSTS;QPLIB_5881.qs;42;52;13067.0;13067.0;0.177118;7.940469;13067.0
4153;MSTS;QPLIB_5881.qs;42;53;13067.0;13067.0;0.13198;8.072449;13067.0
4154;MSTS;QPLIB_5881.qs;42;54;13067.0;13067.0;0.137317;8.209766;13067.0
4155;MSTS;QPLIB_5881.qs;42;55;13067.0;13067.0;0.126766;8.336532;13067.0
4156;MSTS;QPLIB_5881.qs;42;56;13067.0;13067.0;0.161101;8.497633;13067.0
4157;MSTS;QPLIB_5881.qs;42;57;13067.0;13067.0;0.150181;8.647814;13067.0
4158;MSTS;QPLIB_5881.qs;42;58;13067.0;13067.0;0.163644;8.811458;13067.0
4159;MSTS;QPLIB_5881.qs;42;59;13067.0;13067.0;0.175834;8.987292;13067.0
4160;MSTS;QPLIB_5881.qs;42;60;13067.0;13067.0;0.127943;9.115235;13067.0
4161;MSTS;QPLIB_5881.qs;42;61;13067.0;13067.0;0.136795;9.25203;13067.0
4162;MSTS;QPLIB_5881.qs;42;62;13067.0;13067.0;0.133829;9.385859;13067.0
4163;MSTS;QPLIB_5881.qs;42;63;13067.0;13067.0;0.125913;9.511772;13067.0
4164;MSTS;QPLIB_5881.qs;42;64;13067.0;13067.0;0.14114;9.652912;13067.0
4165;MSTS;QPLIB_5881.qs;42;65;13067.0;13067.0;0.123586;9.776498;13067.0
4166;MSTS;QPLIB_5881.qs;42;66;13067.0;13067.0;0.1228;9.899298;13067.0
4167;MSTS;QPLIB_5881.qs;42;67;13067.0;13067.0;0.135775;10.035073;13067.0
4168;MSTS;QPLIB_5881.qs;42;68;13067.0;13067.0;0.152547;10.187619999999999;13067.0
4169;MSTS;QPLIB_5881.qs;42;69;13067.0;13067.0;0.135207;10.322827;13067.0
4170;MSTS;QPLIB_5881.qs;42;70;13067.0;13067.0;0.206958;10.529785;13067.0
4171;MSTS;QPLIB_5881.qs;42;71;13067.0;13067.0;0.132489;10.662274;13067.0
4172;MSTS;QPLIB_5881.qs;42;72;13067.0;13067.0;0.124242;10.786516;13067.0
4173;MSTS;QPLIB_5881.qs;42;73;13067.0;13067.0;0.177008;10.963524;13067.0
4174;MSTS;QPLIB_5881.qs;42;74;13067.0;13067.0;0.123455;11.086979;13067.0
4175;MSTS;QPLIB_5881.qs;42;75;13067.0;13067.0;0.152441;11.239419999999999;13067.0
4176;MSTS;QPLIB_5881.qs;42;76;13067.0;13067.0;0.151704;11.391124;13067.0
4177;MSTS;QPLIB_5881.qs;42;77;13067.0;13067.0;0.140409;11.531533;13067.0
4178;MSTS;QPLIB_5881.qs;42;78;13067.0;13067.0;0.141206;11.672739;13067.0
4179;MSTS;QPLIB_5881.qs;42;79;13067.0;13067.0;0.200632;11.873371;13067.0
4180;MSTS;QPLIB_5881.qs;42;80;13067.0;13067.0;0.175968;12.049339;13067.0
4181;MSTS;QPLIB_5881.qs;42;81;13067.0;13067.0;0.185234;12.234573;13067.0
4182;MSTS;QPLIB_5881.qs;42;82;13067.0;13067.0;0.125309;12.359882;13067.0
4183;MSTS;QPLIB_5881.qs;42;83;13067.0;13067.0;0.141536;12.501418;13067.0
4184;MSTS;QPLIB_5881.qs;42;84;13067.0;13067.0;0.123269;12.624687;13067.0
4185;MSTS;QPLIB_5881.qs;42;85;13067.0;13067.0;0.164088;12.788775;13067.0
4186;MSTS;QPLIB_5881.qs;42;86;13067.0;13067.0;0.135417;12.924192;13067.0
4187;MSTS;QPLIB_5881.qs;42;87;13067.0;13067.0;0.146823;13.071015;13067.0
4188;MSTS;QPLIB_5881.qs;42;88;13067.0;13067.0;0.173684;13.244699;13067.0
4189;MSTS;QPLIB_5881.qs;42;89;13051.0;13067.0;0.120225;13.364924;13067.0
4190;MSTS;QPLIB_5881.qs;42;90;13067.0;13067.0;0.227326;13.59225;13067.0
4191;MSTS;QPLIB_5881.qs;42;91;13067.0;13067.0;0.14853;13.740779999999999;13067.0
4192;MSTS;QPLIB_5881.qs;42;92;13067.0;13067.0;0.181936;13.922716;13067.0
4193;MSTS;QPLIB_5881.qs;42;93;13067.0;13067.0;0.122982;14.045698;13067.0
4194;MSTS;QPLIB_5881.qs;42;94;13067.0;13067.0;0.157893;14.203591;13067.0
4195;MSTS;QPLIB_5881.qs;42;95;13067.0;13067.0;0.157572;14.361163;13067.0
4196;MSTS;QPLIB_5881.qs;42;96;13051.0;13067.0;0.120201;14.481364;13067.0
4197;MSTS;QPLIB_5881.qs;42;97;13067.0;13067.0;0.122935;14.604299;13067.0
4198;MSTS;QPLIB_5881.qs;42;98;13067.0;13067.0;0.19648;14.800779;13067.0
4199;MSTS;QPLIB_5881.qs;42;99;13067.0;13067.0;0.190275;14.991054;13067.0
4200;MSTS;QPLIB_5881.qs;42;100;13067.0;13067.0;0.15743;15.148484;13067.0
4201;MSTS;QPLIB_5881.qs;43;1;13051.0;13067.0;0.222691;0.222691;13067.0
4202;MSTS;QPLIB_5881.qs;43;2;13067.0;13067.0;0.173309;0.396;13067.0
4203;MSTS;QPLIB_5881.qs;43;3;13067.0;13067.0;0.17512;0.57112;13067.0
4204;MSTS;QPLIB_5881.qs;43;4;13067.0;13067.0;0.198845;0.769965;13067.0
4205;MSTS;QPLIB_5881.qs;43;5;13067.0;13067.0;0.123577;0.893542;13067.0
4206;MSTS;QPLIB_5881.qs;43;6;13067.0;13067.0;0.130394;1.023936;13067.0
4207;MSTS;QPLIB_5881.qs;43;7;13067.0;13067.0;0.170807;1.1947429999999999;13067.0
4208;MSTS;QPLIB_5881.qs;43;8;13067.0;13067.0;0.140199;1.334942;13067.0
4209;MSTS;QPLIB_5881.qs;43;9;13067.0;13067.0;0.193145;1.528087;13067.0
4210;MSTS;QPLIB_5881.qs;43;10;13067.0;13067.0;0.136241;1.664328;13067.0
4211;MSTS;QPLIB_5881.qs;43;11;13067.0;13067.0;0.141396;1.805724;13067.0
4212;MSTS;QPLIB_5881.qs;43;12;13067.0;13067.0;0.12202;1.927744;13067.0
4213;MSTS;QPLIB_5881.qs;43;13;13067.0;13067.0;0.180544;2.108288;13067.0
4214;MSTS;QPLIB_5881.qs;43;14;13060.0;13067.0;0.14855;2.256838;13067.0
4215;MSTS;QPLIB_5881.qs;43;15;13067.0;13067.0;0.121838;2.378676;13067.0
4216;MSTS;QPLIB_5881.qs;43;16;13067.0;13067.0;0.162689;2.541365;13067.0
4217;MSTS;QPLIB_5881.qs;43;17;13067.0;13067.0;0.128862;2.670227;13067.0
4218;MSTS;QPLIB_5881.qs;43;18;13067.0;13067.0;0.126208;2.796435;13067.0
4219;MSTS;QPLIB_5881.qs;43;19;13067.0;13067.0;0.152607;2.949042;13067.0
4220;MSTS;QPLIB_5881.qs;43;20;13067.0;13067.0;0.196445;3.145487;13067.0
4221;MSTS;QPLIB_5881.qs;43;21;13067.0;13067.0;0.215389;3.360876;13067.0
4222;MSTS;QPLIB_5881.qs;43;22;13067.0;13067.0;0.121856;3.482732;13067.0
4223;MSTS;QPLIB_5881.qs;43;23;13067.0;13067.0;0.164895;3.647627;13067.0
4224;MSTS;QPLIB_5881.qs;43;24;13067.0;13067.0;0.130298;3.777925;13067.0
4225;MSTS;QPLIB_5881.qs;43;25;13060.0;13067.0;0.123132;3.901057;13067.0
4226;MSTS;QPLIB_5881.qs;43;26;13067.0;13067.0;0.120592;4.021649;13067.0
4227;MSTS;QPLIB_5881.qs;43;27;13067.0;13067.0;0.121516;4.143165;13067.0
4228;MSTS;QPLIB_5881.qs;43;28;13067.0;13067.0;0.122686;4.265851;13067.0
4229;MSTS;QPLIB_5881.qs;43;29;13067.0;13067.0;0.133835;4.399686;13067.0
4230;MSTS;QPLIB_5881.qs;43;30;13067.0;13067.0;0.148356;4.548042;13067.0
4231;MSTS;QPLIB_5881.qs;43;31;13067.0;13067.0;0.121801;4.669843;13067.0
4232;MSTS;QPLIB_5881.qs;43;32;13051.0;13067.0;0.120425;4.790268;13067.0
4233;MSTS;QPLIB_5881.qs;43;33;13067.0;13067.0;0.123706;4.913974;13067.0
4234;MSTS;QPLIB_5881.qs;43;34;13067.0;13067.0;0.144605;5.058579;13067.0
4235;MSTS;QPLIB_5881.qs;43;35;13051.0;13067.0;0.120451;5.17903;13067.0
4236;MSTS;QPLIB_5881.qs;43;36;13067.0;13067.0;0.122037;5.301067;13067.0
4237;MSTS;QPLIB_5881.qs;43;37;13067.0;13067.0;0.145352;5.446419;13067.0
4238;MSTS;QPLIB_5881.qs;43;38;13053.0;13067.0;0.148698;5.595117;13067.0
4239;MSTS;QPLIB_5881.qs;43;39;13067.0;13067.0;0.151373;5.74649;13067.0
4240;MSTS;QPLIB_5881.qs;43;40;13067.0;13067.0;0.151493;5.897983;13067.0
4241;MSTS;QPLIB_5881.qs;43;41;13067.0;13067.0;0.122986;6.020969;13067.0
4242;MSTS;QPLIB_5881.qs;43;42;13067.0;13067.0;0.12897;6.149939;13067.0
4243;MSTS;QPLIB_5881.qs;43;43;13067.0;13067.0;0.130937;6.280876;13067.0
4244;MSTS;QPLIB_5881.qs;43;44;13067.0;13067.0;0.130589;6.411465;13067.0
4245;MSTS;QPLIB_5881.qs;43;45;13067.0;13067.0;0.151303;6.562768;13067.0
4246;MSTS;QPLIB_5881.qs;43;46;13067.0;13067.0;0.186014;6.748782;13067.0
4247;MSTS;QPLIB_5881.qs;43;47;13067.0;13067.0;0.152351;6.901133;13067.0
4248;MSTS;QPLIB_5881.qs;43;48;13067.0;13067.0;0.1424;7.043533;13067.0
4249;MSTS;QPLIB_5881.qs;43;49;13067.0;13067.0;0.158666;7.202199;13067.0
4250;MSTS;QPLIB_5881.qs;43;50;13067.0;13067.0;0.164784;7.366983;13067.0
4251;MSTS;QPLIB_5881.qs;43;51;13067.0;13067.0;0.156445;7.523428;13067.0
4252;MSTS;QPLIB_5881.qs;43;52;13067.0;13067.0;0.145669;7.669097;13067.0
4253;MSTS;QPLIB_5881.qs;43;53;13067.0;13067.0;0.122809;7.791906;13067.0
4254;MSTS;QPLIB_5881.qs;43;54;13067.0;13067.0;0.203108;7.995014;13067.0
4255;MSTS;QPLIB_5881.qs;43;55;13067.0;13067.0;0.121407;8.116421;13067.0
4256;MSTS;QPLIB_5881.qs;43;56;13067.0;13067.0;0.140575;8.256996000000001;13067.0
4257;MSTS;QPLIB_5881.qs;43;57;13067.0;13067.0;0.169823;8.426819;13067.0
4258;MSTS;QPLIB_5881.qs;43;58;13067.0;13067.0;0.137135;8.563954;13067.0
4259;MSTS;QPLIB_5881.qs;43;59;13060.0;13067.0;0.144803;8.708757;13067.0
4260;MSTS;QPLIB_5881.qs;43;60;13067.0;13067.0;0.120712;8.829469;13067.0
4261;MSTS;QPLIB_5881.qs;43;61;13067.0;13067.0;0.145977;8.975446;13067.0
4262;MSTS;QPLIB_5881.qs;43;62;13067.0;13067.0;0.165899;9.141345;13067.0
4263;MSTS;QPLIB_5881.qs;43;63;13067.0;13067.0;0.135192;9.276537;13067.0
4264;MSTS;QPLIB_5881.qs;43;64;13060.0;13067.0;0.125888;9.402425000000001;13067.0
4265;MSTS;QPLIB_5881.qs;43;65;13067.0;13067.0;0.120621;9.523046;13067.0
4266;MSTS;QPLIB_5881.qs;43;66;13067.0;13067.0;0.135744;9.65879;13067.0
4267;MSTS;QPLIB_5881.qs;43;67;13067.0;13067.0;0.125626;9.784416;13067.0
4268;MSTS;QPLIB_5881.qs;43;68;13067.0;13067.0;0.13623;9.920646;13067.0
4269;MSTS;QPLIB_5881.qs;43;69;13067.0;13067.0;0.143171;10.063817;13067.0
4270;MSTS;QPLIB_5881.qs;43;70;13067.0;13067.0;0.176115;10.239932;13067.0
4271;MSTS;QPLIB_5881.qs;43;71;13067.0;13067.0;0.179305;10.419237;13067.0
4272;MSTS;QPLIB_5881.qs;43;72;13067.0;13067.0;0.166307;10.585544;13067.0
4273;MSTS;QPLIB_5881.qs;43;73;13067.0;13067.0;0.124658;10.710202;13067.0
4274;MSTS;QPLIB_5881.qs;43;74;13067.0;13067.0;0.170177;10.880379;13067.0
4275;MSTS;QPLIB_5881.qs;43;75;13067.0;13067.0;0.131353;11.011732;13067.0
4276;MSTS;QPLIB_5881.qs;43;76;13067.0;13067.0;0.14119;11.152922;13067.0
4277;MSTS;QPLIB_5881.qs;43;77;13067.0;13067.0;0.128467;11.281389;13067.0
4278;MSTS;QPLIB_5881.qs;43;78;13060.0;13067.0;0.127803;11.409192000000001;13067.0
4279;MSTS;QPLIB_5881.qs;43;79;13067.0;13067.0;0.1207;11.529892;13067.0
4280;MSTS;QPLIB_5881.qs;43;80;13067.0;13067.0;0.139943;11.669835;13067.0
4281;MSTS;QPLIB_5881.qs;43;81;13067.0;13067.0;0.19115;11.860985;13067.0
4282;MSTS;QPLIB_5881.qs;43;82;13067.0;13067.0;0.149645;12.01063;13067.0
4283;MSTS;QPLIB_5881.qs;43;83;13067.0;13067.0;0.17289;12.18352;13067.0
4284;MSTS;QPLIB_5881.qs;43;84;13067.0;13067.0;0.126356;12.309876;13067.0
4285;MSTS;QPLIB_5881.qs;43;85;13067.0;13067.0;0.206536;12.516412;13067.0
4286;MSTS;QPLIB_5881.qs;43;86;13067.0;13067.0;0.150336;12.666748;13067.0
4287;MSTS;QPLIB_5881.qs;43;87;13067.0;13067.0;0.149941;12.816689;13067.0
4288;MSTS;QPLIB_5881.qs;43;88;13067.0;13067.0;0.15183;12.968519;13067.0
4289;MSTS;QPLIB_5881.qs;43;89;13067.0;13067.0;0.217533;13.186052;13067.0
4290;MSTS;QPLIB_5881.qs;43;90;13067.0;13067.0;0.203015;13.389067;13067.0
4291;MSTS;QPLIB_5881.qs;43;91;13067.0;13067.0;0.175685;13.564752;13067.0
4292;MSTS;QPLIB_5881.qs;43;92;13067.0;13067.0;0.190361;13.755113;13067.0
4293;MSTS;QPLIB_5881.qs;43;93;13067.0;13067.0;0.134521;13.889634;13067.0
4294;MSTS;QPLIB_5881.qs;43;94;13067.0;13067.0;0.123319;14.012953;13067.0
4295;MSTS;QPLIB_5881.qs;43;95;13067.0;13067.0;0.239013;14.251966;13067.0
4296;MSTS;QPLIB_5881.qs;43;96;13067.0;13067.0;0.121687;14.373653000000001;13067.0
4297;MSTS;QPLIB_5881.qs;43;97;13067.0;13067.0;0.136644;14.510297;13067.0
4298;MSTS;QPLIB_5881.qs;43;98;13067.0;13067.0;0.180712;14.691009;13067.0
4299;MSTS;QPLIB_5881.qs;43;99;13067.0;13067.0;0.14727;14.838279;13067.0
4300;MSTS;QPLIB_5881.qs;43;100;13067.0;13067.0;0.126443;14.964722;13067.0
4301;MSTS;QPLIB_5881.qs;44;1;13067.0;13067.0;0.231581;0.231581;13067.0
4302;MSTS;QPLIB_5881.qs;44;2;13067.0;13067.0;0.124819;0.3564;13067.0
4303;MSTS;QPLIB_5881.qs;44;3;13067.0;13067.0;0.138296;0.494696;13067.0
4304;MSTS;QPLIB_5881.qs;44;4;13067.0;13067.0;0.200157;0.694853;13067.0
4305;MSTS;QPLIB_5881.qs;44;5;13067.0;13067.0;0.131219;0.826072;13067.0
4306;MSTS;QPLIB_5881.qs;44;6;13067.0;13067.0;0.175596;1.001668;13067.0
4307;MSTS;QPLIB_5881.qs;44;7;13067.0;13067.0;0.143529;1.145197;13067.0
4308;MSTS;QPLIB_5881.qs;44;8;13067.0;13067.0;0.241247;1.386444;13067.0
4309;MSTS;QPLIB_5881.qs;44;9;13067.0;13067.0;0.125523;1.511967;13067.0
4310;MSTS;QPLIB_5881.qs;44;10;13067.0;13067.0;0.147146;1.659113;13067.0
4311;MSTS;QPLIB_5881.qs;44;11;13067.0;13067.0;0.124784;1.783897;13067.0
4312;MSTS;QPLIB_5881.qs;44;12;13067.0;13067.0;0.125873;1.90977;13067.0
4313;MSTS;QPLIB_5881.qs;44;13;13060.0;13067.0;0.17509;2.08486;13067.0
4314;MSTS;QPLIB_5881.qs;44;14;13067.0;13067.0;0.120643;2.205503;13067.0
4315;MSTS;QPLIB_5881.qs;44;15;13067.0;13067.0;0.141081;2.346584;13067.0
4316;MSTS;QPLIB_5881.qs;44;16;13067.0;13067.0;0.183713;2.530297;13067.0
4317;MSTS;QPLIB_5881.qs;44;17;13067.0;13067.0;0.122267;2.652564;13067.0
4318;MSTS;QPLIB_5881.qs;44;18;13067.0;13067.0;0.126809;2.779373;13067.0
4319;MSTS;QPLIB_5881.qs;44;19;13067.0;13067.0;0.185242;2.9646150000000002;13067.0
4320;MSTS;QPLIB_5881.qs;44;20;13067.0;13067.0;0.13213;3.096745;13067.0
4321;MSTS;QPLIB_5881.qs;44;21;13067.0;13067.0;0.12767;3.224415;13067.0
4322;MSTS;QPLIB_5881.qs;44;22;13067.0;13067.0;0.140942;3.365357;13067.0
4323;MSTS;QPLIB_5881.qs;44;23;13067.0;13067.0;0.130718;3.4960750000000003;13067.0
4324;MSTS;QPLIB_5881.qs;44;24;13067.0;13067.0;0.159414;3.655489;13067.0
4325;MSTS;QPLIB_5881.qs;44;25;13067.0;13067.0;0.124175;3.779664;13067.0
4326;MSTS;QPLIB_5881.qs;44;26;13067.0;13067.0;0.120985;3.900649;13067.0
4327;MSTS;QPLIB_5881.qs;44;27;13067.0;13067.0;0.198964;4.099613;13067.0
4328;MSTS;QPLIB_5881.qs;44;28;13067.0;13067.0;0.134054;4.233667;13067.0
4329;MSTS;QPLIB_5881.qs;44;29;13067.0;13067.0;0.151061;4.384728;13067.0
4330;MSTS;QPLIB_5881.qs;44;30;13067.0;13067.0;0.121258;4.505986;13067.0
4331;MSTS;QPLIB_5881.qs;44;31;13067.0;13067.0;0.167397;4.673383;13067.0
4332;MSTS;QPLIB_5881.qs;44;32;13067.0;13067.0;0.156252;4.829635;13067.0
4333;MSTS;QPLIB_5881.qs;44;33;13067.0;13067.0;0.141708;4.971343;13067.0
4334;MSTS;QPLIB_5881.qs;44;34;13060.0;13067.0;0.12885;5.100193;13067.0
4335;MSTS;QPLIB_5881.qs;44;35;13067.0;13067.0;0.120414;5.220607;13067.0
4336;MSTS;QPLIB_5881.qs;44;36;13067.0;13067.0;0.129715;5.350322;13067.0
4337;MSTS;QPLIB_5881.qs;44;37;13067.0;13067.0;0.178467;5.528789;13067.0
4338;MSTS;QPLIB_5881.qs;44;38;13067.0;13067.0;0.184796;5.713585;13067.0
4339;MSTS;QPLIB_5881.qs;44;39;13067.0;13067.0;0.175144;5.888729;13067.0
4340;MSTS;QPLIB_5881.qs;44;40;13067.0;13067.0;0.125063;6.013792;13067.0
4341;MSTS;QPLIB_5881.qs;44;41;13067.0;13067.0;0.122235;6.136027;13067.0
4342;MSTS;QPLIB_5881.qs;44;42;13067.0;13067.0;0.209309;6.345336;13067.0
4343;MSTS;QPLIB_5881.qs;44;43;13067.0;13067.0;0.169421;6.514757;13067.0
4344;MSTS;QPLIB_5881.qs;44;44;13067.0;13067.0;0.16635;6.681107;13067.0
4345;MSTS;QPLIB_5881.qs;44;45;13051.0;13067.0;0.120249;6.801356;13067.0
4346;MSTS;QPLIB_5881.qs;44;46;13067.0;13067.0;0.161264;6.96262;13067.0
4347;MSTS;QPLIB_5881.qs;44;47;13067.0;13067.0;0.160571;7.123191;13067.0
4348;MSTS;QPLIB_5881.qs;44;48;13067.0;13067.0;0.121501;7.244692;13067.0
4349;MSTS;QPLIB_5881.qs;44;49;13067.0;13067.0;0.172494;7.417186;13067.0
4350;MSTS;QPLIB_5881.qs;44;50;13067.0;13067.0;0.182466;7.599652;13067.0
4351;MSTS;QPLIB_5881.qs;44;51;13067.0;13067.0;0.136853;7.736505;13067.0
4352;MSTS;QPLIB_5881.qs;44;52;13067.0;13067.0;0.122107;7.858612;13067.0
4353;MSTS;QPLIB_5881.qs;44;53;13067.0;13067.0;0.137053;7.995665;13067.0
4354;MSTS;QPLIB_5881.qs;44;54;13067.0;13067.0;0.166721;8.162386;13067.0
4355;MSTS;QPLIB_5881.qs;44;55;13067.0;13067.0;0.135513;8.297899;13067.0
4356;MSTS;QPLIB_5881.qs;44;56;13067.0;13067.0;0.182683;8.480582;13067.0
4357;MSTS;QPLIB_5881.qs;44;57;13067.0;13067.0;0.131516;8.612098;13067.0
4358;MSTS;QPLIB_5881.qs;44;58;13067.0;13067.0;0.197074;8.809172;13067.0
4359;MSTS;QPLIB_5881.qs;44;59;13067.0;13067.0;0.171351;8.980523;13067.0
4360;MSTS;QPLIB_5881.qs;44;60;13067.0;13067.0;0.172961;9.153484;13067.0
4361;MSTS;QPLIB_5881.qs;44;61;13067.0;13067.0;0.150959;9.304443;13067.0
4362;MSTS;QPLIB_5881.qs;44;62;13067.0;13067.0;0.146886;9.451329;13067.0
4363;MSTS;QPLIB_5881.qs;44;63;13067.0;13067.0;0.163843;9.615172;13067.0
4364;MSTS;QPLIB_5881.qs;44;64;13067.0;13067.0;0.14531;9.760482;13067.0
4365;MSTS;QPLIB_5881.qs;44;65;13067.0;13067.0;0.135413;9.895895;13067.0
4366;MSTS;QPLIB_5881.qs;44;66;13067.0;13067.0;0.123846;10.019741;13067.0
4367;MSTS;QPLIB_5881.qs;44;67;13067.0;13067.0;0.15421;10.173951;13067.0
4368;MSTS;QPLIB_5881.qs;44;68;13067.0;13067.0;0.122162;10.296113;13067.0
4369;MSTS;QPLIB_5881.qs;44;69;13067.0;13067.0;0.181343;10.477456;13067.0
4370;MSTS;QPLIB_5881.qs;44;70;13067.0;13067.0;0.125208;10.602664;13067.0
4371;MSTS;QPLIB_5881.qs;44;71;13067.0;13067.0;0.142847;10.745511;13067.0
4372;MSTS;QPLIB_5881.qs;44;72;13067.0;13067.0;0.188727;10.934238;13067.0
4373;MSTS;QPLIB_5881.qs;44;73;13067.0;13067.0;0.153097;11.087335;13067.0
4374;MSTS;QPLIB_5881.qs;44;74;13067.0;13067.0;0.227004;11.314339;13067.0
4375;MSTS;QPLIB_5881.qs;44;75;13067.0;13067.0;0.149157;11.463496;13067.0
4376;MSTS;QPLIB_5881.qs;44;76;13067.0;13067.0;0.15559;11.619086;13067.0
4377;MSTS;QPLIB_5881.qs;44;77;13067.0;13067.0;0.178652;11.797738;13067.0
4378;MSTS;QPLIB_5881.qs;44;78;13067.0;13067.0;0.13847;11.936208;13067.0
4379;MSTS;QPLIB_5881.qs;44;79;13060.0;13067.0;0.153715;12.089923;13067.0
4380;MSTS;QPLIB_5881.qs;44;80;13067.0;13067.0;0.120473;12.210396;13067.0
4381;MSTS;QPLIB_5881.qs;44;81;13067.0;13067.0;0.143339;12.353735;13067.0
4382;MSTS;QPLIB_5881.qs;44;82;13067.0;13067.0;0.177313;12.531048;13067.0
4383;MSTS;QPLIB_5881.qs;44;83;13051.0;13067.0;0.119994;12.651042;13067.0
4384;MSTS;QPLIB_5881.qs;44;84;13060.0;13067.0;0.123021;12.774063;13067.0
4385;MSTS;QPLIB_5881.qs;44;85;13067.0;13067.0;0.120175;12.894238;13067.0
4386;MSTS;QPLIB_5881.qs;44;86;13067.0;13067.0;0.170559;13.064797;13067.0
4387;MSTS;QPLIB_5881.qs;44;87;13067.0;13067.0;0.191413;13.25621;13067.0
4388;MSTS;QPLIB_5881.qs;44;88;13067.0;13067.0;0.168761;13.424971;13067.0
4389;MSTS;QPLIB_5881.qs;44;89;13067.0;13067.0;0.147048;13.572019000000001;13067.0
4390;MSTS;QPLIB_5881.qs;44;90;13067.0;13067.0;0.1312;13.703219;13067.0
4391;MSTS;QPLIB_5881.qs;44;91;13067.0;13067.0;0.148737;13.851956;13067.0
4392;MSTS;QPLIB_5881.qs;44;92;13067.0;13067.0;0.137508;13.989464;13067.0
4393;MSTS;QPLIB_5881.qs;44;93;13067.0;13067.0;0.137421;14.126885;13067.0
4394;MSTS;QPLIB_5881.qs;44;94;13051.0;13067.0;0.115689;14.242574;13067.0
4395;MSTS;QPLIB_5881.qs;44;95;13067.0;13067.0;0.118299;14.360873;13067.0
4396;MSTS;QPLIB_5881.qs;44;96;13067.0;13067.0;0.137617;14.49849;13067.0
4397;MSTS;QPLIB_5881.qs;44;97;13067.0;13067.0;0.169412;14.667902;13067.0
4398;MSTS;QPLIB_5881.qs;44;98;13067.0;13067.0;0.122816;14.790718;13067.0
4399;MSTS;QPLIB_5881.qs;44;99;13067.0;13067.0;0.116864;14.907582;13067.0
4400;MSTS;QPLIB_5881.qs;44;100;13067.0;13067.0;0.141808;15.04939;13067.0
4401;MSTS;QPLIB_5881.qs;45;1;13067.0;13067.0;0.242141;0.242141;13067.0
4402;MSTS;QPLIB_5881.qs;45;2;13067.0;13067.0;0.138883;0.38102400000000003;13067.0
4403;MSTS;QPLIB_5881.qs;45;3;13060.0;13067.0;0.138802;0.519826;13067.0
4404;MSTS;QPLIB_5881.qs;45;4;13067.0;13067.0;0.116056;0.6358820000000001;13067.0
4405;MSTS;QPLIB_5881.qs;45;5;13067.0;13067.0;0.11975;0.755632;13067.0
4406;MSTS;QPLIB_5881.qs;45;6;13067.0;13067.0;0.146343;0.901975;13067.0
4407;MSTS;QPLIB_5881.qs;45;7;13067.0;13067.0;0.186968;1.088943;13067.0
4408;MSTS;QPLIB_5881.qs;45;8;13067.0;13067.0;0.194608;1.283551;13067.0
4409;MSTS;QPLIB_5881.qs;45;9;13067.0;13067.0;0.120052;1.403603;13067.0
4410;MSTS;QPLIB_5881.qs;45;10;13067.0;13067.0;0.1428;1.546403;13067.0
4411;MSTS;QPLIB_5881.qs;45;11;13067.0;13067.0;0.123335;1.669738;13067.0
4412;MSTS;QPLIB_5881.qs;45;12;13067.0;13067.0;0.136088;1.805826;13067.0
4413;MSTS;QPLIB_5881.qs;45;13;13067.0;13067.0;0.143617;1.949443;13067.0
4414;MSTS;QPLIB_5881.qs;45;14;13067.0;13067.0;0.143317;2.09276;13067.0
4415;MSTS;QPLIB_5881.qs;45;15;13067.0;13067.0;0.123176;2.215936;13067.0
4416;MSTS;QPLIB_5881.qs;45;16;13067.0;13067.0;0.118549;2.334485;13067.0
4417;MSTS;QPLIB_5881.qs;45;17;13067.0;13067.0;0.147947;2.482432;13067.0
4418;MSTS;QPLIB_5881.qs;45;18;13067.0;13067.0;0.117238;2.59967;13067.0
4419;MSTS;QPLIB_5881.qs;45;19;13067.0;13067.0;0.119178;2.718848;13067.0
4420;MSTS;QPLIB_5881.qs;45;20;13067.0;13067.0;0.135858;2.854706;13067.0
4421;MSTS;QPLIB_5881.qs;45;21;13067.0;13067.0;0.203263;3.057969;13067.0
4422;MSTS;QPLIB_5881.qs;45;22;13067.0;13067.0;0.1772;3.235169;13067.0
4423;MSTS;QPLIB_5881.qs;45;23;13067.0;13067.0;0.146154;3.381323;13067.0
4424;MSTS;QPLIB_5881.qs;45;24;13067.0;13067.0;0.183548;3.564871;13067.0
4425;MSTS;QPLIB_5881.qs;45;25;13067.0;13067.0;0.169933;3.734804;13067.0
4426;MSTS;QPLIB_5881.qs;45;26;13067.0;13067.0;0.134758;3.869562;13067.0
4427;MSTS;QPLIB_5881.qs;45;27;13067.0;13067.0;0.12487;3.994432;13067.0
4428;MSTS;QPLIB_5881.qs;45;28;13051.0;13067.0;0.116116;4.110548;13067.0
4429;MSTS;QPLIB_5881.qs;45;29;13067.0;13067.0;0.117003;4.227551;13067.0
4430;MSTS;QPLIB_5881.qs;45;30;13067.0;13067.0;0.129593;4.357144;13067.0
4431;MSTS;QPLIB_5881.qs;45;31;13067.0;13067.0;0.1605;4.517644;13067.0
4432;MSTS;QPLIB_5881.qs;45;32;13067.0;13067.0;0.153961;4.671605;13067.0
4433;MSTS;QPLIB_5881.qs;45;33;13067.0;13067.0;0.215672;4.887277;13067.0
4434;MSTS;QPLIB_5881.qs;45;34;13067.0;13067.0;0.127246;5.014523;13067.0
4435;MSTS;QPLIB_5881.qs;45;35;13067.0;13067.0;0.139936;5.154459;13067.0
4436;MSTS;QPLIB_5881.qs;45;36;13067.0;13067.0;0.209745;5.364204;13067.0
4437;MSTS;QPLIB_5881.qs;45;37;13060.0;13067.0;0.129215;5.493419;13067.0
4438;MSTS;QPLIB_5881.qs;45;38;13067.0;13067.0;0.114231;5.60765;13067.0
4439;MSTS;QPLIB_5881.qs;45;39;13067.0;13067.0;0.161216;5.768866;13067.0
4440;MSTS;QPLIB_5881.qs;45;40;13067.0;13067.0;0.12693;5.895796;13067.0
4441;MSTS;QPLIB_5881.qs;45;41;13067.0;13067.0;0.143267;6.039063;13067.0
4442;MSTS;QPLIB_5881.qs;45;42;13067.0;13067.0;0.151227;6.19029;13067.0
4443;MSTS;QPLIB_5881.qs;45;43;13067.0;13067.0;0.141309;6.331599;13067.0
4444;MSTS;QPLIB_5881.qs;45;44;13067.0;13067.0;0.12206;6.453659;13067.0
4445;MSTS;QPLIB_5881.qs;45;45;13067.0;13067.0;0.12763;6.581289;13067.0
4446;MSTS;QPLIB_5881.qs;45;46;13067.0;13067.0;0.137942;6.719231;13067.0
4447;MSTS;QPLIB_5881.qs;45;47;13067.0;13067.0;0.200668;6.919899;13067.0
4448;MSTS;QPLIB_5881.qs;45;48;13067.0;13067.0;0.122816;7.042715;13067.0
4449;MSTS;QPLIB_5881.qs;45;49;13067.0;13067.0;0.159958;7.202673;13067.0
4450;MSTS;QPLIB_5881.qs;45;50;13067.0;13067.0;0.128999;7.331672;13067.0
4451;MSTS;QPLIB_5881.qs;45;51;13067.0;13067.0;0.132895;7.464567;13067.0
4452;MSTS;QPLIB_5881.qs;45;52;13067.0;13067.0;0.123852;7.588419;13067.0
4453;MSTS;QPLIB_5881.qs;45;53;13067.0;13067.0;0.17235;7.760769;13067.0
4454;MSTS;QPLIB_5881.qs;45;54;13067.0;13067.0;0.13709;7.897859;13067.0
4455;MSTS;QPLIB_5881.qs;45;55;13067.0;13067.0;0.183258;8.081117;13067.0
4456;MSTS;QPLIB_5881.qs;45;56;13067.0;13067.0;0.124393;8.20551;13067.0
4457;MSTS;QPLIB_5881.qs;45;57;13067.0;13067.0;0.120598;8.326108;13067.0
4458;MSTS;QPLIB_5881.qs;45;58;13067.0;13067.0;0.115175;8.441283;13067.0
4459;MSTS;QPLIB_5881.qs;45;59;13053.0;13067.0;0.122478;8.563761;13067.0
4460;MSTS;QPLIB_5881.qs;45;60;13067.0;13067.0;0.114462;8.678223;13067.0
4461;MSTS;QPLIB_5881.qs;45;61;13067.0;13067.0;0.167385;8.845608;13067.0
4462;MSTS;QPLIB_5881.qs;45;62;13067.0;13067.0;0.10962;8.955228;13067.0
4463;MSTS;QPLIB_5881.qs;45;63;13067.0;13067.0;0.134278;9.089506;13067.0
4464;MSTS;QPLIB_5881.qs;45;64;13067.0;13067.0;0.111036;9.200542;13067.0
4465;MSTS;QPLIB_5881.qs;45;65;13067.0;13067.0;0.180923;9.381465;13067.0
4466;MSTS;QPLIB_5881.qs;45;66;13067.0;13067.0;0.111393;9.492858;13067.0
4467;MSTS;QPLIB_5881.qs;45;67;13067.0;13067.0;0.123732;9.61659;13067.0
4468;MSTS;QPLIB_5881.qs;45;68;13067.0;13067.0;0.133519;9.750109;13067.0
4469;MSTS;QPLIB_5881.qs;45;69;13067.0;13067.0;0.150066;9.900175;13067.0
4470;MSTS;QPLIB_5881.qs;45;70;13067.0;13067.0;0.125447;10.025622;13067.0
4471;MSTS;QPLIB_5881.qs;45;71;13067.0;13067.0;0.140383;10.166005;13067.0
4472;MSTS;QPLIB_5881.qs;45;72;13067.0;13067.0;0.123015;10.28902;13067.0
4473;MSTS;QPLIB_5881.qs;45;73;13067.0;13067.0;0.10961;10.39863;13067.0
4474;MSTS;QPLIB_5881.qs;45;74;13067.0;13067.0;0.113737;10.512367;13067.0
4475;MSTS;QPLIB_5881.qs;45;75;13051.0;13067.0;0.103574;10.615941;13067.0
4476;MSTS;QPLIB_5881.qs;45;76;13067.0;13067.0;0.10412;10.720061;13067.0
4477;MSTS;QPLIB_5881.qs;45;77;13067.0;13067.0;0.107369;10.82743;13067.0
4478;MSTS;QPLIB_5881.qs;45;78;13067.0;13067.0;0.119156;10.946586;13067.0
4479;MSTS;QPLIB_5881.qs;45;79;13067.0;13067.0;0.150931;11.097517;13067.0
4480;MSTS;QPLIB_5881.qs;45;80;13067.0;13067.0;0.120265;11.217782;13067.0
4481;MSTS;QPLIB_5881.qs;45;81;13067.0;13067.0;0.121333;11.339115;13067.0
4482;MSTS;QPLIB_5881.qs;45;82;13067.0;13067.0;0.119205;11.45832;13067.0
4483;MSTS;QPLIB_5881.qs;45;83;13067.0;13067.0;0.10443;11.56275;13067.0
4484;MSTS;QPLIB_5881.qs;45;84;13067.0;13067.0;0.111821;11.674571;13067.0
4485;MSTS;QPLIB_5881.qs;45;85;13067.0;13067.0;0.137062;11.811633;13067.0
4486;MSTS;QPLIB_5881.qs;45;86;13067.0;13067.0;0.175828;11.987461;13067.0
4487;MSTS;QPLIB_5881.qs;45;87;13067.0;13067.0;0.155251;12.142712;13067.0
4488;MSTS;QPLIB_5881.qs;45;88;13067.0;13067.0;0.144425;12.287137;13067.0
4489;MSTS;QPLIB_5881.qs;45;89;13067.0;13067.0;0.135575;12.422712;13067.0
4490;MSTS;QPLIB_5881.qs;45;90;13067.0;13067.0;0.163791;12.586503;13067.0
4491;MSTS;QPLIB_5881.qs;45;91;13067.0;13067.0;0.107345;12.693848000000001;13067.0
4492;MSTS;QPLIB_5881.qs;45;92;13067.0;13067.0;0.116061;12.809909;13067.0
4493;MSTS;QPLIB_5881.qs;45;93;13067.0;13067.0;0.116524;12.926433;13067.0
4494;MSTS;QPLIB_5881.qs;45;94;13067.0;13067.0;0.111433;13.037866;13067.0
4495;MSTS;QPLIB_5881.qs;45;95;13067.0;13067.0;0.183176;13.221042;13067.0
4496;MSTS;QPLIB_5881.qs;45;96;13067.0;13067.0;0.120479;13.341521;13067.0
4497;MSTS;QPLIB_5881.qs;45;97;13067.0;13067.0;0.111767;13.453288;13067.0
4498;MSTS;QPLIB_5881.qs;45;98;13067.0;13067.0;0.113957;13.567245;13067.0
4499;MSTS;QPLIB_5881.qs;45;99;13067.0;13067.0;0.112902;13.680147;13067.0
4500;MSTS;QPLIB_5881.qs;45;100;13067.0;13067.0;0.120262;13.800409;13067.0
4501;MSTS;QPLIB_5881.qs;46;1;13067.0;13067.0;0.216752;0.216752;13067.0
4502;MSTS;QPLIB_5881.qs;46;2;13067.0;13067.0;0.1264;0.343152;13067.0
4503;MSTS;QPLIB_5881.qs;46;3;13067.0;13067.0;0.149426;0.492578;13067.0
4504;MSTS;QPLIB_5881.qs;46;4;13051.0;13067.0;0.103648;0.596226;13067.0
4505;MSTS;QPLIB_5881.qs;46;5;13067.0;13067.0;0.104409;0.700635;13067.0
4506;MSTS;QPLIB_5881.qs;46;6;13067.0;13067.0;0.137747;0.838382;13067.0
4507;MSTS;QPLIB_5881.qs;46;7;13067.0;13067.0;0.114398;0.95278;13067.0
4508;MSTS;QPLIB_5881.qs;46;8;13067.0;13067.0;0.118387;1.071167;13067.0
4509;MSTS;QPLIB_5881.qs;46;9;13067.0;13067.0;0.171733;1.2429000000000001;13067.0
4510;MSTS;QPLIB_5881.qs;46;10;13051.0;13067.0;0.103386;1.346286;13067.0
4511;MSTS;QPLIB_5881.qs;46;11;13067.0;13067.0;0.105673;1.451959;13067.0
4512;MSTS;QPLIB_5881.qs;46;12;13067.0;13067.0;0.1099;1.561859;13067.0
4513;MSTS;QPLIB_5881.qs;46;13;13067.0;13067.0;0.153227;1.7150859999999999;13067.0
4514;MSTS;QPLIB_5881.qs;46;14;13053.0;13067.0;0.153549;1.868635;13067.0
4515;MSTS;QPLIB_5881.qs;46;15;13067.0;13067.0;0.168905;2.03754;13067.0
4516;MSTS;QPLIB_5881.qs;46;16;13067.0;13067.0;0.139455;2.176995;13067.0
4517;MSTS;QPLIB_5881.qs;46;17;13067.0;13067.0;0.105296;2.282291;13067.0
4518;MSTS;QPLIB_5881.qs;46;18;13067.0;13067.0;0.124638;2.406929;13067.0
4519;MSTS;QPLIB_5881.qs;46;19;13067.0;13067.0;0.111179;2.518108;13067.0
4520;MSTS;QPLIB_5881.qs;46;20;13067.0;13067.0;0.122295;2.640403;13067.0
4521;MSTS;QPLIB_5881.qs;46;21;13067.0;13067.0;0.128076;2.768479;13067.0
4522;MSTS;QPLIB_5881.qs;46;22;13067.0;13067.0;0.110621;2.8790999999999998;13067.0
4523;MSTS;QPLIB_5881.qs;46;23;13067.0;13067.0;0.118937;2.998037;13067.0
4524;MSTS;QPLIB_5881.qs;46;24;13067.0;13067.0;0.194092;3.192129;13067.0
4525;MSTS;QPLIB_5881.qs;46;25;13067.0;13067.0;0.104142;3.296271;13067.0
4526;MSTS;QPLIB_5881.qs;46;26;13067.0;13067.0;0.14327;3.439541;13067.0
4527;MSTS;QPLIB_5881.qs;46;27;13067.0;13067.0;0.133699;3.57324;13067.0
4528;MSTS;QPLIB_5881.qs;46;28;13067.0;13067.0;0.108901;3.682141;13067.0
4529;MSTS;QPLIB_5881.qs;46;29;13067.0;13067.0;0.165941;3.848082;13067.0
4530;MSTS;QPLIB_5881.qs;46;30;13067.0;13067.0;0.104255;3.952337;13067.0
4531;MSTS;QPLIB_5881.qs;46;31;13067.0;13067.0;0.146066;4.098403;13067.0
4532;MSTS;QPLIB_5881.qs;46;32;13067.0;13067.0;0.13335;4.231753;13067.0
4533;MSTS;QPLIB_5881.qs;46;33;13067.0;13067.0;0.183188;4.414941;13067.0
4534;MSTS;QPLIB_5881.qs;46;34;13060.0;13067.0;0.154056;4.5689969999999995;13067.0
4535;MSTS;QPLIB_5881.qs;46;35;13067.0;13067.0;0.10392;4.672917;13067.0
4536;MSTS;QPLIB_5881.qs;46;36;13067.0;13067.0;0.112695;4.7856119999999995;13067.0
4537;MSTS;QPLIB_5881.qs;46;37;13067.0;13067.0;0.104665;4.890277;13067.0
4538;MSTS;QPLIB_5881.qs;46;38;13067.0;13067.0;0.105331;4.995608;13067.0
4539;MSTS;QPLIB_5881.qs;46;39;13067.0;13067.0;0.108887;5.104495;13067.0
4540;MSTS;QPLIB_5881.qs;46;40;13067.0;13067.0;0.119996;5.2244909999999996;13067.0
4541;MSTS;QPLIB_5881.qs;46;41;13067.0;13067.0;0.120304;5.3447949999999995;13067.0
4542;MSTS;QPLIB_5881.qs;46;42;13067.0;13067.0;0.133527;5.478322;13067.0
4543;MSTS;QPLIB_5881.qs;46;43;13067.0;13067.0;0.109477;5.5877989999999995;13067.0
4544;MSTS;QPLIB_5881.qs;46;44;13067.0;13067.0;0.107514;5.695313;13067.0
4545;MSTS;QPLIB_5881.qs;46;45;13051.0;13067.0;0.103382;5.798695;13067.0
4546;MSTS;QPLIB_5881.qs;46;46;13067.0;13067.0;0.165167;5.963862;13067.0
4547;MSTS;QPLIB_5881.qs;46;47;13067.0;13067.0;0.123351;6.087213;13067.0
4548;MSTS;QPLIB_5881.qs;46;48;13067.0;13067.0;0.117758;6.204971;13067.0
4549;MSTS;QPLIB_5881.qs;46;49;13067.0;13067.0;0.115814;6.320785;13067.0
4550;MSTS;QPLIB_5881.qs;46;50;13067.0;13067.0;0.110952;6.431737;13067.0
4551;MSTS;QPLIB_5881.qs;46;51;13067.0;13067.0;0.153524;6.585261;13067.0
4552;MSTS;QPLIB_5881.qs;46;52;13067.0;13067.0;0.120577;6.705838;13067.0
4553;MSTS;QPLIB_5881.qs;46;53;13067.0;13067.0;0.118619;6.824457;13067.0
4554;MSTS;QPLIB_5881.qs;46;54;13067.0;13067.0;0.126059;6.950516;13067.0
4555;MSTS;QPLIB_5881.qs;46;55;13067.0;13067.0;0.138253;7.088769;13067.0
4556;MSTS;QPLIB_5881.qs;46;56;13067.0;13067.0;0.144103;7.2328719999999995;13067.0
4557;MSTS;QPLIB_5881.qs;46;57;13067.0;13067.0;0.119517;7.352389;13067.0
4558;MSTS;QPLIB_5881.qs;46;58;13067.0;13067.0;0.122812;7.475201;13067.0
4559;MSTS;QPLIB_5881.qs;46;59;13067.0;13067.0;0.128089;7.60329;13067.0
4560;MSTS;QPLIB_5881.qs;46;60;13067.0;13067.0;0.117498;7.720788;13067.0
4561;MSTS;QPLIB_5881.qs;46;61;13067.0;13067.0;0.11634;7.837128;13067.0
4562;MSTS;QPLIB_5881.qs;46;62;13067.0;13067.0;0.118297;7.955425;13067.0
4563;MSTS;QPLIB_5881.qs;46;63;13067.0;13067.0;0.128631;8.084056;13067.0
4564;MSTS;QPLIB_5881.qs;46;64;13067.0;13067.0;0.15366;8.237716;13067.0
4565;MSTS;QPLIB_5881.qs;46;65;13067.0;13067.0;0.178924;8.41664;13067.0
4566;MSTS;QPLIB_5881.qs;46;66;13067.0;13067.0;0.126889;8.543529;13067.0
4567;MSTS;QPLIB_5881.qs;46;67;13067.0;13067.0;0.115553;8.659082;13067.0
4568;MSTS;QPLIB_5881.qs;46;68;13067.0;13067.0;0.215581;8.874663;13067.0
4569;MSTS;QPLIB_5881.qs;46;69;13067.0;13067.0;0.126832;9.001495;13067.0
4570;MSTS;QPLIB_5881.qs;46;70;13067.0;13067.0;0.138626;9.140121;13067.0
4571;MSTS;QPLIB_5881.qs;46;71;13067.0;13067.0;0.112703;9.252824;13067.0
4572;MSTS;QPLIB_5881.qs;46;72;13067.0;13067.0;0.112419;9.365243;13067.0
4573;MSTS;QPLIB_5881.qs;46;73;13067.0;13067.0;0.1458;9.511043;13067.0
4574;MSTS;QPLIB_5881.qs;46;74;13067.0;13067.0;0.168869;9.679912;13067.0
4575;MSTS;QPLIB_5881.qs;46;75;13067.0;13067.0;0.138937;9.818849;13067.0
4576;MSTS;QPLIB_5881.qs;46;76;13067.0;13067.0;0.124235;9.943084;13067.0
4577;MSTS;QPLIB_5881.qs;46;77;13067.0;13067.0;0.149014;10.092098;13067.0
4578;MSTS;QPLIB_5881.qs;46;78;13067.0;13067.0;0.125048;10.217146;13067.0
4579;MSTS;QPLIB_5881.qs;46;79;13067.0;13067.0;0.122921;10.340067;13067.0
4580;MSTS;QPLIB_5881.qs;46;80;13067.0;13067.0;0.183311;10.523378;13067.0
4581;MSTS;QPLIB_5881.qs;46;81;13067.0;13067.0;0.157037;10.680415;13067.0
4582;MSTS;QPLIB_5881.qs;46;82;13067.0;13067.0;0.160321;10.840736;13067.0
4583;MSTS;QPLIB_5881.qs;46;83;13067.0;13067.0;0.146301;10.987036999999999;13067.0
4584;MSTS;QPLIB_5881.qs;46;84;13067.0;13067.0;0.1254;11.112437;13067.0
4585;MSTS;QPLIB_5881.qs;46;85;13051.0;13067.0;0.120196;11.232633;13067.0
4586;MSTS;QPLIB_5881.qs;46;86;13067.0;13067.0;0.132416;11.365048999999999;13067.0
4587;MSTS;QPLIB_5881.qs;46;87;13067.0;13067.0;0.124633;11.489682;13067.0
4588;MSTS;QPLIB_5881.qs;46;88;13067.0;13067.0;0.12791;11.617592;13067.0
4589;MSTS;QPLIB_5881.qs;46;89;13067.0;13067.0;0.151062;11.768654;13067.0
4590;MSTS;QPLIB_5881.qs;46;90;13067.0;13067.0;0.21532;11.983974;13067.0
4591;MSTS;QPLIB_5881.qs;46;91;13067.0;13067.0;0.147308;12.131282;13067.0
4592;MSTS;QPLIB_5881.qs;46;92;13051.0;13067.0;0.120038;12.25132;13067.0
4593;MSTS;QPLIB_5881.qs;46;93;13067.0;13067.0;0.121115;12.372435;13067.0
4594;MSTS;QPLIB_5881.qs;46;94;13067.0;13067.0;0.128677;12.501112;13067.0
4595;MSTS;QPLIB_5881.qs;46;95;13067.0;13067.0;0.13536;12.636472;13067.0
4596;MSTS;QPLIB_5881.qs;46;96;13067.0;13067.0;0.169968;12.80644;13067.0
4597;MSTS;QPLIB_5881.qs;46;97;13067.0;13067.0;0.140435;12.946875;13067.0
4598;MSTS;QPLIB_5881.qs;46;98;13067.0;13067.0;0.15577;13.102645;13067.0
4599;MSTS;QPLIB_5881.qs;46;99;13067.0;13067.0;0.20812;13.310765;13067.0
4600;MSTS;QPLIB_5881.qs;46;100;13067.0;13067.0;0.148856;13.459621;13067.0
4601;MSTS;QPLIB_5881.qs;47;1;13067.0;13067.0;0.246564;0.246564;13067.0
4602;MSTS;QPLIB_5881.qs;47;2;13067.0;13067.0;0.16818;0.414744;13067.0
4603;MSTS;QPLIB_5881.qs;47;3;13067.0;13067.0;0.171703;0.5864469999999999;13067.0
4604;MSTS;QPLIB_5881.qs;47;4;13067.0;13067.0;0.125276;0.711723;13067.0
4605;MSTS;QPLIB_5881.qs;47;5;13067.0;13067.0;0.130053;0.841776;13067.0
4606;MSTS;QPLIB_5881.qs;47;6;13067.0;13067.0;0.12246;0.964236;13067.0
4607;MSTS;QPLIB_5881.qs;47;7;13067.0;13067.0;0.159626;1.123862;13067.0
4608;MSTS;QPLIB_5881.qs;47;8;13067.0;13067.0;0.134605;1.258467;13067.0
4609;MSTS;QPLIB_5881.qs;47;9;13067.0;13067.0;0.127769;1.386236;13067.0
4610;MSTS;QPLIB_5881.qs;47;10;13067.0;13067.0;0.133058;1.519294;13067.0
4611;MSTS;QPLIB_5881.qs;47;11;13067.0;13067.0;0.140801;1.660095;13067.0
4612;MSTS;QPLIB_5881.qs;47;12;13067.0;13067.0;0.121875;1.78197;13067.0
4613;MSTS;QPLIB_5881.qs;47;13;13067.0;13067.0;0.126276;1.908246;13067.0
4614;MSTS;QPLIB_5881.qs;47;14;13067.0;13067.0;0.136769;2.045015;13067.0
4615;MSTS;QPLIB_5881.qs;47;15;13067.0;13067.0;0.195995;2.24101;13067.0
4616;MSTS;QPLIB_5881.qs;47;16;13067.0;13067.0;0.123467;2.364477;13067.0
4617;MSTS;QPLIB_5881.qs;47;17;13067.0;13067.0;0.160392;2.524869;13067.0
4618;MSTS;QPLIB_5881.qs;47;18;13067.0;13067.0;0.190301;2.71517;13067.0
4619;MSTS;QPLIB_5881.qs;47;19;13067.0;13067.0;0.122553;2.837723;13067.0
4620;MSTS;QPLIB_5881.qs;47;20;13067.0;13067.0;0.123983;2.961706;13067.0
4621;MSTS;QPLIB_5881.qs;47;21;13067.0;13067.0;0.12718;3.088886;13067.0
4622;MSTS;QPLIB_5881.qs;47;22;13067.0;13067.0;0.202623;3.291509;13067.0
4623;MSTS;QPLIB_5881.qs;47;23;13067.0;13067.0;0.121689;3.413198;13067.0
4624;MSTS;QPLIB_5881.qs;47;24;13067.0;13067.0;0.124711;3.537909;13067.0
4625;MSTS;QPLIB_5881.qs;47;25;13067.0;13067.0;0.128496;3.666405;13067.0
4626;MSTS;QPLIB_5881.qs;47;26;13067.0;13067.0;0.136122;3.802527;13067.0
4627;MSTS;QPLIB_5881.qs;47;27;13060.0;13067.0;0.154741;3.957268;13067.0
4628;MSTS;QPLIB_5881.qs;47;28;13067.0;13067.0;0.120386;4.077654;13067.0
4629;MSTS;QPLIB_5881.qs;47;29;13051.0;13067.0;0.120213;4.197867;13067.0
4630;MSTS;QPLIB_5881.qs;47;30;13067.0;13067.0;0.201554;4.399421;13067.0
4631;MSTS;QPLIB_5881.qs;47;31;13067.0;13067.0;0.190245;4.589666;13067.0
4632;MSTS;QPLIB_5881.qs;47;32;13067.0;13067.0;0.154806;4.744472;13067.0
4633;MSTS;QPLIB_5881.qs;47;33;13067.0;13067.0;0.121958;4.86643;13067.0
4634;MSTS;QPLIB_5881.qs;47;34;13067.0;13067.0;0.133083;4.999513;13067.0
4635;MSTS;QPLIB_5881.qs;47;35;13067.0;13067.0;0.136027;5.13554;13067.0
4636;MSTS;QPLIB_5881.qs;47;36;13067.0;13067.0;0.181577;5.317117;13067.0
4637;MSTS;QPLIB_5881.qs;47;37;13067.0;13067.0;0.155183;5.4723;13067.0
4638;MSTS;QPLIB_5881.qs;47;38;13067.0;13067.0;0.122425;5.594725;13067.0
4639;MSTS;QPLIB_5881.qs;47;39;13067.0;13067.0;0.196316;5.791041;13067.0
4640;MSTS;QPLIB_5881.qs;47;40;13051.0;13067.0;0.120237;5.911278;13067.0
4641;MSTS;QPLIB_5881.qs;47;41;13067.0;13067.0;0.21467;6.125948;13067.0
4642;MSTS;QPLIB_5881.qs;47;42;13051.0;13067.0;0.12019;6.246138;13067.0
4643;MSTS;QPLIB_5881.qs;47;43;13067.0;13067.0;0.122556;6.368694;13067.0
4644;MSTS;QPLIB_5881.qs;47;44;13067.0;13067.0;0.128927;6.497621;13067.0
4645;MSTS;QPLIB_5881.qs;47;45;13067.0;13067.0;0.254657;6.7522780000000004;13067.0
4646;MSTS;QPLIB_5881.qs;47;46;13067.0;13067.0;0.160872;6.91315;13067.0
4647;MSTS;QPLIB_5881.qs;47;47;13067.0;13067.0;0.121831;7.034981;13067.0
4648;MSTS;QPLIB_5881.qs;47;48;13051.0;13067.0;0.120457;7.155438;13067.0
4649;MSTS;QPLIB_5881.qs;47;49;13067.0;13067.0;0.127175;7.282613;13067.0
4650;MSTS;QPLIB_5881.qs;47;50;13067.0;13067.0;0.123333;7.405946;13067.0
4651;MSTS;QPLIB_5881.qs;47;51;13067.0;13067.0;0.137126;7.543072;13067.0
4652;MSTS;QPLIB_5881.qs;47;52;13067.0;13067.0;0.184504;7.727576;13067.0
4653;MSTS;QPLIB_5881.qs;47;53;13067.0;13067.0;0.136382;7.863958;13067.0
4654;MSTS;QPLIB_5881.qs;47;54;13067.0;13067.0;0.14318;8.007138;13067.0
4655;MSTS;QPLIB_5881.qs;47;55;13051.0;13067.0;0.120573;8.127711;13067.0
4656;MSTS;QPLIB_5881.qs;47;56;13067.0;13067.0;0.128848;8.256559;13067.0
4657;MSTS;QPLIB_5881.qs;47;57;13067.0;13067.0;0.193878;8.450437;13067.0
4658;MSTS;QPLIB_5881.qs;47;58;13067.0;13067.0;0.193738;8.644175;13067.0
4659;MSTS;QPLIB_5881.qs;47;59;13067.0;13067.0;0.184243;8.828418;13067.0
4660;MSTS;QPLIB_5881.qs;47;60;13067.0;13067.0;0.125156;8.953574;13067.0
4661;MSTS;QPLIB_5881.qs;47;61;13067.0;13067.0;0.172839;9.126413;13067.0
4662;MSTS;QPLIB_5881.qs;47;62;13067.0;13067.0;0.149238;9.275651;13067.0
4663;MSTS;QPLIB_5881.qs;47;63;13067.0;13067.0;0.135687;9.411338;13067.0
4664;MSTS;QPLIB_5881.qs;47;64;13067.0;13067.0;0.159858;9.571196;13067.0
4665;MSTS;QPLIB_5881.qs;47;65;13067.0;13067.0;0.139777;9.710973;13067.0
4666;MSTS;QPLIB_5881.qs;47;66;13067.0;13067.0;0.166801;9.877774;13067.0
4667;MSTS;QPLIB_5881.qs;47;67;13067.0;13067.0;0.139757;10.017531;13067.0
4668;MSTS;QPLIB_5881.qs;47;68;13067.0;13067.0;0.2349;10.252431;13067.0
4669;MSTS;QPLIB_5881.qs;47;69;13067.0;13067.0;0.16812;10.420551;13067.0
4670;MSTS;QPLIB_5881.qs;47;70;13067.0;13067.0;0.159697;10.580248;13067.0
4671;MSTS;QPLIB_5881.qs;47;71;13067.0;13067.0;0.174725;10.754973;13067.0
4672;MSTS;QPLIB_5881.qs;47;72;13067.0;13067.0;0.144012;10.898985;13067.0
4673;MSTS;QPLIB_5881.qs;47;73;13067.0;13067.0;0.184651;11.083636;13067.0
4674;MSTS;QPLIB_5881.qs;47;74;13067.0;13067.0;0.135499;11.219135;13067.0
4675;MSTS;QPLIB_5881.qs;47;75;13067.0;13067.0;0.140978;11.360113;13067.0
4676;MSTS;QPLIB_5881.qs;47;76;13067.0;13067.0;0.146;11.506113;13067.0
4677;MSTS;QPLIB_5881.qs;47;77;13067.0;13067.0;0.134834;11.640947;13067.0
4678;MSTS;QPLIB_5881.qs;47;78;13067.0;13067.0;0.189181;11.830128;13067.0
4679;MSTS;QPLIB_5881.qs;47;79;13067.0;13067.0;0.155179;11.985307;13067.0
4680;MSTS;QPLIB_5881.qs;47;80;13067.0;13067.0;0.14444;12.129747;13067.0
4681;MSTS;QPLIB_5881.qs;47;81;13067.0;13067.0;0.157562;12.287309;13067.0
4682;MSTS;QPLIB_5881.qs;47;82;13067.0;13067.0;0.13151;12.418819;13067.0
4683;MSTS;QPLIB_5881.qs;47;83;13067.0;13067.0;0.177508;12.596327;13067.0
4684;MSTS;QPLIB_5881.qs;47;84;13067.0;13067.0;0.194856;12.791183;13067.0
4685;MSTS;QPLIB_5881.qs;47;85;13067.0;13067.0;0.143089;12.934272;13067.0
4686;MSTS;QPLIB_5881.qs;47;86;13067.0;13067.0;0.154403;13.088675;13067.0
4687;MSTS;QPLIB_5881.qs;47;87;13067.0;13067.0;0.159047;13.247722;13067.0
4688;MSTS;QPLIB_5881.qs;47;88;13067.0;13067.0;0.224172;13.471894;13067.0
4689;MSTS;QPLIB_5881.qs;47;89;13067.0;13067.0;0.181082;13.652976;13067.0
4690;MSTS;QPLIB_5881.qs;47;90;13067.0;13067.0;0.208704;13.86168;13067.0
4691;MSTS;QPLIB_5881.qs;47;91;13067.0;13067.0;0.223068;14.084748;13067.0
4692;MSTS;QPLIB_5881.qs;47;92;13067.0;13067.0;0.122129;14.206877;13067.0
4693;MSTS;QPLIB_5881.qs;47;93;13067.0;13067.0;0.185773;14.39265;13067.0
4694;MSTS;QPLIB_5881.qs;47;94;13067.0;13067.0;0.141044;14.533694;13067.0
4695;MSTS;QPLIB_5881.qs;47;95;13067.0;13067.0;0.169881;14.703575;13067.0
4696;MSTS;QPLIB_5881.qs;47;96;13067.0;13067.0;0.142242;14.845817;13067.0
4697;MSTS;QPLIB_5881.qs;47;97;13067.0;13067.0;0.166256;15.012073;13067.0
4698;MSTS;QPLIB_5881.qs;47;98;13067.0;13067.0;0.180164;15.192237;13067.0
4699;MSTS;QPLIB_5881.qs;47;99;13067.0;13067.0;0.139246;15.331483;13067.0
4700;MSTS;QPLIB_5881.qs;47;100;13067.0;13067.0;0.146134;15.477617;13067.0
4701;MSTS;QPLIB_5881.qs;48;1;13067.0;13067.0;0.306922;0.306922;13067.0
4702;MSTS;QPLIB_5881.qs;48;2;13067.0;13067.0;0.146004;0.45292599999999994;13067.0
4703;MSTS;QPLIB_5881.qs;48;3;13067.0;13067.0;0.131461;0.584387;13067.0
4704;MSTS;QPLIB_5881.qs;48;4;13051.0;13067.0;0.120097;0.704484;13067.0
4705;MSTS;QPLIB_5881.qs;48;5;13067.0;13067.0;0.126007;0.830491;13067.0
4706;MSTS;QPLIB_5881.qs;48;6;13067.0;13067.0;0.198716;1.029207;13067.0
4707;MSTS;QPLIB_5881.qs;48;7;13067.0;13067.0;0.150367;1.179574;13067.0
4708;MSTS;QPLIB_5881.qs;48;8;13067.0;13067.0;0.144944;1.3245179999999999;13067.0
4709;MSTS;QPLIB_5881.qs;48;9;13067.0;13067.0;0.133089;1.4576069999999999;13067.0
4710;MSTS;QPLIB_5881.qs;48;10;13067.0;13067.0;0.182027;1.639634;13067.0
4711;MSTS;QPLIB_5881.qs;48;11;13067.0;13067.0;0.171119;1.810753;13067.0
4712;MSTS;QPLIB_5881.qs;48;12;13067.0;13067.0;0.14724;1.957993;13067.0
4713;MSTS;QPLIB_5881.qs;48;13;13067.0;13067.0;0.122902;2.080895;13067.0
4714;MSTS;QPLIB_5881.qs;48;14;13067.0;13067.0;0.166615;2.24751;13067.0
4715;MSTS;QPLIB_5881.qs;48;15;13067.0;13067.0;0.190392;2.4379020000000002;13067.0
4716;MSTS;QPLIB_5881.qs;48;16;13067.0;13067.0;0.15603;2.593932;13067.0
4717;MSTS;QPLIB_5881.qs;48;17;13067.0;13067.0;0.165548;2.75948;13067.0
4718;MSTS;QPLIB_5881.qs;48;18;13067.0;13067.0;0.145061;2.904541;13067.0
4719;MSTS;QPLIB_5881.qs;48;19;13067.0;13067.0;0.163416;3.067957;13067.0
4720;MSTS;QPLIB_5881.qs;48;20;13067.0;13067.0;0.211476;3.279433;13067.0
4721;MSTS;QPLIB_5881.qs;48;21;13067.0;13067.0;0.164977;3.44441;13067.0
4722;MSTS;QPLIB_5881.qs;48;22;13067.0;13067.0;0.143288;3.587698;13067.0
4723;MSTS;QPLIB_5881.qs;48;23;13067.0;13067.0;0.150476;3.738174;13067.0
4724;MSTS;QPLIB_5881.qs;48;24;13067.0;13067.0;0.165216;3.90339;13067.0
4725;MSTS;QPLIB_5881.qs;48;25;13051.0;13067.0;0.12021;4.0236;13067.0
4726;MSTS;QPLIB_5881.qs;48;26;13067.0;13067.0;0.177247;4.2008469999999996;13067.0
4727;MSTS;QPLIB_5881.qs;48;27;13067.0;13067.0;0.214084;4.414931;13067.0
4728;MSTS;QPLIB_5881.qs;48;28;13067.0;13067.0;0.155612;4.570543;13067.0
4729;MSTS;QPLIB_5881.qs;48;29;13067.0;13067.0;0.130121;4.700664;13067.0
4730;MSTS;QPLIB_5881.qs;48;30;13067.0;13067.0;0.141353;4.842017;13067.0
4731;MSTS;QPLIB_5881.qs;48;31;13067.0;13067.0;0.169213;5.01123;13067.0
4732;MSTS;QPLIB_5881.qs;48;32;13067.0;13067.0;0.199897;5.211127;13067.0
4733;MSTS;QPLIB_5881.qs;48;33;13067.0;13067.0;0.142412;5.353539;13067.0
4734;MSTS;QPLIB_5881.qs;48;34;13067.0;13067.0;0.268721;5.62226;13067.0
4735;MSTS;QPLIB_5881.qs;48;35;13067.0;13067.0;0.150126;5.772386;13067.0
4736;MSTS;QPLIB_5881.qs;48;36;13067.0;13067.0;0.173273;5.945659;13067.0
4737;MSTS;QPLIB_5881.qs;48;37;13067.0;13067.0;0.150912;6.096571;13067.0
4738;MSTS;QPLIB_5881.qs;48;38;13067.0;13067.0;0.131552;6.228123;13067.0
4739;MSTS;QPLIB_5881.qs;48;39;13067.0;13067.0;0.196166;6.424289;13067.0
4740;MSTS;QPLIB_5881.qs;48;40;13067.0;13067.0;0.125061;6.5493500000000004;13067.0
4741;MSTS;QPLIB_5881.qs;48;41;13067.0;13067.0;0.140771;6.690121;13067.0
4742;MSTS;QPLIB_5881.qs;48;42;13067.0;13067.0;0.124583;6.814704;13067.0
4743;MSTS;QPLIB_5881.qs;48;43;13067.0;13067.0;0.161205;6.975909;13067.0
4744;MSTS;QPLIB_5881.qs;48;44;13051.0;13067.0;0.120108;7.096017;13067.0
4745;MSTS;QPLIB_5881.qs;48;45;13067.0;13067.0;0.135774;7.231791;13067.0
4746;MSTS;QPLIB_5881.qs;48;46;13067.0;13067.0;0.126411;7.358202;13067.0
4747;MSTS;QPLIB_5881.qs;48;47;13067.0;13067.0;0.128487;7.486689;13067.0
4748;MSTS;QPLIB_5881.qs;48;48;13067.0;13067.0;0.193255;7.679944;13067.0
4749;MSTS;QPLIB_5881.qs;48;49;13067.0;13067.0;0.143634;7.823578;13067.0
4750;MSTS;QPLIB_5881.qs;48;50;13067.0;13067.0;0.178932;8.002510000000001;13067.0
4751;MSTS;QPLIB_5881.qs;48;51;13067.0;13067.0;0.126675;8.129185;13067.0
4752;MSTS;QPLIB_5881.qs;48;52;13067.0;13067.0;0.171073;8.300258;13067.0
4753;MSTS;QPLIB_5881.qs;48;53;13067.0;13067.0;0.155163;8.455421;13067.0
4754;MSTS;QPLIB_5881.qs;48;54;13067.0;13067.0;0.137544;8.592965;13067.0
4755;MSTS;QPLIB_5881.qs;48;55;13067.0;13067.0;0.180412;8.773377;13067.0
4756;MSTS;QPLIB_5881.qs;48;56;13067.0;13067.0;0.164232;8.937609;13067.0
4757;MSTS;QPLIB_5881.qs;48;57;13067.0;13067.0;0.168339;9.105948;13067.0
4758;MSTS;QPLIB_5881.qs;48;58;13067.0;13067.0;0.133455;9.239403;13067.0
4759;MSTS;QPLIB_5881.qs;48;59;13067.0;13067.0;0.125947;9.36535;13067.0
4760;MSTS;QPLIB_5881.qs;48;60;13067.0;13067.0;0.143561;9.508911;13067.0
4761;MSTS;QPLIB_5881.qs;48;61;13067.0;13067.0;0.141337;9.650248;13067.0
4762;MSTS;QPLIB_5881.qs;48;62;13067.0;13067.0;0.159389;9.809637;13067.0
4763;MSTS;QPLIB_5881.qs;48;63;13067.0;13067.0;0.126386;9.936023;13067.0
4764;MSTS;QPLIB_5881.qs;48;64;13067.0;13067.0;0.131668;10.067691;13067.0
4765;MSTS;QPLIB_5881.qs;48;65;13067.0;13067.0;0.237137;10.304828;13067.0
4766;MSTS;QPLIB_5881.qs;48;66;13067.0;13067.0;0.151989;10.456817;13067.0
4767;MSTS;QPLIB_5881.qs;48;67;13067.0;13067.0;0.173393;10.63021;13067.0
4768;MSTS;QPLIB_5881.qs;48;68;13067.0;13067.0;0.140888;10.771098;13067.0
4769;MSTS;QPLIB_5881.qs;48;69;13051.0;13067.0;0.120048;10.891146;13067.0
4770;MSTS;QPLIB_5881.qs;48;70;13067.0;13067.0;0.125474;11.01662;13067.0
4771;MSTS;QPLIB_5881.qs;48;71;13067.0;13067.0;0.154512;11.171132;13067.0
4772;MSTS;QPLIB_5881.qs;48;72;13067.0;13067.0;0.123251;11.294383;13067.0
4773;MSTS;QPLIB_5881.qs;48;73;13067.0;13067.0;0.131289;11.425672;13067.0
4774;MSTS;QPLIB_5881.qs;48;74;13067.0;13067.0;0.14454;11.570212;13067.0
4775;MSTS;QPLIB_5881.qs;48;75;13067.0;13067.0;0.218551;11.788763;13067.0
4776;MSTS;QPLIB_5881.qs;48;76;13067.0;13067.0;0.18392;11.972683;13067.0
4777;MSTS;QPLIB_5881.qs;48;77;13067.0;13067.0;0.177877;12.15056;13067.0
4778;MSTS;QPLIB_5881.qs;48;78;13067.0;13067.0;0.128953;12.279513;13067.0
4779;MSTS;QPLIB_5881.qs;48;79;13067.0;13067.0;0.125237;12.40475;13067.0
4780;MSTS;QPLIB_5881.qs;48;80;13067.0;13067.0;0.19443;12.59918;13067.0
4781;MSTS;QPLIB_5881.qs;48;81;13067.0;13067.0;0.126736;12.725916;13067.0
4782;MSTS;QPLIB_5881.qs;48;82;13067.0;13067.0;0.124494;12.85041;13067.0
4783;MSTS;QPLIB_5881.qs;48;83;13067.0;13067.0;0.161163;13.011573;13067.0
4784;MSTS;QPLIB_5881.qs;48;84;13067.0;13067.0;0.21135;13.222923;13067.0
4785;MSTS;QPLIB_5881.qs;48;85;13067.0;13067.0;0.130179;13.353102;13067.0
4786;MSTS;QPLIB_5881.qs;48;86;13067.0;13067.0;0.151263;13.504365;13067.0
4787;MSTS;QPLIB_5881.qs;48;87;13067.0;13067.0;0.144299;13.648664;13067.0
4788;MSTS;QPLIB_5881.qs;48;88;13067.0;13067.0;0.137658;13.786322;13067.0
4789;MSTS;QPLIB_5881.qs;48;89;13067.0;13067.0;0.138579;13.924901;13067.0
4790;MSTS;QPLIB_5881.qs;48;90;13067.0;13067.0;0.122907;14.047808;13067.0
4791;MSTS;QPLIB_5881.qs;48;91;13067.0;13067.0;0.169626;14.217434;13067.0
4792;MSTS;QPLIB_5881.qs;48;92;13067.0;13067.0;0.127597;14.345031;13067.0
4793;MSTS;QPLIB_5881.qs;48;93;13067.0;13067.0;0.143404;14.488435;13067.0
4794;MSTS;QPLIB_5881.qs;48;94;13051.0;13067.0;0.120156;14.608591;13067.0
4795;MSTS;QPLIB_5881.qs;48;95;13067.0;13067.0;0.122813;14.731404;13067.0
4796;MSTS;QPLIB_5881.qs;48;96;13067.0;13067.0;0.198185;14.929589;13067.0
4797;MSTS;QPLIB_5881.qs;48;97;13067.0;13067.0;0.131884;15.061473;13067.0
4798;MSTS;QPLIB_5881.qs;48;98;13067.0;13067.0;0.270641;15.332114;13067.0
4799;MSTS;QPLIB_5881.qs;48;99;13067.0;13067.0;0.158472;15.490586;13067.0
4800;MSTS;QPLIB_5881.qs;48;100;13067.0;13067.0;0.209312;15.699898;13067.0
4801;MSTS;QPLIB_5881.qs;49;1;13067.0;13067.0;0.327224;0.327224;13067.0
4802;MSTS;QPLIB_5881.qs;49;2;13067.0;13067.0;0.125821;0.45304500000000003;13067.0
4803;MSTS;QPLIB_5881.qs;49;3;13067.0;13067.0;0.164054;0.6170990000000001;13067.0
4804;MSTS;QPLIB_5881.qs;49;4;13051.0;13067.0;0.120192;0.737291;13067.0
4805;MSTS;QPLIB_5881.qs;49;5;13051.0;13067.0;0.130305;0.867596;13067.0
4806;MSTS;QPLIB_5881.qs;49;6;13067.0;13067.0;0.168416;1.036012;13067.0
4807;MSTS;QPLIB_5881.qs;49;7;13067.0;13067.0;0.159985;1.195997;13067.0
4808;MSTS;QPLIB_5881.qs;49;8;13067.0;13067.0;0.137085;1.333082;13067.0
4809;MSTS;QPLIB_5881.qs;49;9;13067.0;13067.0;0.202516;1.535598;13067.0
4810;MSTS;QPLIB_5881.qs;49;10;13067.0;13067.0;0.135911;1.671509;13067.0
4811;MSTS;QPLIB_5881.qs;49;11;13067.0;13067.0;0.202692;1.874201;13067.0
4812;MSTS;QPLIB_5881.qs;49;12;13067.0;13067.0;0.133212;2.007413;13067.0
4813;MSTS;QPLIB_5881.qs;49;13;13067.0;13067.0;0.125083;2.132496;13067.0
4814;MSTS;QPLIB_5881.qs;49;14;13067.0;13067.0;0.17711;2.309606;13067.0
4815;MSTS;QPLIB_5881.qs;49;15;13067.0;13067.0;0.14515;2.454756;13067.0
4816;MSTS;QPLIB_5881.qs;49;16;13067.0;13067.0;0.121457;2.576213;13067.0
4817;MSTS;QPLIB_5881.qs;49;17;13067.0;13067.0;0.128201;2.704414;13067.0
4818;MSTS;QPLIB_5881.qs;49;18;13067.0;13067.0;0.131508;2.835922;13067.0
4819;MSTS;QPLIB_5881.qs;49;19;13067.0;13067.0;0.123456;2.959378;13067.0
4820;MSTS;QPLIB_5881.qs;49;20;13067.0;13067.0;0.121381;3.080759;13067.0
4821;MSTS;QPLIB_5881.qs;49;21;13060.0;13067.0;0.202654;3.283413;13067.0
4822;MSTS;QPLIB_5881.qs;49;22;13067.0;13067.0;0.120338;3.403751;13067.0
4823;MSTS;QPLIB_5881.qs;49;23;13067.0;13067.0;0.125042;3.528793;13067.0
4824;MSTS;QPLIB_5881.qs;49;24;13067.0;13067.0;0.201652;3.730445;13067.0
4825;MSTS;QPLIB_5881.qs;49;25;13067.0;13067.0;0.158697;3.889142;13067.0
4826;MSTS;QPLIB_5881.qs;49;26;13067.0;13067.0;0.138079;4.027221;13067.0
4827;MSTS;QPLIB_5881.qs;49;27;13067.0;13067.0;0.133661;4.160882;13067.0
4828;MSTS;QPLIB_5881.qs;49;28;13067.0;13067.0;0.126481;4.287363;13067.0
4829;MSTS;QPLIB_5881.qs;49;29;13067.0;13067.0;0.148616;4.435979;13067.0
4830;MSTS;QPLIB_5881.qs;49;30;13067.0;13067.0;0.121656;4.557635;13067.0
4831;MSTS;QPLIB_5881.qs;49;31;13067.0;13067.0;0.157591;4.715226;13067.0
4832;MSTS;QPLIB_5881.qs;49;32;13067.0;13067.0;0.155015;4.870241;13067.0
4833;MSTS;QPLIB_5881.qs;49;33;13067.0;13067.0;0.25614;5.126381;13067.0
4834;MSTS;QPLIB_5881.qs;49;34;13067.0;13067.0;0.155063;5.2814440000000005;13067.0
4835;MSTS;QPLIB_5881.qs;49;35;13067.0;13067.0;0.157597;5.4390410000000005;13067.0
4836;MSTS;QPLIB_5881.qs;49;36;13067.0;13067.0;0.158665;5.5977060000000005;13067.0
4837;MSTS;QPLIB_5881.qs;49;37;13067.0;13067.0;0.148271;5.745977;13067.0
4838;MSTS;QPLIB_5881.qs;49;38;13067.0;13067.0;0.150317;5.896294;13067.0
4839;MSTS;QPLIB_5881.qs;49;39;13067.0;13067.0;0.144318;6.040612;13067.0
4840;MSTS;QPLIB_5881.qs;49;40;13067.0;13067.0;0.174885;6.215497;13067.0
4841;MSTS;QPLIB_5881.qs;49;41;13067.0;13067.0;0.161673;6.3771700000000004;13067.0
4842;MSTS;QPLIB_5881.qs;49;42;13067.0;13067.0;0.200764;6.577934;13067.0
4843;MSTS;QPLIB_5881.qs;49;43;13067.0;13067.0;0.14405;6.721984;13067.0
4844;MSTS;QPLIB_5881.qs;49;44;13067.0;13067.0;0.128614;6.850598;13067.0
4845;MSTS;QPLIB_5881.qs;49;45;13051.0;13067.0;0.120117;6.970715;13067.0
4846;MSTS;QPLIB_5881.qs;49;46;13067.0;13067.0;0.126095;7.0968100000000005;13067.0
4847;MSTS;QPLIB_5881.qs;49;47;13067.0;13067.0;0.133738;7.230548;13067.0
4848;MSTS;QPLIB_5881.qs;49;48;13067.0;13067.0;0.161779;7.392327;13067.0
4849;MSTS;QPLIB_5881.qs;49;49;13067.0;13067.0;0.124968;7.517295;13067.0
4850;MSTS;QPLIB_5881.qs;49;50;13067.0;13067.0;0.122026;7.639321;13067.0
4851;MSTS;QPLIB_5881.qs;49;51;13067.0;13067.0;0.219494;7.858815;13067.0
4852;MSTS;QPLIB_5881.qs;49;52;13067.0;13067.0;0.171026;8.029841;13067.0
4853;MSTS;QPLIB_5881.qs;49;53;13067.0;13067.0;0.153294;8.183135;13067.0
4854;MSTS;QPLIB_5881.qs;49;54;13067.0;13067.0;0.126871;8.310006;13067.0
4855;MSTS;QPLIB_5881.qs;49;55;13067.0;13067.0;0.132842;8.442848;13067.0
4856;MSTS;QPLIB_5881.qs;49;56;13067.0;13067.0;0.175083;8.617931;13067.0
4857;MSTS;QPLIB_5881.qs;49;57;13067.0;13067.0;0.132006;8.749937000000001;13067.0
4858;MSTS;QPLIB_5881.qs;49;58;13067.0;13067.0;0.131278;8.881215000000001;13067.0
4859;MSTS;QPLIB_5881.qs;49;59;13067.0;13067.0;0.122324;9.003539;13067.0
4860;MSTS;QPLIB_5881.qs;49;60;13051.0;13067.0;0.120242;9.123781000000001;13067.0
4861;MSTS;QPLIB_5881.qs;49;61;13067.0;13067.0;0.121397;9.245178000000001;13067.0
4862;MSTS;QPLIB_5881.qs;49;62;13067.0;13067.0;0.124126;9.369304;13067.0
4863;MSTS;QPLIB_5881.qs;49;63;13067.0;13067.0;0.16323;9.532534;13067.0
4864;MSTS;QPLIB_5881.qs;49;64;13067.0;13067.0;0.121279;9.653813;13067.0
4865;MSTS;QPLIB_5881.qs;49;65;13067.0;13067.0;0.121922;9.775735000000001;13067.0
4866;MSTS;QPLIB_5881.qs;49;66;13067.0;13067.0;0.145456;9.921191;13067.0
4867;MSTS;QPLIB_5881.qs;49;67;13067.0;13067.0;0.131894;10.053085;13067.0
4868;MSTS;QPLIB_5881.qs;49;68;13067.0;13067.0;0.140828;10.193913;13067.0
4869;MSTS;QPLIB_5881.qs;49;69;13067.0;13067.0;0.187138;10.381051;13067.0
4870;MSTS;QPLIB_5881.qs;49;70;13067.0;13067.0;0.124439;10.50549;13067.0
4871;MSTS;QPLIB_5881.qs;49;71;13067.0;13067.0;0.127168;10.632658;13067.0
4872;MSTS;QPLIB_5881.qs;49;72;13067.0;13067.0;0.154803;10.787461;13067.0
4873;MSTS;QPLIB_5881.qs;49;73;13067.0;13067.0;0.144008;10.931469;13067.0
4874;MSTS;QPLIB_5881.qs;49;74;13067.0;13067.0;0.227806;11.159275000000001;13067.0
4875;MSTS;QPLIB_5881.qs;49;75;13067.0;13067.0;0.166998;11.326273;13067.0
4876;MSTS;QPLIB_5881.qs;49;76;13067.0;13067.0;0.196068;11.522341;13067.0
4877;MSTS;QPLIB_5881.qs;49;77;13067.0;13067.0;0.160063;11.682404;13067.0
4878;MSTS;QPLIB_5881.qs;49;78;13067.0;13067.0;0.149898;11.832302;13067.0
4879;MSTS;QPLIB_5881.qs;49;79;13067.0;13067.0;0.134526;11.966828;13067.0
4880;MSTS;QPLIB_5881.qs;49;80;13067.0;13067.0;0.18166;12.148488;13067.0
4881;MSTS;QPLIB_5881.qs;49;81;13067.0;13067.0;0.201502;12.34999;13067.0
4882;MSTS;QPLIB_5881.qs;49;82;13067.0;13067.0;0.143056;12.493046;13067.0
4883;MSTS;QPLIB_5881.qs;49;83;13060.0;13067.0;0.13957;12.632616;13067.0
4884;MSTS;QPLIB_5881.qs;49;84;13067.0;13067.0;0.120198;12.752814;13067.0
4885;MSTS;QPLIB_5881.qs;49;85;13067.0;13067.0;0.12862;12.881434;13067.0
4886;MSTS;QPLIB_5881.qs;49;86;13067.0;13067.0;0.14558;13.027014;13067.0
4887;MSTS;QPLIB_5881.qs;49;87;13067.0;13067.0;0.13832;13.165334;13067.0
4888;MSTS;QPLIB_5881.qs;49;88;13067.0;13067.0;0.121267;13.286601000000001;13067.0
4889;MSTS;QPLIB_5881.qs;49;89;13067.0;13067.0;0.122651;13.409252;13067.0
4890;MSTS;QPLIB_5881.qs;49;90;13067.0;13067.0;0.154472;13.563724;13067.0
4891;MSTS;QPLIB_5881.qs;49;91;13067.0;13067.0;0.176158;13.739882;13067.0
4892;MSTS;QPLIB_5881.qs;49;92;13067.0;13067.0;0.141486;13.881368;13067.0
4893;MSTS;QPLIB_5881.qs;49;93;13067.0;13067.0;0.151017;14.032385;13067.0
4894;MSTS;QPLIB_5881.qs;49;94;13067.0;13067.0;0.142929;14.175314;13067.0
4895;MSTS;QPLIB_5881.qs;49;95;13051.0;13067.0;0.12015;14.295464;13067.0
4896;MSTS;QPLIB_5881.qs;49;96;13067.0;13067.0;0.172037;14.467501;13067.0
4897;MSTS;QPLIB_5881.qs;49;97;13067.0;13067.0;0.201439;14.668940000000001;13067.0
4898;MSTS;QPLIB_5881.qs;49;98;13067.0;13067.0;0.162673;14.831613;13067.0
4899;MSTS;QPLIB_5881.qs;49;99;13067.0;13067.0;0.139711;14.971324000000001;13067.0
4900;MSTS;QPLIB_5881.qs;49;100;13067.0;13067.0;0.139715;15.111039;13067.0
4901;MSTS;QPLIB_5881.qs;50;1;13067.0;13067.0;0.278497;0.278497;13067.0
4902;MSTS;QPLIB_5881.qs;50;2;13067.0;13067.0;0.152354;0.430851;13067.0
4903;MSTS;QPLIB_5881.qs;50;3;13067.0;13067.0;0.190705;0.621556;13067.0
4904;MSTS;QPLIB_5881.qs;50;4;13067.0;13067.0;0.141839;0.763395;13067.0
4905;MSTS;QPLIB_5881.qs;50;5;13067.0;13067.0;0.168191;0.931586;13067.0
4906;MSTS;QPLIB_5881.qs;50;6;13051.0;13067.0;0.120277;1.051863;13067.0
4907;MSTS;QPLIB_5881.qs;50;7;13067.0;13067.0;0.122157;1.17402;13067.0
4908;MSTS;QPLIB_5881.qs;50;8;13067.0;13067.0;0.146473;1.320493;13067.0
4909;MSTS;QPLIB_5881.qs;50;9;13067.0;13067.0;0.155227;1.47572;13067.0
4910;MSTS;QPLIB_5881.qs;50;10;13067.0;13067.0;0.122522;1.598242;13067.0
4911;MSTS;QPLIB_5881.qs;50;11;13067.0;13067.0;0.136429;1.734671;13067.0
4912;MSTS;QPLIB_5881.qs;50;12;13067.0;13067.0;0.216388;1.9510589999999999;13067.0
4913;MSTS;QPLIB_5881.qs;50;13;13051.0;13067.0;0.120383;2.071442;13067.0
4914;MSTS;QPLIB_5881.qs;50;14;13060.0;13067.0;0.124571;2.1960129999999998;13067.0
4915;MSTS;QPLIB_5881.qs;50;15;13067.0;13067.0;0.12042;2.316433;13067.0
4916;MSTS;QPLIB_5881.qs;50;16;13067.0;13067.0;0.12161;2.438043;13067.0
4917;MSTS;QPLIB_5881.qs;50;17;13067.0;13067.0;0.16696;2.605003;13067.0
4918;MSTS;QPLIB_5881.qs;50;18;13067.0;13067.0;0.143836;2.748839;13067.0
4919;MSTS;QPLIB_5881.qs;50;19;13067.0;13067.0;0.121551;2.87039;13067.0
4920;MSTS;QPLIB_5881.qs;50;20;13067.0;13067.0;0.171426;3.041816;13067.0
4921;MSTS;QPLIB_5881.qs;50;21;13067.0;13067.0;0.123957;3.165773;13067.0
4922;MSTS;QPLIB_5881.qs;50;22;13067.0;13067.0;0.185711;3.351484;13067.0
4923;MSTS;QPLIB_5881.qs;50;23;13067.0;13067.0;0.132821;3.484305;13067.0
4924;MSTS;QPLIB_5881.qs;50;24;13067.0;13067.0;0.137903;3.622208;13067.0
4925;MSTS;QPLIB_5881.qs;50;25;13067.0;13067.0;0.123995;3.746203;13067.0
4926;MSTS;QPLIB_5881.qs;50;26;13067.0;13067.0;0.1222;3.868403;13067.0
4927;MSTS;QPLIB_5881.qs;50;27;13067.0;13067.0;0.215678;4.084081;13067.0
4928;MSTS;QPLIB_5881.qs;50;28;13060.0;13067.0;0.159135;4.243216;13067.0
4929;MSTS;QPLIB_5881.qs;50;29;13067.0;13067.0;0.120496;4.363712;13067.0
4930;MSTS;QPLIB_5881.qs;50;30;13060.0;13067.0;0.16212;4.525832;13067.0
4931;MSTS;QPLIB_5881.qs;50;31;13067.0;13067.0;0.120356;4.6461879999999995;13067.0
4932;MSTS;QPLIB_5881.qs;50;32;13067.0;13067.0;0.154046;4.800234;13067.0
4933;MSTS;QPLIB_5881.qs;50;33;13067.0;13067.0;0.126953;4.927187;13067.0
4934;MSTS;QPLIB_5881.qs;50;34;13067.0;13067.0;0.132957;5.060144;13067.0
4935;MSTS;QPLIB_5881.qs;50;35;13067.0;13067.0;0.155656;5.2158;13067.0
4936;MSTS;QPLIB_5881.qs;50;36;13051.0;13067.0;0.120334;5.3361339999999995;13067.0
4937;MSTS;QPLIB_5881.qs;50;37;13067.0;13067.0;0.134279;5.470413;13067.0
4938;MSTS;QPLIB_5881.qs;50;38;13067.0;13067.0;0.162934;5.633347;13067.0
4939;MSTS;QPLIB_5881.qs;50;39;13067.0;13067.0;0.17276;5.806107;13067.0
4940;MSTS;QPLIB_5881.qs;50;40;13067.0;13067.0;0.155817;5.961924;13067.0
4941;MSTS;QPLIB_5881.qs;50;41;13067.0;13067.0;0.219147;6.181071;13067.0
4942;MSTS;QPLIB_5881.qs;50;42;13067.0;13067.0;0.128166;6.3092369999999995;13067.0
4943;MSTS;QPLIB_5881.qs;50;43;13067.0;13067.0;0.166826;6.476063;13067.0
4944;MSTS;QPLIB_5881.qs;50;44;13067.0;13067.0;0.249254;6.7253169999999995;13067.0
4945;MSTS;QPLIB_5881.qs;50;45;13067.0;13067.0;0.135252;6.860569;13067.0
4946;MSTS;QPLIB_5881.qs;50;46;13060.0;13067.0;0.124423;6.984992;13067.0
4947;MSTS;QPLIB_5881.qs;50;47;13067.0;13067.0;0.138898;7.12389;13067.0
4948;MSTS;QPLIB_5881.qs;50;48;13067.0;13067.0;0.197882;7.321772;13067.0
4949;MSTS;QPLIB_5881.qs;50;49;13067.0;13067.0;0.171774;7.493546;13067.0
4950;MSTS;QPLIB_5881.qs;50;50;13067.0;13067.0;0.15562;7.649166;13067.0
4951;MSTS;QPLIB_5881.qs;50;51;13051.0;13067.0;0.120345;7.769511;13067.0
4952;MSTS;QPLIB_5881.qs;50;52;13067.0;13067.0;0.121309;7.89082;13067.0
4953;MSTS;QPLIB_5881.qs;50;53;13067.0;13067.0;0.133058;8.023878;13067.0
4954;MSTS;QPLIB_5881.qs;50;54;13051.0;13067.0;0.12016;8.144038;13067.0
4955;MSTS;QPLIB_5881.qs;50;55;13067.0;13067.0;0.129627;8.273665;13067.0
4956;MSTS;QPLIB_5881.qs;50;56;13067.0;13067.0;0.150553;8.424218;13067.0
4957;MSTS;QPLIB_5881.qs;50;57;13067.0;13067.0;0.158767;8.582985;13067.0
4958;MSTS;QPLIB_5881.qs;50;58;13067.0;13067.0;0.157744;8.740729;13067.0
4959;MSTS;QPLIB_5881.qs;50;59;13067.0;13067.0;0.123353;8.864082;13067.0
4960;MSTS;QPLIB_5881.qs;50;60;13067.0;13067.0;0.162787;9.026869;13067.0
4961;MSTS;QPLIB_5881.qs;50;61;13067.0;13067.0;0.143705;9.170574;13067.0
4962;MSTS;QPLIB_5881.qs;50;62;13067.0;13067.0;0.142849;9.313423;13067.0
4963;MSTS;QPLIB_5881.qs;50;63;13067.0;13067.0;0.205048;9.518471;13067.0
4964;MSTS;QPLIB_5881.qs;50;64;13067.0;13067.0;0.142127;9.660598;13067.0
4965;MSTS;QPLIB_5881.qs;50;65;13067.0;13067.0;0.124389;9.784987;13067.0
4966;MSTS;QPLIB_5881.qs;50;66;13067.0;13067.0;0.187072;9.972059;13067.0
4967;MSTS;QPLIB_5881.qs;50;67;13067.0;13067.0;0.131889;10.103948;13067.0
4968;MSTS;QPLIB_5881.qs;50;68;13067.0;13067.0;0.123313;10.227261;13067.0
4969;MSTS;QPLIB_5881.qs;50;69;13067.0;13067.0;0.198349;10.42561;13067.0
4970;MSTS;QPLIB_5881.qs;50;70;13067.0;13067.0;0.165086;10.590696;13067.0
4971;MSTS;QPLIB_5881.qs;50;71;13067.0;13067.0;0.304188;10.894884;13067.0
4972;MSTS;QPLIB_5881.qs;50;72;13067.0;13067.0;0.145933;11.040817;13067.0
4973;MSTS;QPLIB_5881.qs;50;73;13067.0;13067.0;0.121251;11.162068;13067.0
4974;MSTS;QPLIB_5881.qs;50;74;13067.0;13067.0;0.125798;11.287866;13067.0
4975;MSTS;QPLIB_5881.qs;50;75;13067.0;13067.0;0.126961;11.414827;13067.0
4976;MSTS;QPLIB_5881.qs;50;76;13067.0;13067.0;0.139097;11.553924;13067.0
4977;MSTS;QPLIB_5881.qs;50;77;13051.0;13067.0;0.120301;11.674225;13067.0
4978;MSTS;QPLIB_5881.qs;50;78;13067.0;13067.0;0.128287;11.802512;13067.0
4979;MSTS;QPLIB_5881.qs;50;79;13067.0;13067.0;0.127159;11.929671;13067.0
4980;MSTS;QPLIB_5881.qs;50;80;13067.0;13067.0;0.171306;12.100977;13067.0
4981;MSTS;QPLIB_5881.qs;50;81;13067.0;13067.0;0.203711;12.304688;13067.0
4982;MSTS;QPLIB_5881.qs;50;82;13067.0;13067.0;0.126552;12.43124;13067.0
4983;MSTS;QPLIB_5881.qs;50;83;13067.0;13067.0;0.182765;12.614005;13067.0
4984;MSTS;QPLIB_5881.qs;50;84;13067.0;13067.0;0.164091;12.778096;13067.0
4985;MSTS;QPLIB_5881.qs;50;85;13067.0;13067.0;0.12707;12.905166;13067.0
4986;MSTS;QPLIB_5881.qs;50;86;13067.0;13067.0;0.132773;13.037939;13067.0
4987;MSTS;QPLIB_5881.qs;50;87;13067.0;13067.0;0.155387;13.193326;13067.0
4988;MSTS;QPLIB_5881.qs;50;88;13067.0;13067.0;0.132579;13.325905;13067.0
4989;MSTS;QPLIB_5881.qs;50;89;13060.0;13067.0;0.170275;13.49618;13067.0
4990;MSTS;QPLIB_5881.qs;50;90;13067.0;13067.0;0.120304;13.616484;13067.0
4991;MSTS;QPLIB_5881.qs;50;91;13067.0;13067.0;0.121987;13.738471;13067.0
4992;MSTS;QPLIB_5881.qs;50;92;13067.0;13067.0;0.17795;13.916421;13067.0
4993;MSTS;QPLIB_5881.qs;50;93;13067.0;13067.0;0.214905;14.131326;13067.0
4994;MSTS;QPLIB_5881.qs;50;94;13067.0;13067.0;0.168558;14.299884;13067.0
4995;MSTS;QPLIB_5881.qs;50;95;13067.0;13067.0;0.124049;14.423933;13067.0
4996;MSTS;QPLIB_5881.qs;50;96;13067.0;13067.0;0.201251;14.625184;13067.0
4997;MSTS;QPLIB_5881.qs;50;97;13067.0;13067.0;0.162285;14.787469;13067.0
4998;MSTS;QPLIB_5881.qs;50;98;13067.0;13067.0;0.165668;14.953137;13067.0
4999;MSTS;QPLIB_5881.qs;50;99;13067.0;13067.0;0.143701;15.096838;13067.0
5000;MSTS;QPLIB_5881.qs;50;100;13060.0;13067.0;0.126115;15.222953;13067.0
5001;MSTS;QPLIB_5881.qs;51;1;13067.0;13067.0;0.277102;0.277102;13067.0
5002;MSTS;QPLIB_5881.qs;51;2;13067.0;13067.0;0.157011;0.434113;13067.0
5003;MSTS;QPLIB_5881.qs;51;3;13067.0;13067.0;0.129072;0.563185;13067.0
5004;MSTS;QPLIB_5881.qs;51;4;13067.0;13067.0;0.152557;0.715742;13067.0
5005;MSTS;QPLIB_5881.qs;51;5;13067.0;13067.0;0.126713;0.842455;13067.0
5006;MSTS;QPLIB_5881.qs;51;6;13051.0;13067.0;0.120105;0.96256;13067.0
5007;MSTS;QPLIB_5881.qs;51;7;13067.0;13067.0;0.131895;1.094455;13067.0
5008;MSTS;QPLIB_5881.qs;51;8;13051.0;13067.0;0.120131;1.214586;13067.0
5009;MSTS;QPLIB_5881.qs;51;9;13067.0;13067.0;0.121339;1.335925;13067.0
5010;MSTS;QPLIB_5881.qs;51;10;13067.0;13067.0;0.139438;1.475363;13067.0
5011;MSTS;QPLIB_5881.qs;51;11;13067.0;13067.0;0.161022;1.636385;13067.0
5012;MSTS;QPLIB_5881.qs;51;12;13067.0;13067.0;0.144626;1.7810110000000001;13067.0
5013;MSTS;QPLIB_5881.qs;51;13;13067.0;13067.0;0.217085;1.998096;13067.0
5014;MSTS;QPLIB_5881.qs;51;14;13067.0;13067.0;0.136834;2.13493;13067.0
5015;MSTS;QPLIB_5881.qs;51;15;13067.0;13067.0;0.135351;2.270281;13067.0
5016;MSTS;QPLIB_5881.qs;51;16;13067.0;13067.0;0.170765;2.441046;13067.0
5017;MSTS;QPLIB_5881.qs;51;17;13067.0;13067.0;0.145451;2.586497;13067.0
5018;MSTS;QPLIB_5881.qs;51;18;13067.0;13067.0;0.144902;2.731399;13067.0
5019;MSTS;QPLIB_5881.qs;51;19;13067.0;13067.0;0.132221;2.86362;13067.0
5020;MSTS;QPLIB_5881.qs;51;20;13067.0;13067.0;0.156551;3.020171;13067.0
5021;MSTS;QPLIB_5881.qs;51;21;13067.0;13067.0;0.168725;3.188896;13067.0
5022;MSTS;QPLIB_5881.qs;51;22;13067.0;13067.0;0.144476;3.3333720000000002;13067.0
5023;MSTS;QPLIB_5881.qs;51;23;13067.0;13067.0;0.181475;3.514847;13067.0
5024;MSTS;QPLIB_5881.qs;51;24;13067.0;13067.0;0.162203;3.67705;13067.0
5025;MSTS;QPLIB_5881.qs;51;25;13067.0;13067.0;0.261837;3.9388870000000002;13067.0
5026;MSTS;QPLIB_5881.qs;51;26;13067.0;13067.0;0.127448;4.0663350000000005;13067.0
5027;MSTS;QPLIB_5881.qs;51;27;13067.0;13067.0;0.175768;4.242103;13067.0
5028;MSTS;QPLIB_5881.qs;51;28;13067.0;13067.0;0.130377;4.37248;13067.0
5029;MSTS;QPLIB_5881.qs;51;29;13067.0;13067.0;0.171515;4.543995;13067.0
5030;MSTS;QPLIB_5881.qs;51;30;13067.0;13067.0;0.138964;4.682959;13067.0
5031;MSTS;QPLIB_5881.qs;51;31;13067.0;13067.0;0.143584;4.826543;13067.0
5032;MSTS;QPLIB_5881.qs;51;32;13067.0;13067.0;0.123285;4.949828;13067.0
5033;MSTS;QPLIB_5881.qs;51;33;13067.0;13067.0;0.180943;5.130771;13067.0
5034;MSTS;QPLIB_5881.qs;51;34;13067.0;13067.0;0.132579;5.26335;13067.0
5035;MSTS;QPLIB_5881.qs;51;35;13067.0;13067.0;0.160355;5.423705;13067.0
5036;MSTS;QPLIB_5881.qs;51;36;13067.0;13067.0;0.138388;5.562093;13067.0
5037;MSTS;QPLIB_5881.qs;51;37;13067.0;13067.0;0.122271;5.684364;13067.0
5038;MSTS;QPLIB_5881.qs;51;38;13067.0;13067.0;0.138076;5.82244;13067.0
5039;MSTS;QPLIB_5881.qs;51;39;13067.0;13067.0;0.19376;6.0162;13067.0
5040;MSTS;QPLIB_5881.qs;51;40;13067.0;13067.0;0.130084;6.146284;13067.0
5041;MSTS;QPLIB_5881.qs;51;41;13067.0;13067.0;0.155212;6.301496;13067.0
5042;MSTS;QPLIB_5881.qs;51;42;13067.0;13067.0;0.180731;6.482227;13067.0
5043;MSTS;QPLIB_5881.qs;51;43;13067.0;13067.0;0.142851;6.625078;13067.0
5044;MSTS;QPLIB_5881.qs;51;44;13051.0;13067.0;0.120398;6.745476;13067.0
5045;MSTS;QPLIB_5881.qs;51;45;13067.0;13067.0;0.136801;6.882277;13067.0
5046;MSTS;QPLIB_5881.qs;51;46;13067.0;13067.0;0.180659;7.062936;13067.0
5047;MSTS;QPLIB_5881.qs;51;47;13067.0;13067.0;0.138444;7.20138;13067.0
5048;MSTS;QPLIB_5881.qs;51;48;13067.0;13067.0;0.20595;7.40733;13067.0
5049;MSTS;QPLIB_5881.qs;51;49;13067.0;13067.0;0.130167;7.537497;13067.0
5050;MSTS;QPLIB_5881.qs;51;50;13067.0;13067.0;0.141864;7.679361;13067.0
5051;MSTS;QPLIB_5881.qs;51;51;13067.0;13067.0;0.1852;7.864561;13067.0
5052;MSTS;QPLIB_5881.qs;51;52;13067.0;13067.0;0.156103;8.020664;13067.0
5053;MSTS;QPLIB_5881.qs;51;53;13067.0;13067.0;0.160492;8.181156;13067.0
5054;MSTS;QPLIB_5881.qs;51;54;13067.0;13067.0;0.121295;8.302451;13067.0
5055;MSTS;QPLIB_5881.qs;51;55;13067.0;13067.0;0.126934;8.429385;13067.0
5056;MSTS;QPLIB_5881.qs;51;56;13067.0;13067.0;0.14736;8.576745;13067.0
5057;MSTS;QPLIB_5881.qs;51;57;13067.0;13067.0;0.145479;8.722224;13067.0
5058;MSTS;QPLIB_5881.qs;51;58;13067.0;13067.0;0.169772;8.891996;13067.0
5059;MSTS;QPLIB_5881.qs;51;59;13067.0;13067.0;0.184257;9.076253;13067.0
5060;MSTS;QPLIB_5881.qs;51;60;13060.0;13067.0;0.177071;9.253324;13067.0
5061;MSTS;QPLIB_5881.qs;51;61;13067.0;13067.0;0.120332;9.373656;13067.0
5062;MSTS;QPLIB_5881.qs;51;62;13051.0;13067.0;0.120062;9.493718;13067.0
5063;MSTS;QPLIB_5881.qs;51;63;13067.0;13067.0;0.121163;9.614881;13067.0
5064;MSTS;QPLIB_5881.qs;51;64;13067.0;13067.0;0.128626;9.743507;13067.0
5065;MSTS;QPLIB_5881.qs;51;65;13067.0;13067.0;0.13895;9.882457;13067.0
5066;MSTS;QPLIB_5881.qs;51;66;13067.0;13067.0;0.214711;10.097168;13067.0
5067;MSTS;QPLIB_5881.qs;51;67;13067.0;13067.0;0.137826;10.234994;13067.0
5068;MSTS;QPLIB_5881.qs;51;68;13067.0;13067.0;0.154177;10.389171;13067.0
5069;MSTS;QPLIB_5881.qs;51;69;13067.0;13067.0;0.129996;10.519167;13067.0
5070;MSTS;QPLIB_5881.qs;51;70;13067.0;13067.0;0.129597;10.648764;13067.0
5071;MSTS;QPLIB_5881.qs;51;71;13067.0;13067.0;0.137004;10.785768000000001;13067.0
5072;MSTS;QPLIB_5881.qs;51;72;13067.0;13067.0;0.209051;10.994819;13067.0
5073;MSTS;QPLIB_5881.qs;51;73;13067.0;13067.0;0.141511;11.13633;13067.0
5074;MSTS;QPLIB_5881.qs;51;74;13067.0;13067.0;0.16398;11.30031;13067.0
5075;MSTS;QPLIB_5881.qs;51;75;13067.0;13067.0;0.197855;11.498165;13067.0
5076;MSTS;QPLIB_5881.qs;51;76;13067.0;13067.0;0.143067;11.641232;13067.0
5077;MSTS;QPLIB_5881.qs;51;77;13067.0;13067.0;0.21235;11.853582;13067.0
5078;MSTS;QPLIB_5881.qs;51;78;13067.0;13067.0;0.192118;12.0457;13067.0
5079;MSTS;QPLIB_5881.qs;51;79;13067.0;13067.0;0.148153;12.193853;13067.0
5080;MSTS;QPLIB_5881.qs;51;80;13067.0;13067.0;0.121172;12.315025;13067.0
5081;MSTS;QPLIB_5881.qs;51;81;13067.0;13067.0;0.148431;12.463456;13067.0
5082;MSTS;QPLIB_5881.qs;51;82;13067.0;13067.0;0.133441;12.596897;13067.0
5083;MSTS;QPLIB_5881.qs;51;83;13067.0;13067.0;0.125892;12.722789;13067.0
5084;MSTS;QPLIB_5881.qs;51;84;13067.0;13067.0;0.15635;12.879139;13067.0
5085;MSTS;QPLIB_5881.qs;51;85;13067.0;13067.0;0.139654;13.018793;13067.0
5086;MSTS;QPLIB_5881.qs;51;86;13067.0;13067.0;0.16056;13.179353;13067.0
5087;MSTS;QPLIB_5881.qs;51;87;13067.0;13067.0;0.145741;13.325094;13067.0
5088;MSTS;QPLIB_5881.qs;51;88;13067.0;13067.0;0.125357;13.450451;13067.0
5089;MSTS;QPLIB_5881.qs;51;89;13067.0;13067.0;0.139425;13.589876;13067.0
5090;MSTS;QPLIB_5881.qs;51;90;13067.0;13067.0;0.137674;13.72755;13067.0
5091;MSTS;QPLIB_5881.qs;51;91;13067.0;13067.0;0.133358;13.860908;13067.0
5092;MSTS;QPLIB_5881.qs;51;92;13067.0;13067.0;0.207703;14.068611;13067.0
5093;MSTS;QPLIB_5881.qs;51;93;13067.0;13067.0;0.152784;14.221395;13067.0
5094;MSTS;QPLIB_5881.qs;51;94;13067.0;13067.0;0.122425;14.343820000000001;13067.0
5095;MSTS;QPLIB_5881.qs;51;95;13067.0;13067.0;0.145379;14.489199;13067.0
5096;MSTS;QPLIB_5881.qs;51;96;13067.0;13067.0;0.145244;14.634443;13067.0
5097;MSTS;QPLIB_5881.qs;51;97;13067.0;13067.0;0.164541;14.798984;13067.0
5098;MSTS;QPLIB_5881.qs;51;98;13067.0;13067.0;0.130282;14.929266;13067.0
5099;MSTS;QPLIB_5881.qs;51;99;13067.0;13067.0;0.237181;15.166447;13067.0
5100;MSTS;QPLIB_5881.qs;51;100;13060.0;13067.0;0.123563;15.29001;13067.0
5101;MSTS;QPLIB_5881.qs;52;1;13051.0;13067.0;0.253301;0.253301;13067.0
5102;MSTS;QPLIB_5881.qs;52;2;13067.0;13067.0;0.136256;0.389557;13067.0
5103;MSTS;QPLIB_5881.qs;52;3;13067.0;13067.0;0.15025;0.5398069999999999;13067.0
5104;MSTS;QPLIB_5881.qs;52;4;13067.0;13067.0;0.169055;0.708862;13067.0
5105;MSTS;QPLIB_5881.qs;52;5;13067.0;13067.0;0.186512;0.895374;13067.0
5106;MSTS;QPLIB_5881.qs;52;6;13067.0;13067.0;0.1472;1.0425740000000001;13067.0
5107;MSTS;QPLIB_5881.qs;52;7;13067.0;13067.0;0.12225;1.164824;13067.0
5108;MSTS;QPLIB_5881.qs;52;8;13067.0;13067.0;0.15011;1.314934;13067.0
5109;MSTS;QPLIB_5881.qs;52;9;13067.0;13067.0;0.156082;1.471016;13067.0
5110;MSTS;QPLIB_5881.qs;52;10;13067.0;13067.0;0.139811;1.610827;13067.0
5111;MSTS;QPLIB_5881.qs;52;11;13067.0;13067.0;0.166229;1.777056;13067.0
5112;MSTS;QPLIB_5881.qs;52;12;13051.0;13067.0;0.122483;1.8995389999999999;13067.0
5113;MSTS;QPLIB_5881.qs;52;13;13067.0;13067.0;0.125906;2.025445;13067.0
5114;MSTS;QPLIB_5881.qs;52;14;13067.0;13067.0;0.143159;2.1686039999999998;13067.0
5115;MSTS;QPLIB_5881.qs;52;15;13067.0;13067.0;0.162602;2.331206;13067.0
5116;MSTS;QPLIB_5881.qs;52;16;13067.0;13067.0;0.148155;2.479361;13067.0
5117;MSTS;QPLIB_5881.qs;52;17;13067.0;13067.0;0.122316;2.601677;13067.0
5118;MSTS;QPLIB_5881.qs;52;18;13060.0;13067.0;0.181969;2.783646;13067.0
5119;MSTS;QPLIB_5881.qs;52;19;13067.0;13067.0;0.118848;2.902494;13067.0
5120;MSTS;QPLIB_5881.qs;52;20;13067.0;13067.0;0.131661;3.034155;13067.0
5121;MSTS;QPLIB_5881.qs;52;21;13051.0;13067.0;0.120407;3.154562;13067.0
5122;MSTS;QPLIB_5881.qs;52;22;13067.0;13067.0;0.121159;3.275721;13067.0
5123;MSTS;QPLIB_5881.qs;52;23;13067.0;13067.0;0.133734;3.409455;13067.0
5124;MSTS;QPLIB_5881.qs;52;24;13067.0;13067.0;0.124642;3.534097;13067.0
5125;MSTS;QPLIB_5881.qs;52;25;13067.0;13067.0;0.122407;3.656504;13067.0
5126;MSTS;QPLIB_5881.qs;52;26;13067.0;13067.0;0.130208;3.786712;13067.0
5127;MSTS;QPLIB_5881.qs;52;27;13067.0;13067.0;0.198223;3.984935;13067.0
5128;MSTS;QPLIB_5881.qs;52;28;13067.0;13067.0;0.181475;4.16641;13067.0
5129;MSTS;QPLIB_5881.qs;52;29;13067.0;13067.0;0.180831;4.347241;13067.0
5130;MSTS;QPLIB_5881.qs;52;30;13060.0;13067.0;0.13145;4.4786909999999995;13067.0
5131;MSTS;QPLIB_5881.qs;52;31;13067.0;13067.0;0.120353;4.599044;13067.0
5132;MSTS;QPLIB_5881.qs;52;32;13067.0;13067.0;0.151152;4.750196;13067.0
5133;MSTS;QPLIB_5881.qs;52;33;13067.0;13067.0;0.13176;4.881956;13067.0
5134;MSTS;QPLIB_5881.qs;52;34;13067.0;13067.0;0.208615;5.090571;13067.0
5135;MSTS;QPLIB_5881.qs;52;35;13067.0;13067.0;0.137749;5.22832;13067.0
5136;MSTS;QPLIB_5881.qs;52;36;13067.0;13067.0;0.150316;5.378636;13067.0
5137;MSTS;QPLIB_5881.qs;52;37;13067.0;13067.0;0.131215;5.509851;13067.0
5138;MSTS;QPLIB_5881.qs;52;38;13067.0;13067.0;0.141417;5.651268;13067.0
5139;MSTS;QPLIB_5881.qs;52;39;13067.0;13067.0;0.133808;5.785076;13067.0
5140;MSTS;QPLIB_5881.qs;52;40;13067.0;13067.0;0.13651;5.921586;13067.0
5141;MSTS;QPLIB_5881.qs;52;41;13067.0;13067.0;0.132011;6.053597;13067.0
5142;MSTS;QPLIB_5881.qs;52;42;13067.0;13067.0;0.139968;6.1935649999999995;13067.0
5143;MSTS;QPLIB_5881.qs;52;43;13067.0;13067.0;0.143816;6.337381;13067.0
5144;MSTS;QPLIB_5881.qs;52;44;13060.0;13067.0;0.179334;6.516715;13067.0
5145;MSTS;QPLIB_5881.qs;52;45;13067.0;13067.0;0.120723;6.6374379999999995;13067.0
5146;MSTS;QPLIB_5881.qs;52;46;13067.0;13067.0;0.193073;6.8305109999999996;13067.0
5147;MSTS;QPLIB_5881.qs;52;47;13051.0;13067.0;0.120426;6.950937;13067.0
5148;MSTS;QPLIB_5881.qs;52;48;13067.0;13067.0;0.122546;7.0734829999999995;13067.0
5149;MSTS;QPLIB_5881.qs;52;49;13067.0;13067.0;0.144756;7.218239;13067.0
5150;MSTS;QPLIB_5881.qs;52;50;13067.0;13067.0;0.140703;7.358942;13067.0
5151;MSTS;QPLIB_5881.qs;52;51;13067.0;13067.0;0.129222;7.488164;13067.0
5152;MSTS;QPLIB_5881.qs;52;52;13067.0;13067.0;0.13597;7.624134;13067.0
5153;MSTS;QPLIB_5881.qs;52;53;13067.0;13067.0;0.167465;7.791599;13067.0
5154;MSTS;QPLIB_5881.qs;52;54;13067.0;13067.0;0.159944;7.951543;13067.0
5155;MSTS;QPLIB_5881.qs;52;55;13067.0;13067.0;0.177511;8.129054;13067.0
5156;MSTS;QPLIB_5881.qs;52;56;13067.0;13067.0;0.137927;8.266981;13067.0
5157;MSTS;QPLIB_5881.qs;52;57;13067.0;13067.0;0.156642;8.423623;13067.0
5158;MSTS;QPLIB_5881.qs;52;58;13067.0;13067.0;0.131187;8.55481;13067.0
5159;MSTS;QPLIB_5881.qs;52;59;13067.0;13067.0;0.20297;8.75778;13067.0
5160;MSTS;QPLIB_5881.qs;52;60;13067.0;13067.0;0.137314;8.895094;13067.0
5161;MSTS;QPLIB_5881.qs;52;61;13067.0;13067.0;0.125514;9.020608;13067.0
5162;MSTS;QPLIB_5881.qs;52;62;13067.0;13067.0;0.136683;9.157291;13067.0
5163;MSTS;QPLIB_5881.qs;52;63;13067.0;13067.0;0.199312;9.356603;13067.0
5164;MSTS;QPLIB_5881.qs;52;64;13067.0;13067.0;0.177633;9.534236;13067.0
5165;MSTS;QPLIB_5881.qs;52;65;13051.0;13067.0;0.120433;9.654669;13067.0
5166;MSTS;QPLIB_5881.qs;52;66;13067.0;13067.0;0.127269;9.781938;13067.0
5167;MSTS;QPLIB_5881.qs;52;67;13067.0;13067.0;0.126331;9.908269;13067.0
5168;MSTS;QPLIB_5881.qs;52;68;13067.0;13067.0;0.136917;10.045186;13067.0
5169;MSTS;QPLIB_5881.qs;52;69;13067.0;13067.0;0.153774;10.19896;13067.0
5170;MSTS;QPLIB_5881.qs;52;70;13067.0;13067.0;0.125419;10.324379;13067.0
5171;MSTS;QPLIB_5881.qs;52;71;13067.0;13067.0;0.121593;10.445972;13067.0
5172;MSTS;QPLIB_5881.qs;52;72;13067.0;13067.0;0.211632;10.657604;13067.0
5173;MSTS;QPLIB_5881.qs;52;73;13067.0;13067.0;0.138813;10.796417;13067.0
5174;MSTS;QPLIB_5881.qs;52;74;13067.0;13067.0;0.172236;10.968653;13067.0
5175;MSTS;QPLIB_5881.qs;52;75;13067.0;13067.0;0.122384;11.091037;13067.0
5176;MSTS;QPLIB_5881.qs;52;76;13067.0;13067.0;0.21605;11.307087;13067.0
5177;MSTS;QPLIB_5881.qs;52;77;13067.0;13067.0;0.130813;11.437899999999999;13067.0
5178;MSTS;QPLIB_5881.qs;52;78;13067.0;13067.0;0.145133;11.583033;13067.0
5179;MSTS;QPLIB_5881.qs;52;79;13067.0;13067.0;0.176067;11.7591;13067.0
5180;MSTS;QPLIB_5881.qs;52;80;13067.0;13067.0;0.229679;11.988779;13067.0
5181;MSTS;QPLIB_5881.qs;52;81;13067.0;13067.0;0.133603;12.122382;13067.0
5182;MSTS;QPLIB_5881.qs;52;82;13067.0;13067.0;0.132316;12.254698;13067.0
5183;MSTS;QPLIB_5881.qs;52;83;13067.0;13067.0;0.179344;12.434042;13067.0
5184;MSTS;QPLIB_5881.qs;52;84;13067.0;13067.0;0.142876;12.576918;13067.0
5185;MSTS;QPLIB_5881.qs;52;85;13067.0;13067.0;0.143728;12.720646;13067.0
5186;MSTS;QPLIB_5881.qs;52;86;13067.0;13067.0;0.143788;12.864434;13067.0
5187;MSTS;QPLIB_5881.qs;52;87;13067.0;13067.0;0.195896;13.06033;13067.0
5188;MSTS;QPLIB_5881.qs;52;88;13067.0;13067.0;0.172749;13.233079;13067.0
5189;MSTS;QPLIB_5881.qs;52;89;13067.0;13067.0;0.122905;13.355984;13067.0
5190;MSTS;QPLIB_5881.qs;52;90;13067.0;13067.0;0.153536;13.50952;13067.0
5191;MSTS;QPLIB_5881.qs;52;91;13067.0;13067.0;0.126954;13.636474;13067.0
5192;MSTS;QPLIB_5881.qs;52;92;13067.0;13067.0;0.124215;13.760689;13067.0
5193;MSTS;QPLIB_5881.qs;52;93;13067.0;13067.0;0.193841;13.95453;13067.0
5194;MSTS;QPLIB_5881.qs;52;94;13067.0;13067.0;0.211557;14.166087;13067.0
5195;MSTS;QPLIB_5881.qs;52;95;13067.0;13067.0;0.192618;14.358705;13067.0
5196;MSTS;QPLIB_5881.qs;52;96;13067.0;13067.0;0.166161;14.524866;13067.0
5197;MSTS;QPLIB_5881.qs;52;97;13067.0;13067.0;0.123131;14.647997;13067.0
5198;MSTS;QPLIB_5881.qs;52;98;13067.0;13067.0;0.125963;14.77396;13067.0
5199;MSTS;QPLIB_5881.qs;52;99;13067.0;13067.0;0.148837;14.922797;13067.0
5200;MSTS;QPLIB_5881.qs;52;100;13067.0;13067.0;0.127927;15.050724;13067.0
5201;MSTS;QPLIB_5881.qs;53;1;13067.0;13067.0;0.23356;0.23356;13067.0
5202;MSTS;QPLIB_5881.qs;53;2;13067.0;13067.0;0.146909;0.380469;13067.0
5203;MSTS;QPLIB_5881.qs;53;3;13067.0;13067.0;0.126782;0.507251;13067.0
5204;MSTS;QPLIB_5881.qs;53;4;13067.0;13067.0;0.151378;0.658629;13067.0
5205;MSTS;QPLIB_5881.qs;53;5;13067.0;13067.0;0.150059;0.8086880000000001;13067.0
5206;MSTS;QPLIB_5881.qs;53;6;13067.0;13067.0;0.138821;0.947509;13067.0
5207;MSTS;QPLIB_5881.qs;53;7;13067.0;13067.0;0.155523;1.103032;13067.0
5208;MSTS;QPLIB_5881.qs;53;8;13067.0;13067.0;0.135278;1.23831;13067.0
5209;MSTS;QPLIB_5881.qs;53;9;13067.0;13067.0;0.134218;1.372528;13067.0
5210;MSTS;QPLIB_5881.qs;53;10;13067.0;13067.0;0.21502;1.587548;13067.0
5211;MSTS;QPLIB_5881.qs;53;11;13067.0;13067.0;0.135961;1.723509;13067.0
5212;MSTS;QPLIB_5881.qs;53;12;13067.0;13067.0;0.155846;1.879355;13067.0
5213;MSTS;QPLIB_5881.qs;53;13;13067.0;13067.0;0.137137;2.016492;13067.0
5214;MSTS;QPLIB_5881.qs;53;14;13067.0;13067.0;0.151558;2.16805;13067.0
5215;MSTS;QPLIB_5881.qs;53;15;13067.0;13067.0;0.163484;2.331534;13067.0
5216;MSTS;QPLIB_5881.qs;53;16;13067.0;13067.0;0.130016;2.46155;13067.0
5217;MSTS;QPLIB_5881.qs;53;17;13067.0;13067.0;0.186333;2.647883;13067.0
5218;MSTS;QPLIB_5881.qs;53;18;13051.0;13067.0;0.120335;2.768218;13067.0
5219;MSTS;QPLIB_5881.qs;53;19;13067.0;13067.0;0.130184;2.898402;13067.0
5220;MSTS;QPLIB_5881.qs;53;20;13067.0;13067.0;0.127813;3.026215;13067.0
5221;MSTS;QPLIB_5881.qs;53;21;13067.0;13067.0;0.152956;3.179171;13067.0
5222;MSTS;QPLIB_5881.qs;53;22;13067.0;13067.0;0.177535;3.356706;13067.0
5223;MSTS;QPLIB_5881.qs;53;23;13067.0;13067.0;0.130387;3.487093;13067.0
5224;MSTS;QPLIB_5881.qs;53;24;13067.0;13067.0;0.124785;3.611878;13067.0
5225;MSTS;QPLIB_5881.qs;53;25;13067.0;13067.0;0.132293;3.744171;13067.0
5226;MSTS;QPLIB_5881.qs;53;26;13067.0;13067.0;0.134962;3.879133;13067.0
5227;MSTS;QPLIB_5881.qs;53;27;13067.0;13067.0;0.121469;4.000602;13067.0
5228;MSTS;QPLIB_5881.qs;53;28;13067.0;13067.0;0.195171;4.195773;13067.0
5229;MSTS;QPLIB_5881.qs;53;29;13067.0;13067.0;0.122733;4.318506;13067.0
5230;MSTS;QPLIB_5881.qs;53;30;13067.0;13067.0;0.127501;4.446007;13067.0
5231;MSTS;QPLIB_5881.qs;53;31;13067.0;13067.0;0.127479;4.573486;13067.0
5232;MSTS;QPLIB_5881.qs;53;32;13067.0;13067.0;0.186699;4.760185;13067.0
5233;MSTS;QPLIB_5881.qs;53;33;13067.0;13067.0;0.144473;4.904658;13067.0
5234;MSTS;QPLIB_5881.qs;53;34;13051.0;13067.0;0.120238;5.024896;13067.0
5235;MSTS;QPLIB_5881.qs;53;35;13067.0;13067.0;0.169497;5.194393;13067.0
5236;MSTS;QPLIB_5881.qs;53;36;13067.0;13067.0;0.149613;5.344006;13067.0
5237;MSTS;QPLIB_5881.qs;53;37;13067.0;13067.0;0.169158;5.513164;13067.0
5238;MSTS;QPLIB_5881.qs;53;38;13067.0;13067.0;0.209924;5.723088;13067.0
5239;MSTS;QPLIB_5881.qs;53;39;13067.0;13067.0;0.137873;5.860961;13067.0
5240;MSTS;QPLIB_5881.qs;53;40;13067.0;13067.0;0.131772;5.992733;13067.0
5241;MSTS;QPLIB_5881.qs;53;41;13067.0;13067.0;0.151235;6.143968;13067.0
5242;MSTS;QPLIB_5881.qs;53;42;13067.0;13067.0;0.126876;6.270844;13067.0
5243;MSTS;QPLIB_5881.qs;53;43;13067.0;13067.0;0.171501;6.442345;13067.0
5244;MSTS;QPLIB_5881.qs;53;44;13067.0;13067.0;0.144772;6.587117;13067.0
5245;MSTS;QPLIB_5881.qs;53;45;13067.0;13067.0;0.137193;6.72431;13067.0
5246;MSTS;QPLIB_5881.qs;53;46;13067.0;13067.0;0.169167;6.893477;13067.0
5247;MSTS;QPLIB_5881.qs;53;47;13067.0;13067.0;0.123414;7.016891;13067.0
5248;MSTS;QPLIB_5881.qs;53;48;13067.0;13067.0;0.168646;7.185537;13067.0
5249;MSTS;QPLIB_5881.qs;53;49;13067.0;13067.0;0.128548;7.314085;13067.0
5250;MSTS;QPLIB_5881.qs;53;50;13067.0;13067.0;0.144701;7.458786;13067.0
5251;MSTS;QPLIB_5881.qs;53;51;13067.0;13067.0;0.135556;7.594342;13067.0
5252;MSTS;QPLIB_5881.qs;53;52;13067.0;13067.0;0.144619;7.738961;13067.0
5253;MSTS;QPLIB_5881.qs;53;53;13067.0;13067.0;0.135768;7.874729;13067.0
5254;MSTS;QPLIB_5881.qs;53;54;13067.0;13067.0;0.19016;8.064889;13067.0
5255;MSTS;QPLIB_5881.qs;53;55;13067.0;13067.0;0.147176;8.212065;13067.0
5256;MSTS;QPLIB_5881.qs;53;56;13067.0;13067.0;0.159973;8.372038;13067.0
5257;MSTS;QPLIB_5881.qs;53;57;13067.0;13067.0;0.124563;8.496601;13067.0
5258;MSTS;QPLIB_5881.qs;53;58;13067.0;13067.0;0.128431;8.625032000000001;13067.0
5259;MSTS;QPLIB_5881.qs;53;59;13067.0;13067.0;0.125526;8.750558;13067.0
5260;MSTS;QPLIB_5881.qs;53;60;13067.0;13067.0;0.140479;8.891037;13067.0
5261;MSTS;QPLIB_5881.qs;53;61;13067.0;13067.0;0.207535;9.098572;13067.0
5262;MSTS;QPLIB_5881.qs;53;62;13067.0;13067.0;0.149825;9.248397;13067.0
5263;MSTS;QPLIB_5881.qs;53;63;13067.0;13067.0;0.158593;9.40699;13067.0
5264;MSTS;QPLIB_5881.qs;53;64;13067.0;13067.0;0.134079;9.541069;13067.0
5265;MSTS;QPLIB_5881.qs;53;65;13067.0;13067.0;0.133499;9.674568;13067.0
5266;MSTS;QPLIB_5881.qs;53;66;13067.0;13067.0;0.202421;9.876989;13067.0
5267;MSTS;QPLIB_5881.qs;53;67;13067.0;13067.0;0.140944;10.017933;13067.0
5268;MSTS;QPLIB_5881.qs;53;68;13067.0;13067.0;0.126329;10.144262;13067.0
5269;MSTS;QPLIB_5881.qs;53;69;13060.0;13067.0;0.201996;10.346258;13067.0
5270;MSTS;QPLIB_5881.qs;53;70;13067.0;13067.0;0.120329;10.466587;13067.0
5271;MSTS;QPLIB_5881.qs;53;71;13051.0;13067.0;0.120109;10.586696;13067.0
5272;MSTS;QPLIB_5881.qs;53;72;13067.0;13067.0;0.123732;10.710428;13067.0
5273;MSTS;QPLIB_5881.qs;53;73;13067.0;13067.0;0.13082;10.841248;13067.0
5274;MSTS;QPLIB_5881.qs;53;74;13067.0;13067.0;0.137074;10.978322;13067.0
5275;MSTS;QPLIB_5881.qs;53;75;13067.0;13067.0;0.121355;11.099677;13067.0
5276;MSTS;QPLIB_5881.qs;53;76;13067.0;13067.0;0.194255;11.293932;13067.0
5277;MSTS;QPLIB_5881.qs;53;77;13067.0;13067.0;0.150762;11.444694;13067.0
5278;MSTS;QPLIB_5881.qs;53;78;13067.0;13067.0;0.145966;11.59066;13067.0
5279;MSTS;QPLIB_5881.qs;53;79;13067.0;13067.0;0.147804;11.738464;13067.0
5280;MSTS;QPLIB_5881.qs;53;80;13067.0;13067.0;0.156532;11.894996;13067.0
5281;MSTS;QPLIB_5881.qs;53;81;13051.0;13067.0;0.120237;12.015233;13067.0
5282;MSTS;QPLIB_5881.qs;53;82;13067.0;13067.0;0.121886;12.137119;13067.0
5283;MSTS;QPLIB_5881.qs;53;83;13067.0;13067.0;0.123208;12.260327;13067.0
5284;MSTS;QPLIB_5881.qs;53;84;13067.0;13067.0;0.207817;12.468144;13067.0
5285;MSTS;QPLIB_5881.qs;53;85;13067.0;13067.0;0.121336;12.58948;13067.0
5286;MSTS;QPLIB_5881.qs;53;86;13067.0;13067.0;0.204609;12.794089;13067.0
5287;MSTS;QPLIB_5881.qs;53;87;13067.0;13067.0;0.127081;12.92117;13067.0
5288;MSTS;QPLIB_5881.qs;53;88;13067.0;13067.0;0.132358;13.053528;13067.0
5289;MSTS;QPLIB_5881.qs;53;89;13067.0;13067.0;0.133172;13.1867;13067.0
5290;MSTS;QPLIB_5881.qs;53;90;13067.0;13067.0;0.130291;13.316991;13067.0
5291;MSTS;QPLIB_5881.qs;53;91;13067.0;13067.0;0.127304;13.444295;13067.0
5292;MSTS;QPLIB_5881.qs;53;92;13067.0;13067.0;0.190855;13.63515;13067.0
5293;MSTS;QPLIB_5881.qs;53;93;13067.0;13067.0;0.127569;13.762719;13067.0
5294;MSTS;QPLIB_5881.qs;53;94;13067.0;13067.0;0.1519;13.914619;13067.0
5295;MSTS;QPLIB_5881.qs;53;95;13067.0;13067.0;0.158261;14.07288;13067.0
5296;MSTS;QPLIB_5881.qs;53;96;13067.0;13067.0;0.1407;14.21358;13067.0
5297;MSTS;QPLIB_5881.qs;53;97;13067.0;13067.0;0.174876;14.388456;13067.0
5298;MSTS;QPLIB_5881.qs;53;98;13067.0;13067.0;0.137475;14.525931;13067.0
5299;MSTS;QPLIB_5881.qs;53;99;13067.0;13067.0;0.201127;14.727058;13067.0
5300;MSTS;QPLIB_5881.qs;53;100;13067.0;13067.0;0.130129;14.857187;13067.0
5301;MSTS;QPLIB_5881.qs;54;1;13067.0;13067.0;0.23644;0.23644;13067.0
5302;MSTS;QPLIB_5881.qs;54;2;13067.0;13067.0;0.217558;0.453998;13067.0
5303;MSTS;QPLIB_5881.qs;54;3;13067.0;13067.0;0.161692;0.6156900000000001;13067.0
5304;MSTS;QPLIB_5881.qs;54;4;13067.0;13067.0;0.147732;0.763422;13067.0
5305;MSTS;QPLIB_5881.qs;54;5;13067.0;13067.0;0.155571;0.918993;13067.0
5306;MSTS;QPLIB_5881.qs;54;6;13067.0;13067.0;0.153007;1.072;13067.0
5307;MSTS;QPLIB_5881.qs;54;7;13067.0;13067.0;0.166916;1.2389160000000001;13067.0
5308;MSTS;QPLIB_5881.qs;54;8;13051.0;13067.0;0.120986;1.359902;13067.0
5309;MSTS;QPLIB_5881.qs;54;9;13067.0;13067.0;0.140645;1.500547;13067.0
5310;MSTS;QPLIB_5881.qs;54;10;13067.0;13067.0;0.126363;1.62691;13067.0
5311;MSTS;QPLIB_5881.qs;54;11;13067.0;13067.0;0.168704;1.795614;13067.0
5312;MSTS;QPLIB_5881.qs;54;12;13067.0;13067.0;0.123153;1.9187670000000001;13067.0
5313;MSTS;QPLIB_5881.qs;54;13;13067.0;13067.0;0.149411;2.068178;13067.0
5314;MSTS;QPLIB_5881.qs;54;14;13067.0;13067.0;0.141235;2.209413;13067.0
5315;MSTS;QPLIB_5881.qs;54;15;13067.0;13067.0;0.148048;2.357461;13067.0
5316;MSTS;QPLIB_5881.qs;54;16;13067.0;13067.0;0.177205;2.534666;13067.0
5317;MSTS;QPLIB_5881.qs;54;17;13067.0;13067.0;0.125337;2.660003;13067.0
5318;MSTS;QPLIB_5881.qs;54;18;13067.0;13067.0;0.144268;2.804271;13067.0
5319;MSTS;QPLIB_5881.qs;54;19;13067.0;13067.0;0.163007;2.967278;13067.0
5320;MSTS;QPLIB_5881.qs;54;20;13067.0;13067.0;0.151145;3.118423;13067.0
5321;MSTS;QPLIB_5881.qs;54;21;13067.0;13067.0;0.183094;3.301517;13067.0
5322;MSTS;QPLIB_5881.qs;54;22;13067.0;13067.0;0.136409;3.437926;13067.0
5323;MSTS;QPLIB_5881.qs;54;23;13051.0;13067.0;0.120992;3.5589180000000002;13067.0
5324;MSTS;QPLIB_5881.qs;54;24;13060.0;13067.0;0.123284;3.682202;13067.0
5325;MSTS;QPLIB_5881.qs;54;25;13067.0;13067.0;0.121323;3.803525;13067.0
5326;MSTS;QPLIB_5881.qs;54;26;13067.0;13067.0;0.204718;4.008243;13067.0
5327;MSTS;QPLIB_5881.qs;54;27;13067.0;13067.0;0.133752;4.141995;13067.0
5328;MSTS;QPLIB_5881.qs;54;28;13051.0;13067.0;0.120921;4.262916;13067.0
5329;MSTS;QPLIB_5881.qs;54;29;13067.0;13067.0;0.166366;4.429282;13067.0
5330;MSTS;QPLIB_5881.qs;54;30;13067.0;13067.0;0.17221;4.601492;13067.0
5331;MSTS;QPLIB_5881.qs;54;31;13067.0;13067.0;0.182504;4.783996;13067.0
5332;MSTS;QPLIB_5881.qs;54;32;13067.0;13067.0;0.123304;4.9073;13067.0
5333;MSTS;QPLIB_5881.qs;54;33;13051.0;13067.0;0.120903;5.028203;13067.0
5334;MSTS;QPLIB_5881.qs;54;34;13067.0;13067.0;0.122781;5.150984;13067.0
5335;MSTS;QPLIB_5881.qs;54;35;13067.0;13067.0;0.152325;5.3033090000000005;13067.0
5336;MSTS;QPLIB_5881.qs;54;36;13051.0;13067.0;0.120906;5.424215;13067.0
5337;MSTS;QPLIB_5881.qs;54;37;13067.0;13067.0;0.121805;5.54602;13067.0
5338;MSTS;QPLIB_5881.qs;54;38;13067.0;13067.0;0.145932;5.691952000000001;13067.0
5339;MSTS;QPLIB_5881.qs;54;39;13067.0;13067.0;0.133932;5.825884;13067.0
5340;MSTS;QPLIB_5881.qs;54;40;13051.0;13067.0;0.121066;5.94695;13067.0
5341;MSTS;QPLIB_5881.qs;54;41;13067.0;13067.0;0.127044;6.073994;13067.0
5342;MSTS;QPLIB_5881.qs;54;42;13067.0;13067.0;0.138913;6.212907;13067.0
5343;MSTS;QPLIB_5881.qs;54;43;13067.0;13067.0;0.142605;6.355512;13067.0
5344;MSTS;QPLIB_5881.qs;54;44;13067.0;13067.0;0.124621;6.480133;13067.0
5345;MSTS;QPLIB_5881.qs;54;45;13067.0;13067.0;0.124084;6.604217;13067.0
5346;MSTS;QPLIB_5881.qs;54;46;13067.0;13067.0;0.13307;6.737287;13067.0
5347;MSTS;QPLIB_5881.qs;54;47;13067.0;13067.0;0.136183;6.87347;13067.0
5348;MSTS;QPLIB_5881.qs;54;48;13067.0;13067.0;0.130781;7.004251;13067.0
5349;MSTS;QPLIB_5881.qs;54;49;13051.0;13067.0;0.120833;7.125084;13067.0
5350;MSTS;QPLIB_5881.qs;54;50;13067.0;13067.0;0.138676;7.26376;13067.0
5351;MSTS;QPLIB_5881.qs;54;51;13067.0;13067.0;0.212509;7.476269;13067.0
5352;MSTS;QPLIB_5881.qs;54;52;13067.0;13067.0;0.137952;7.614221000000001;13067.0
5353;MSTS;QPLIB_5881.qs;54;53;13067.0;13067.0;0.161862;7.776083;13067.0
5354;MSTS;QPLIB_5881.qs;54;54;13051.0;13067.0;0.120832;7.896915;13067.0
5355;MSTS;QPLIB_5881.qs;54;55;13067.0;13067.0;0.146299;8.043214;13067.0
5356;MSTS;QPLIB_5881.qs;54;56;13067.0;13067.0;0.178745;8.221959;13067.0
5357;MSTS;QPLIB_5881.qs;54;57;13067.0;13067.0;0.122358;8.344317;13067.0
5358;MSTS;QPLIB_5881.qs;54;58;13067.0;13067.0;0.122044;8.466361000000001;13067.0
5359;MSTS;QPLIB_5881.qs;54;59;13067.0;13067.0;0.146127;8.612488;13067.0
5360;MSTS;QPLIB_5881.qs;54;60;13067.0;13067.0;0.126883;8.739371;13067.0
5361;MSTS;QPLIB_5881.qs;54;61;13067.0;13067.0;0.176925;8.916296;13067.0
5362;MSTS;QPLIB_5881.qs;54;62;13067.0;13067.0;0.130149;9.046445;13067.0
5363;MSTS;QPLIB_5881.qs;54;63;13067.0;13067.0;0.14677;9.193215;13067.0
5364;MSTS;QPLIB_5881.qs;54;64;13067.0;13067.0;0.184743;9.377958;13067.0
5365;MSTS;QPLIB_5881.qs;54;65;13067.0;13067.0;0.125618;9.503576;13067.0
5366;MSTS;QPLIB_5881.qs;54;66;13067.0;13067.0;0.144981;9.648557;13067.0
5367;MSTS;QPLIB_5881.qs;54;67;13067.0;13067.0;0.127565;9.776122;13067.0
5368;MSTS;QPLIB_5881.qs;54;68;13067.0;13067.0;0.132175;9.908297000000001;13067.0
5369;MSTS;QPLIB_5881.qs;54;69;13067.0;13067.0;0.128706;10.037003;13067.0
5370;MSTS;QPLIB_5881.qs;54;70;13067.0;13067.0;0.122015;10.159018;13067.0
5371;MSTS;QPLIB_5881.qs;54;71;13060.0;13067.0;0.123143;10.282161;13067.0
5372;MSTS;QPLIB_5881.qs;54;72;13067.0;13067.0;0.12101;10.403171;13067.0
5373;MSTS;QPLIB_5881.qs;54;73;13067.0;13067.0;0.128987;10.532158;13067.0
5374;MSTS;QPLIB_5881.qs;54;74;13067.0;13067.0;0.135094;10.667252;13067.0
5375;MSTS;QPLIB_5881.qs;54;75;13067.0;13067.0;0.197133;10.864385;13067.0
5376;MSTS;QPLIB_5881.qs;54;76;13067.0;13067.0;0.124683;10.989068;13067.0
5377;MSTS;QPLIB_5881.qs;54;77;13067.0;13067.0;0.199605;11.188673;13067.0
5378;MSTS;QPLIB_5881.qs;54;78;13067.0;13067.0;0.136666;11.325339;13067.0
5379;MSTS;QPLIB_5881.qs;54;79;13067.0;13067.0;0.125121;11.45046;13067.0
5380;MSTS;QPLIB_5881.qs;54;80;13067.0;13067.0;0.129785;11.580245;13067.0
5381;MSTS;QPLIB_5881.qs;54;81;13067.0;13067.0;0.165075;11.74532;13067.0
5382;MSTS;QPLIB_5881.qs;54;82;13051.0;13067.0;0.120927;11.866247;13067.0
5383;MSTS;QPLIB_5881.qs;54;83;13067.0;13067.0;0.141404;12.007651000000001;13067.0
5384;MSTS;QPLIB_5881.qs;54;84;13051.0;13067.0;0.120903;12.128554;13067.0
5385;MSTS;QPLIB_5881.qs;54;85;13067.0;13067.0;0.131485;12.260039;13067.0
5386;MSTS;QPLIB_5881.qs;54;86;13067.0;13067.0;0.197068;12.457107;13067.0
5387;MSTS;QPLIB_5881.qs;54;87;13067.0;13067.0;0.145046;12.602153;13067.0
5388;MSTS;QPLIB_5881.qs;54;88;13067.0;13067.0;0.135075;12.737228;13067.0
5389;MSTS;QPLIB_5881.qs;54;89;13067.0;13067.0;0.147816;12.885044;13067.0
5390;MSTS;QPLIB_5881.qs;54;90;13067.0;13067.0;0.133406;13.01845;13067.0
5391;MSTS;QPLIB_5881.qs;54;91;13067.0;13067.0;0.140618;13.159068;13067.0
5392;MSTS;QPLIB_5881.qs;54;92;13067.0;13067.0;0.163501;13.322569;13067.0
5393;MSTS;QPLIB_5881.qs;54;93;13067.0;13067.0;0.151218;13.473787;13067.0
5394;MSTS;QPLIB_5881.qs;54;94;13067.0;13067.0;0.137517;13.611304;13067.0
5395;MSTS;QPLIB_5881.qs;54;95;13067.0;13067.0;0.158182;13.769486;13067.0
5396;MSTS;QPLIB_5881.qs;54;96;13067.0;13067.0;0.132484;13.90197;13067.0
5397;MSTS;QPLIB_5881.qs;54;97;13067.0;13067.0;0.187514;14.089484;13067.0
5398;MSTS;QPLIB_5881.qs;54;98;13067.0;13067.0;0.127111;14.216595;13067.0
5399;MSTS;QPLIB_5881.qs;54;99;13067.0;13067.0;0.144492;14.361087;13067.0
5400;MSTS;QPLIB_5881.qs;54;100;13067.0;13067.0;0.126674;14.487761;13067.0
5401;MSTS;QPLIB_5881.qs;55;1;13067.0;13067.0;0.263961;0.263961;13067.0
5402;MSTS;QPLIB_5881.qs;55;2;13067.0;13067.0;0.121744;0.385705;13067.0
5403;MSTS;QPLIB_5881.qs;55;3;13067.0;13067.0;0.149328;0.535033;13067.0
5404;MSTS;QPLIB_5881.qs;55;4;13067.0;13067.0;0.160783;0.695816;13067.0
5405;MSTS;QPLIB_5881.qs;55;5;13067.0;13067.0;0.131241;0.8270569999999999;13067.0
5406;MSTS;QPLIB_5881.qs;55;6;13067.0;13067.0;0.172515;0.999572;13067.0
5407;MSTS;QPLIB_5881.qs;55;7;13067.0;13067.0;0.174732;1.174304;13067.0
5408;MSTS;QPLIB_5881.qs;55;8;13067.0;13067.0;0.133561;1.307865;13067.0
5409;MSTS;QPLIB_5881.qs;55;9;13067.0;13067.0;0.133029;1.4408940000000001;13067.0
5410;MSTS;QPLIB_5881.qs;55;10;13067.0;13067.0;0.14036;1.581254;13067.0
5411;MSTS;QPLIB_5881.qs;55;11;13067.0;13067.0;0.127983;1.7092370000000001;13067.0
5412;MSTS;QPLIB_5881.qs;55;12;13051.0;13067.0;0.120336;1.8295730000000001;13067.0
5413;MSTS;QPLIB_5881.qs;55;13;13067.0;13067.0;0.123513;1.953086;13067.0
5414;MSTS;QPLIB_5881.qs;55;14;13067.0;13067.0;0.154648;2.107734;13067.0
5415;MSTS;QPLIB_5881.qs;55;15;13067.0;13067.0;0.171518;2.279252;13067.0
5416;MSTS;QPLIB_5881.qs;55;16;13067.0;13067.0;0.127962;2.407214;13067.0
5417;MSTS;QPLIB_5881.qs;55;17;13051.0;13067.0;0.120282;2.527496;13067.0
5418;MSTS;QPLIB_5881.qs;55;18;13067.0;13067.0;0.174012;2.701508;13067.0
5419;MSTS;QPLIB_5881.qs;55;19;13067.0;13067.0;0.178059;2.879567;13067.0
5420;MSTS;QPLIB_5881.qs;55;20;13067.0;13067.0;0.122477;3.002044;13067.0
5421;MSTS;QPLIB_5881.qs;55;21;13067.0;13067.0;0.124154;3.126198;13067.0
5422;MSTS;QPLIB_5881.qs;55;22;13067.0;13067.0;0.128639;3.254837;13067.0
5423;MSTS;QPLIB_5881.qs;55;23;13067.0;13067.0;0.140337;3.395174;13067.0
5424;MSTS;QPLIB_5881.qs;55;24;13051.0;13067.0;0.1202;3.515374;13067.0
5425;MSTS;QPLIB_5881.qs;55;25;13067.0;13067.0;0.123216;3.63859;13067.0
5426;MSTS;QPLIB_5881.qs;55;26;13067.0;13067.0;0.145736;3.784326;13067.0
5427;MSTS;QPLIB_5881.qs;55;27;13067.0;13067.0;0.123425;3.907751;13067.0
5428;MSTS;QPLIB_5881.qs;55;28;13067.0;13067.0;0.213318;4.121069;13067.0
5429;MSTS;QPLIB_5881.qs;55;29;13067.0;13067.0;0.121504;4.242573;13067.0
5430;MSTS;QPLIB_5881.qs;55;30;13067.0;13067.0;0.143019;4.385592;13067.0
5431;MSTS;QPLIB_5881.qs;55;31;13067.0;13067.0;0.202366;4.587958;13067.0
5432;MSTS;QPLIB_5881.qs;55;32;13067.0;13067.0;0.143617;4.731575;13067.0
5433;MSTS;QPLIB_5881.qs;55;33;13067.0;13067.0;0.122694;4.854269;13067.0
5434;MSTS;QPLIB_5881.qs;55;34;13067.0;13067.0;0.1388;4.993069;13067.0
5435;MSTS;QPLIB_5881.qs;55;35;13067.0;13067.0;0.129803;5.122872;13067.0
5436;MSTS;QPLIB_5881.qs;55;36;13067.0;13067.0;0.164087;5.286959;13067.0
5437;MSTS;QPLIB_5881.qs;55;37;13067.0;13067.0;0.128642;5.415601;13067.0
5438;MSTS;QPLIB_5881.qs;55;38;13067.0;13067.0;0.188609;5.60421;13067.0
5439;MSTS;QPLIB_5881.qs;55;39;13067.0;13067.0;0.169631;5.773841;13067.0
5440;MSTS;QPLIB_5881.qs;55;40;13067.0;13067.0;0.154037;5.927878;13067.0
5441;MSTS;QPLIB_5881.qs;55;41;13067.0;13067.0;0.130807;6.058685;13067.0
5442;MSTS;QPLIB_5881.qs;55;42;13067.0;13067.0;0.14654;6.205225;13067.0
5443;MSTS;QPLIB_5881.qs;55;43;13067.0;13067.0;0.133078;6.338303;13067.0
5444;MSTS;QPLIB_5881.qs;55;44;13060.0;13067.0;0.135861;6.474164;13067.0
5445;MSTS;QPLIB_5881.qs;55;45;13067.0;13067.0;0.120641;6.594805;13067.0
5446;MSTS;QPLIB_5881.qs;55;46;13067.0;13067.0;0.156942;6.751747;13067.0
5447;MSTS;QPLIB_5881.qs;55;47;13067.0;13067.0;0.153837;6.905584;13067.0
5448;MSTS;QPLIB_5881.qs;55;48;13067.0;13067.0;0.143677;7.049261;13067.0
5449;MSTS;QPLIB_5881.qs;55;49;13067.0;13067.0;0.127895;7.177156;13067.0
5450;MSTS;QPLIB_5881.qs;55;50;13067.0;13067.0;0.140595;7.317751;13067.0
5451;MSTS;QPLIB_5881.qs;55;51;13067.0;13067.0;0.182818;7.5005690000000005;13067.0
5452;MSTS;QPLIB_5881.qs;55;52;13067.0;13067.0;0.127234;7.627803;13067.0
5453;MSTS;QPLIB_5881.qs;55;53;13067.0;13067.0;0.163847;7.79165;13067.0
5454;MSTS;QPLIB_5881.qs;55;54;13060.0;13067.0;0.133123;7.924773;13067.0
5455;MSTS;QPLIB_5881.qs;55;55;13067.0;13067.0;0.120306;8.045079;13067.0
5456;MSTS;QPLIB_5881.qs;55;56;13067.0;13067.0;0.139286;8.184365;13067.0
5457;MSTS;QPLIB_5881.qs;55;57;13067.0;13067.0;0.152283;8.336648;13067.0
5458;MSTS;QPLIB_5881.qs;55;58;13060.0;13067.0;0.147613;8.484261;13067.0
5459;MSTS;QPLIB_5881.qs;55;59;13067.0;13067.0;0.120418;8.604679;13067.0
5460;MSTS;QPLIB_5881.qs;55;60;13067.0;13067.0;0.174019;8.778698;13067.0
5461;MSTS;QPLIB_5881.qs;55;61;13067.0;13067.0;0.125121;8.903819;13067.0
5462;MSTS;QPLIB_5881.qs;55;62;13067.0;13067.0;0.1444;9.048219;13067.0
5463;MSTS;QPLIB_5881.qs;55;63;13067.0;13067.0;0.126943;9.175162;13067.0
5464;MSTS;QPLIB_5881.qs;55;64;13067.0;13067.0;0.199985;9.375147;13067.0
5465;MSTS;QPLIB_5881.qs;55;65;13067.0;13067.0;0.20986;9.585007000000001;13067.0
5466;MSTS;QPLIB_5881.qs;55;66;13067.0;13067.0;0.194505;9.779512;13067.0
5467;MSTS;QPLIB_5881.qs;55;67;13067.0;13067.0;0.161362;9.940874;13067.0
5468;MSTS;QPLIB_5881.qs;55;68;13067.0;13067.0;0.121527;10.062401;13067.0
5469;MSTS;QPLIB_5881.qs;55;69;13067.0;13067.0;0.175237;10.237638;13067.0
5470;MSTS;QPLIB_5881.qs;55;70;13067.0;13067.0;0.184348;10.421986;13067.0
5471;MSTS;QPLIB_5881.qs;55;71;13051.0;13067.0;0.120114;10.5421;13067.0
5472;MSTS;QPLIB_5881.qs;55;72;13067.0;13067.0;0.12087;10.66297;13067.0
5473;MSTS;QPLIB_5881.qs;55;73;13067.0;13067.0;0.187423;10.850393;13067.0
5474;MSTS;QPLIB_5881.qs;55;74;13067.0;13067.0;0.137214;10.987607;13067.0
5475;MSTS;QPLIB_5881.qs;55;75;13067.0;13067.0;0.121522;11.109129;13067.0
5476;MSTS;QPLIB_5881.qs;55;76;13067.0;13067.0;0.186759;11.295888;13067.0
5477;MSTS;QPLIB_5881.qs;55;77;13060.0;13067.0;0.141361;11.437249;13067.0
5478;MSTS;QPLIB_5881.qs;55;78;13067.0;13067.0;0.120379;11.557628;13067.0
5479;MSTS;QPLIB_5881.qs;55;79;13067.0;13067.0;0.14608;11.703708;13067.0
5480;MSTS;QPLIB_5881.qs;55;80;13051.0;13067.0;0.120154;11.823862;13067.0
5481;MSTS;QPLIB_5881.qs;55;81;13067.0;13067.0;0.156645;11.980507;13067.0
5482;MSTS;QPLIB_5881.qs;55;82;13067.0;13067.0;0.171925;12.152432000000001;13067.0
5483;MSTS;QPLIB_5881.qs;55;83;13051.0;13067.0;0.120057;12.272489;13067.0
5484;MSTS;QPLIB_5881.qs;55;84;13067.0;13067.0;0.121499;12.393988;13067.0
5485;MSTS;QPLIB_5881.qs;55;85;13067.0;13067.0;0.165284;12.559272;13067.0
5486;MSTS;QPLIB_5881.qs;55;86;13067.0;13067.0;0.211203;12.770475;13067.0
5487;MSTS;QPLIB_5881.qs;55;87;13067.0;13067.0;0.130754;12.901229;13067.0
5488;MSTS;QPLIB_5881.qs;55;88;13067.0;13067.0;0.209133;13.110362;13067.0
5489;MSTS;QPLIB_5881.qs;55;89;13067.0;13067.0;0.125334;13.235696;13067.0
5490;MSTS;QPLIB_5881.qs;55;90;13067.0;13067.0;0.140238;13.375934;13067.0
5491;MSTS;QPLIB_5881.qs;55;91;13067.0;13067.0;0.18524;13.561174;13067.0
5492;MSTS;QPLIB_5881.qs;55;92;13067.0;13067.0;0.130981;13.692155;13067.0
5493;MSTS;QPLIB_5881.qs;55;93;13067.0;13067.0;0.127856;13.820011000000001;13067.0
5494;MSTS;QPLIB_5881.qs;55;94;13067.0;13067.0;0.174885;13.994896;13067.0
5495;MSTS;QPLIB_5881.qs;55;95;13067.0;13067.0;0.136773;14.131669;13067.0
5496;MSTS;QPLIB_5881.qs;55;96;13051.0;13067.0;0.120122;14.251791;13067.0
5497;MSTS;QPLIB_5881.qs;55;97;13067.0;13067.0;0.12127;14.373061;13067.0
5498;MSTS;QPLIB_5881.qs;55;98;13067.0;13067.0;0.198754;14.571815;13067.0
5499;MSTS;QPLIB_5881.qs;55;99;13067.0;13067.0;0.161266;14.733081;13067.0
5500;MSTS;QPLIB_5881.qs;55;100;13067.0;13067.0;0.200148;14.933229;13067.0
5501;MSTS;QPLIB_5881.qs;56;1;13067.0;13067.0;0.272332;0.272332;13067.0
5502;MSTS;QPLIB_5881.qs;56;2;13067.0;13067.0;0.210975;0.48330700000000004;13067.0
5503;MSTS;QPLIB_5881.qs;56;3;13067.0;13067.0;0.141116;0.624423;13067.0
5504;MSTS;QPLIB_5881.qs;56;4;13067.0;13067.0;0.152769;0.777192;13067.0
5505;MSTS;QPLIB_5881.qs;56;5;13067.0;13067.0;0.122416;0.899608;13067.0
5506;MSTS;QPLIB_5881.qs;56;6;13067.0;13067.0;0.121692;1.0213;13067.0
5507;MSTS;QPLIB_5881.qs;56;7;13067.0;13067.0;0.14322;1.16452;13067.0
5508;MSTS;QPLIB_5881.qs;56;8;13067.0;13067.0;0.140452;1.304972;13067.0
5509;MSTS;QPLIB_5881.qs;56;9;13067.0;13067.0;0.126074;1.431046;13067.0
5510;MSTS;QPLIB_5881.qs;56;10;13067.0;13067.0;0.157729;1.588775;13067.0
5511;MSTS;QPLIB_5881.qs;56;11;13067.0;13067.0;0.121563;1.710338;13067.0
5512;MSTS;QPLIB_5881.qs;56;12;13067.0;13067.0;0.124897;1.835235;13067.0
5513;MSTS;QPLIB_5881.qs;56;13;13067.0;13067.0;0.18042;2.0156549999999998;13067.0
5514;MSTS;QPLIB_5881.qs;56;14;13067.0;13067.0;0.121479;2.137134;13067.0
5515;MSTS;QPLIB_5881.qs;56;15;13051.0;13067.0;0.120379;2.257513;13067.0
5516;MSTS;QPLIB_5881.qs;56;16;13067.0;13067.0;0.12165;2.379163;13067.0
5517;MSTS;QPLIB_5881.qs;56;17;13067.0;13067.0;0.197517;2.57668;13067.0
5518;MSTS;QPLIB_5881.qs;56;18;13067.0;13067.0;0.142622;2.719302;13067.0
5519;MSTS;QPLIB_5881.qs;56;19;13067.0;13067.0;0.153013;2.872315;13067.0
5520;MSTS;QPLIB_5881.qs;56;20;13067.0;13067.0;0.135308;3.007623;13067.0
5521;MSTS;QPLIB_5881.qs;56;21;13067.0;13067.0;0.193041;3.200664;13067.0
5522;MSTS;QPLIB_5881.qs;56;22;13051.0;13067.0;0.120288;3.320952;13067.0
5523;MSTS;QPLIB_5881.qs;56;23;13067.0;13067.0;0.122089;3.443041;13067.0
5524;MSTS;QPLIB_5881.qs;56;24;13067.0;13067.0;0.126514;3.569555;13067.0
5525;MSTS;QPLIB_5881.qs;56;25;13067.0;13067.0;0.148049;3.717604;13067.0
5526;MSTS;QPLIB_5881.qs;56;26;13067.0;13067.0;0.132828;3.850432;13067.0
5527;MSTS;QPLIB_5881.qs;56;27;13067.0;13067.0;0.123497;3.973929;13067.0
5528;MSTS;QPLIB_5881.qs;56;28;13067.0;13067.0;0.172805;4.146734;13067.0
5529;MSTS;QPLIB_5881.qs;56;29;13067.0;13067.0;0.22919;4.375924;13067.0
5530;MSTS;QPLIB_5881.qs;56;30;13067.0;13067.0;0.171066;4.54699;13067.0
5531;MSTS;QPLIB_5881.qs;56;31;13067.0;13067.0;0.121351;4.668341;13067.0
5532;MSTS;QPLIB_5881.qs;56;32;13067.0;13067.0;0.142696;4.811037;13067.0
5533;MSTS;QPLIB_5881.qs;56;33;13067.0;13067.0;0.1675;4.978537;13067.0
5534;MSTS;QPLIB_5881.qs;56;34;13067.0;13067.0;0.128068;5.106605;13067.0
5535;MSTS;QPLIB_5881.qs;56;35;13067.0;13067.0;0.124208;5.230813;13067.0
5536;MSTS;QPLIB_5881.qs;56;36;13067.0;13067.0;0.185206;5.416019;13067.0
5537;MSTS;QPLIB_5881.qs;56;37;13051.0;13067.0;0.120404;5.536423;13067.0
5538;MSTS;QPLIB_5881.qs;56;38;13067.0;13067.0;0.185675;5.722098;13067.0
5539;MSTS;QPLIB_5881.qs;56;39;13067.0;13067.0;0.121757;5.843855;13067.0
5540;MSTS;QPLIB_5881.qs;56;40;13051.0;13067.0;0.1205;5.964355;13067.0
5541;MSTS;QPLIB_5881.qs;56;41;13067.0;13067.0;0.125308;6.089663;13067.0
5542;MSTS;QPLIB_5881.qs;56;42;13067.0;13067.0;0.183172;6.272835;13067.0
5543;MSTS;QPLIB_5881.qs;56;43;13067.0;13067.0;0.168777;6.441612;13067.0
5544;MSTS;QPLIB_5881.qs;56;44;13067.0;13067.0;0.202262;6.643874;13067.0
5545;MSTS;QPLIB_5881.qs;56;45;13067.0;13067.0;0.157015;6.800889;13067.0
5546;MSTS;QPLIB_5881.qs;56;46;13067.0;13067.0;0.168922;6.969811;13067.0
5547;MSTS;QPLIB_5881.qs;56;47;13067.0;13067.0;0.121547;7.091358;13067.0
5548;MSTS;QPLIB_5881.qs;56;48;13067.0;13067.0;0.127583;7.218941;13067.0
5549;MSTS;QPLIB_5881.qs;56;49;13051.0;13067.0;0.120556;7.339497;13067.0
5550;MSTS;QPLIB_5881.qs;56;50;13067.0;13067.0;0.131436;7.470933;13067.0
5551;MSTS;QPLIB_5881.qs;56;51;13067.0;13067.0;0.239707;7.71064;13067.0
5552;MSTS;QPLIB_5881.qs;56;52;13067.0;13067.0;0.128519;7.8391589999999995;13067.0
5553;MSTS;QPLIB_5881.qs;56;53;13067.0;13067.0;0.135081;7.97424;13067.0
5554;MSTS;QPLIB_5881.qs;56;54;13067.0;13067.0;0.13969;8.11393;13067.0
5555;MSTS;QPLIB_5881.qs;56;55;13067.0;13067.0;0.130462;8.244392;13067.0
5556;MSTS;QPLIB_5881.qs;56;56;13067.0;13067.0;0.207882;8.452274;13067.0
5557;MSTS;QPLIB_5881.qs;56;57;13067.0;13067.0;0.123509;8.575783;13067.0
5558;MSTS;QPLIB_5881.qs;56;58;13067.0;13067.0;0.163525;8.739308;13067.0
5559;MSTS;QPLIB_5881.qs;56;59;13060.0;13067.0;0.146563;8.885871;13067.0
5560;MSTS;QPLIB_5881.qs;56;60;13067.0;13067.0;0.120434;9.006305;13067.0
5561;MSTS;QPLIB_5881.qs;56;61;13067.0;13067.0;0.122512;9.128817;13067.0
5562;MSTS;QPLIB_5881.qs;56;62;13067.0;13067.0;0.179588;9.308405;13067.0
5563;MSTS;QPLIB_5881.qs;56;63;13067.0;13067.0;0.125953;9.434358;13067.0
5564;MSTS;QPLIB_5881.qs;56;64;13067.0;13067.0;0.202758;9.637116;13067.0
5565;MSTS;QPLIB_5881.qs;56;65;13067.0;13067.0;0.170677;9.807793;13067.0
5566;MSTS;QPLIB_5881.qs;56;66;13051.0;13067.0;0.120224;9.928017;13067.0
5567;MSTS;QPLIB_5881.qs;56;67;13067.0;13067.0;0.21323;10.141247;13067.0
5568;MSTS;QPLIB_5881.qs;56;68;13067.0;13067.0;0.148325;10.289572;13067.0
5569;MSTS;QPLIB_5881.qs;56;69;13067.0;13067.0;0.155986;10.445558;13067.0
5570;MSTS;QPLIB_5881.qs;56;70;13067.0;13067.0;0.132437;10.577995;13067.0
5571;MSTS;QPLIB_5881.qs;56;71;13067.0;13067.0;0.206934;10.784929;13067.0
5572;MSTS;QPLIB_5881.qs;56;72;13067.0;13067.0;0.187671;10.9726;13067.0
5573;MSTS;QPLIB_5881.qs;56;73;13067.0;13067.0;0.136171;11.108771;13067.0
5574;MSTS;QPLIB_5881.qs;56;74;13067.0;13067.0;0.20091;11.309681;13067.0
5575;MSTS;QPLIB_5881.qs;56;75;13067.0;13067.0;0.12526;11.434941;13067.0
5576;MSTS;QPLIB_5881.qs;56;76;13067.0;13067.0;0.199394;11.634335;13067.0
5577;MSTS;QPLIB_5881.qs;56;77;13067.0;13067.0;0.151941;11.786276;13067.0
5578;MSTS;QPLIB_5881.qs;56;78;13067.0;13067.0;0.151576;11.937852;13067.0
5579;MSTS;QPLIB_5881.qs;56;79;13067.0;13067.0;0.180826;12.118678;13067.0
5580;MSTS;QPLIB_5881.qs;56;80;13067.0;13067.0;0.131313;12.249991;13067.0
5581;MSTS;QPLIB_5881.qs;56;81;13067.0;13067.0;0.129338;12.379329;13067.0
5582;MSTS;QPLIB_5881.qs;56;82;13067.0;13067.0;0.16102;12.540348999999999;13067.0
5583;MSTS;QPLIB_5881.qs;56;83;13051.0;13067.0;0.120191;12.66054;13067.0
5584;MSTS;QPLIB_5881.qs;56;84;13060.0;13067.0;0.126132;12.786672;13067.0
5585;MSTS;QPLIB_5881.qs;56;85;13067.0;13067.0;0.144531;12.931203;13067.0
5586;MSTS;QPLIB_5881.qs;56;86;13067.0;13067.0;0.176999;13.108202;13067.0
5587;MSTS;QPLIB_5881.qs;56;87;13060.0;13067.0;0.14047;13.248672;13067.0
5588;MSTS;QPLIB_5881.qs;56;88;13067.0;13067.0;0.120301;13.368973;13067.0
5589;MSTS;QPLIB_5881.qs;56;89;13067.0;13067.0;0.132143;13.501116;13067.0
5590;MSTS;QPLIB_5881.qs;56;90;13067.0;13067.0;0.148833;13.649949;13067.0
5591;MSTS;QPLIB_5881.qs;56;91;13067.0;13067.0;0.129495;13.779444;13067.0
5592;MSTS;QPLIB_5881.qs;56;92;13067.0;13067.0;0.200015;13.979459;13067.0
5593;MSTS;QPLIB_5881.qs;56;93;13067.0;13067.0;0.136223;14.115682;13067.0
5594;MSTS;QPLIB_5881.qs;56;94;13051.0;13067.0;0.120166;14.235848;13067.0
5595;MSTS;QPLIB_5881.qs;56;95;13067.0;13067.0;0.12927;14.365118;13067.0
5596;MSTS;QPLIB_5881.qs;56;96;13067.0;13067.0;0.125017;14.490135;13067.0
5597;MSTS;QPLIB_5881.qs;56;97;13067.0;13067.0;0.124404;14.614539;13067.0
5598;MSTS;QPLIB_5881.qs;56;98;13067.0;13067.0;0.145335;14.759874;13067.0
5599;MSTS;QPLIB_5881.qs;56;99;13067.0;13067.0;0.124903;14.884777;13067.0
5600;MSTS;QPLIB_5881.qs;56;100;13067.0;13067.0;0.184281;15.069058;13067.0
5601;MSTS;QPLIB_5881.qs;57;1;13067.0;13067.0;0.237256;0.237256;13067.0
5602;MSTS;QPLIB_5881.qs;57;2;13067.0;13067.0;0.216057;0.45331299999999997;13067.0
5603;MSTS;QPLIB_5881.qs;57;3;13067.0;13067.0;0.194286;0.647599;13067.0
5604;MSTS;QPLIB_5881.qs;57;4;13067.0;13067.0;0.157551;0.80515;13067.0
5605;MSTS;QPLIB_5881.qs;57;5;13067.0;13067.0;0.2067;1.01185;13067.0
5606;MSTS;QPLIB_5881.qs;57;6;13067.0;13067.0;0.137825;1.149675;13067.0
5607;MSTS;QPLIB_5881.qs;57;7;13067.0;13067.0;0.131853;1.281528;13067.0
5608;MSTS;QPLIB_5881.qs;57;8;13067.0;13067.0;0.146021;1.427549;13067.0
5609;MSTS;QPLIB_5881.qs;57;9;13067.0;13067.0;0.200588;1.628137;13067.0
5610;MSTS;QPLIB_5881.qs;57;10;13067.0;13067.0;0.126103;1.75424;13067.0
5611;MSTS;QPLIB_5881.qs;57;11;13067.0;13067.0;0.123324;1.877564;13067.0
5612;MSTS;QPLIB_5881.qs;57;12;13067.0;13067.0;0.226209;2.103773;13067.0
5613;MSTS;QPLIB_5881.qs;57;13;13067.0;13067.0;0.213173;2.3169459999999997;13067.0
5614;MSTS;QPLIB_5881.qs;57;14;13067.0;13067.0;0.16962;2.486566;13067.0
5615;MSTS;QPLIB_5881.qs;57;15;13067.0;13067.0;0.127604;2.61417;13067.0
5616;MSTS;QPLIB_5881.qs;57;16;13067.0;13067.0;0.137069;2.751239;13067.0
5617;MSTS;QPLIB_5881.qs;57;17;13067.0;13067.0;0.192622;2.943861;13067.0
5618;MSTS;QPLIB_5881.qs;57;18;13067.0;13067.0;0.162586;3.1064469999999997;13067.0
5619;MSTS;QPLIB_5881.qs;57;19;13067.0;13067.0;0.195424;3.301871;13067.0
5620;MSTS;QPLIB_5881.qs;57;20;13051.0;13067.0;0.120465;3.422336;13067.0
5621;MSTS;QPLIB_5881.qs;57;21;13067.0;13067.0;0.17424;3.5965759999999998;13067.0
5622;MSTS;QPLIB_5881.qs;57;22;13067.0;13067.0;0.12652;3.723096;13067.0
5623;MSTS;QPLIB_5881.qs;57;23;13067.0;13067.0;0.164104;3.8872;13067.0
5624;MSTS;QPLIB_5881.qs;57;24;13067.0;13067.0;0.133216;4.020416;13067.0
5625;MSTS;QPLIB_5881.qs;57;25;13053.0;13067.0;0.183044;4.20346;13067.0
5626;MSTS;QPLIB_5881.qs;57;26;13067.0;13067.0;0.17739;4.38085;13067.0
5627;MSTS;QPLIB_5881.qs;57;27;13067.0;13067.0;0.149151;4.530001;13067.0
5628;MSTS;QPLIB_5881.qs;57;28;13067.0;13067.0;0.138332;4.668333;13067.0
5629;MSTS;QPLIB_5881.qs;57;29;13067.0;13067.0;0.139947;4.80828;13067.0
5630;MSTS;QPLIB_5881.qs;57;30;13060.0;13067.0;0.159052;4.967332;13067.0
5631;MSTS;QPLIB_5881.qs;57;31;13067.0;13067.0;0.120686;5.088018;13067.0
5632;MSTS;QPLIB_5881.qs;57;32;13067.0;13067.0;0.149773;5.237791;13067.0
5633;MSTS;QPLIB_5881.qs;57;33;13067.0;13067.0;0.121733;5.3595239999999995;13067.0
5634;MSTS;QPLIB_5881.qs;57;34;13067.0;13067.0;0.161425;5.520949;13067.0
5635;MSTS;QPLIB_5881.qs;57;35;13067.0;13067.0;0.190526;5.711475;13067.0
5636;MSTS;QPLIB_5881.qs;57;36;13067.0;13067.0;0.139606;5.851081;13067.0
5637;MSTS;QPLIB_5881.qs;57;37;13067.0;13067.0;0.202339;6.05342;13067.0
5638;MSTS;QPLIB_5881.qs;57;38;13051.0;13067.0;0.120388;6.173808;13067.0
5639;MSTS;QPLIB_5881.qs;57;39;13067.0;13067.0;0.166326;6.340134;13067.0
5640;MSTS;QPLIB_5881.qs;57;40;13067.0;13067.0;0.12356;6.463694;13067.0
5641;MSTS;QPLIB_5881.qs;57;41;13067.0;13067.0;0.184112;6.647806;13067.0
5642;MSTS;QPLIB_5881.qs;57;42;13067.0;13067.0;0.124434;6.77224;13067.0
5643;MSTS;QPLIB_5881.qs;57;43;13067.0;13067.0;0.131134;6.903374;13067.0
5644;MSTS;QPLIB_5881.qs;57;44;13067.0;13067.0;0.13143;7.034804;13067.0
5645;MSTS;QPLIB_5881.qs;57;45;13067.0;13067.0;0.140697;7.175501;13067.0
5646;MSTS;QPLIB_5881.qs;57;46;13067.0;13067.0;0.19483;7.370331;13067.0
5647;MSTS;QPLIB_5881.qs;57;47;13067.0;13067.0;0.126772;7.497103;13067.0
5648;MSTS;QPLIB_5881.qs;57;48;13067.0;13067.0;0.158396;7.655499;13067.0
5649;MSTS;QPLIB_5881.qs;57;49;13051.0;13067.0;0.121348;7.776847;13067.0
5650;MSTS;QPLIB_5881.qs;57;50;13067.0;13067.0;0.124359;7.901206;13067.0
5651;MSTS;QPLIB_5881.qs;57;51;13067.0;13067.0;0.134974;8.03618;13067.0
5652;MSTS;QPLIB_5881.qs;57;52;13060.0;13067.0;0.139928;8.176108;13067.0
5653;MSTS;QPLIB_5881.qs;57;53;13067.0;13067.0;0.120608;8.296716;13067.0
5654;MSTS;QPLIB_5881.qs;57;54;13067.0;13067.0;0.126939;8.423655;13067.0
5655;MSTS;QPLIB_5881.qs;57;55;13067.0;13067.0;0.150748;8.574403;13067.0
5656;MSTS;QPLIB_5881.qs;57;56;13067.0;13067.0;0.142548;8.716951;13067.0
5657;MSTS;QPLIB_5881.qs;57;57;13067.0;13067.0;0.121509;8.83846;13067.0
5658;MSTS;QPLIB_5881.qs;57;58;13067.0;13067.0;0.172862;9.011322;13067.0
5659;MSTS;QPLIB_5881.qs;57;59;13067.0;13067.0;0.179611;9.190933;13067.0
5660;MSTS;QPLIB_5881.qs;57;60;13067.0;13067.0;0.128905;9.319838;13067.0
5661;MSTS;QPLIB_5881.qs;57;61;13067.0;13067.0;0.139686;9.459524;13067.0
5662;MSTS;QPLIB_5881.qs;57;62;13067.0;13067.0;0.138093;9.597617;13067.0
5663;MSTS;QPLIB_5881.qs;57;63;13067.0;13067.0;0.130601;9.728218;13067.0
5664;MSTS;QPLIB_5881.qs;57;64;13067.0;13067.0;0.181441;9.909659;13067.0
5665;MSTS;QPLIB_5881.qs;57;65;13067.0;13067.0;0.147949;10.057608;13067.0
5666;MSTS;QPLIB_5881.qs;57;66;13067.0;13067.0;0.122909;10.180517;13067.0
5667;MSTS;QPLIB_5881.qs;57;67;13067.0;13067.0;0.14588;10.326397;13067.0
5668;MSTS;QPLIB_5881.qs;57;68;13067.0;13067.0;0.131622;10.458019;13067.0
5669;MSTS;QPLIB_5881.qs;57;69;13067.0;13067.0;0.136461;10.59448;13067.0
5670;MSTS;QPLIB_5881.qs;57;70;13067.0;13067.0;0.122213;10.716693;13067.0
5671;MSTS;QPLIB_5881.qs;57;71;13060.0;13067.0;0.163304;10.879997;13067.0
5672;MSTS;QPLIB_5881.qs;57;72;13067.0;13067.0;0.120589;11.000586;13067.0
5673;MSTS;QPLIB_5881.qs;57;73;13067.0;13067.0;0.122928;11.123514;13067.0
5674;MSTS;QPLIB_5881.qs;57;74;13067.0;13067.0;0.219613;11.343126999999999;13067.0
5675;MSTS;QPLIB_5881.qs;57;75;13067.0;13067.0;0.138806;11.481933;13067.0
5676;MSTS;QPLIB_5881.qs;57;76;13067.0;13067.0;0.149683;11.631616;13067.0
5677;MSTS;QPLIB_5881.qs;57;77;13067.0;13067.0;0.184141;11.815757;13067.0
5678;MSTS;QPLIB_5881.qs;57;78;13067.0;13067.0;0.172358;11.988115;13067.0
5679;MSTS;QPLIB_5881.qs;57;79;13067.0;13067.0;0.194836;12.182951;13067.0
5680;MSTS;QPLIB_5881.qs;57;80;13067.0;13067.0;0.128687;12.311638;13067.0
5681;MSTS;QPLIB_5881.qs;57;81;13060.0;13067.0;0.123611;12.435249;13067.0
5682;MSTS;QPLIB_5881.qs;57;82;13067.0;13067.0;0.120694;12.555943;13067.0
5683;MSTS;QPLIB_5881.qs;57;83;13067.0;13067.0;0.121659;12.677602;13067.0
5684;MSTS;QPLIB_5881.qs;57;84;13067.0;13067.0;0.129119;12.806721;13067.0
5685;MSTS;QPLIB_5881.qs;57;85;13067.0;13067.0;0.122457;12.929178;13067.0
5686;MSTS;QPLIB_5881.qs;57;86;13067.0;13067.0;0.126099;13.055277;13067.0
5687;MSTS;QPLIB_5881.qs;57;87;13067.0;13067.0;0.15175;13.207027;13067.0
5688;MSTS;QPLIB_5881.qs;57;88;13067.0;13067.0;0.209317;13.416344;13067.0
5689;MSTS;QPLIB_5881.qs;57;89;13067.0;13067.0;0.165621;13.581965;13067.0
5690;MSTS;QPLIB_5881.qs;57;90;13067.0;13067.0;0.138501;13.720466;13067.0
5691;MSTS;QPLIB_5881.qs;57;91;13067.0;13067.0;0.156666;13.877132;13067.0
5692;MSTS;QPLIB_5881.qs;57;92;13067.0;13067.0;0.132935;14.010067;13067.0
5693;MSTS;QPLIB_5881.qs;57;93;13067.0;13067.0;0.130976;14.141043;13067.0
5694;MSTS;QPLIB_5881.qs;57;94;13067.0;13067.0;0.158765;14.299808;13067.0
5695;MSTS;QPLIB_5881.qs;57;95;13067.0;13067.0;0.206076;14.505884;13067.0
5696;MSTS;QPLIB_5881.qs;57;96;13051.0;13067.0;0.120437;14.626321;13067.0
5697;MSTS;QPLIB_5881.qs;57;97;13067.0;13067.0;0.165272;14.791593;13067.0
5698;MSTS;QPLIB_5881.qs;57;98;13067.0;13067.0;0.141633;14.933226;13067.0
5699;MSTS;QPLIB_5881.qs;57;99;13067.0;13067.0;0.159253;15.092479;13067.0
5700;MSTS;QPLIB_5881.qs;57;100;13067.0;13067.0;0.133696;15.226175;13067.0
5701;MSTS;QPLIB_5881.qs;58;1;13067.0;13067.0;0.248792;0.248792;13067.0
5702;MSTS;QPLIB_5881.qs;58;2;13067.0;13067.0;0.186998;0.43579;13067.0
5703;MSTS;QPLIB_5881.qs;58;3;13067.0;13067.0;0.207613;0.643403;13067.0
5704;MSTS;QPLIB_5881.qs;58;4;13067.0;13067.0;0.197138;0.840541;13067.0
5705;MSTS;QPLIB_5881.qs;58;5;13067.0;13067.0;0.15077;0.991311;13067.0
5706;MSTS;QPLIB_5881.qs;58;6;13067.0;13067.0;0.182333;1.173644;13067.0
5707;MSTS;QPLIB_5881.qs;58;7;13067.0;13067.0;0.121402;1.295046;13067.0
5708;MSTS;QPLIB_5881.qs;58;8;13067.0;13067.0;0.177374;1.47242;13067.0
5709;MSTS;QPLIB_5881.qs;58;9;13051.0;13067.0;0.12024;1.59266;13067.0
5710;MSTS;QPLIB_5881.qs;58;10;13067.0;13067.0;0.185707;1.778367;13067.0
5711;MSTS;QPLIB_5881.qs;58;11;13067.0;13067.0;0.12891;1.9072770000000001;13067.0
5712;MSTS;QPLIB_5881.qs;58;12;13067.0;13067.0;0.128701;2.035978;13067.0
5713;MSTS;QPLIB_5881.qs;58;13;13067.0;13067.0;0.125071;2.161049;13067.0
5714;MSTS;QPLIB_5881.qs;58;14;13067.0;13067.0;0.135014;2.296063;13067.0
5715;MSTS;QPLIB_5881.qs;58;15;13067.0;13067.0;0.132048;2.428111;13067.0
5716;MSTS;QPLIB_5881.qs;58;16;13067.0;13067.0;0.165321;2.593432;13067.0
5717;MSTS;QPLIB_5881.qs;58;17;13067.0;13067.0;0.124055;2.717487;13067.0
5718;MSTS;QPLIB_5881.qs;58;18;13067.0;13067.0;0.129924;2.847411;13067.0
5719;MSTS;QPLIB_5881.qs;58;19;13051.0;13067.0;0.120227;2.967638;13067.0
5720;MSTS;QPLIB_5881.qs;58;20;13067.0;13067.0;0.127467;3.095105;13067.0
5721;MSTS;QPLIB_5881.qs;58;21;13067.0;13067.0;0.134422;3.229527;13067.0
5722;MSTS;QPLIB_5881.qs;58;22;13067.0;13067.0;0.128736;3.358263;13067.0
5723;MSTS;QPLIB_5881.qs;58;23;13067.0;13067.0;0.189444;3.547707;13067.0
5724;MSTS;QPLIB_5881.qs;58;24;13067.0;13067.0;0.199255;3.746962;13067.0
5725;MSTS;QPLIB_5881.qs;58;25;13067.0;13067.0;0.122391;3.869353;13067.0
5726;MSTS;QPLIB_5881.qs;58;26;13067.0;13067.0;0.15588;4.025233;13067.0
5727;MSTS;QPLIB_5881.qs;58;27;13067.0;13067.0;0.139128;4.164361;13067.0
5728;MSTS;QPLIB_5881.qs;58;28;13067.0;13067.0;0.134065;4.298426;13067.0
5729;MSTS;QPLIB_5881.qs;58;29;13067.0;13067.0;0.137345;4.435771;13067.0
5730;MSTS;QPLIB_5881.qs;58;30;13067.0;13067.0;0.153424;4.589195;13067.0
5731;MSTS;QPLIB_5881.qs;58;31;13067.0;13067.0;0.13074;4.7199349999999995;13067.0
5732;MSTS;QPLIB_5881.qs;58;32;13067.0;13067.0;0.12128;4.841215;13067.0
5733;MSTS;QPLIB_5881.qs;58;33;13067.0;13067.0;0.198218;5.039433;13067.0
5734;MSTS;QPLIB_5881.qs;58;34;13067.0;13067.0;0.195716;5.235149;13067.0
5735;MSTS;QPLIB_5881.qs;58;35;13067.0;13067.0;0.181666;5.416815;13067.0
5736;MSTS;QPLIB_5881.qs;58;36;13067.0;13067.0;0.136006;5.552821;13067.0
5737;MSTS;QPLIB_5881.qs;58;37;13067.0;13067.0;0.230582;5.783403;13067.0
5738;MSTS;QPLIB_5881.qs;58;38;13067.0;13067.0;0.212706;5.996109;13067.0
5739;MSTS;QPLIB_5881.qs;58;39;13067.0;13067.0;0.189829;6.185938;13067.0
5740;MSTS;QPLIB_5881.qs;58;40;13067.0;13067.0;0.12318;6.309118;13067.0
5741;MSTS;QPLIB_5881.qs;58;41;13067.0;13067.0;0.13545;6.444568;13067.0
5742;MSTS;QPLIB_5881.qs;58;42;13067.0;13067.0;0.203236;6.647804;13067.0
5743;MSTS;QPLIB_5881.qs;58;43;13067.0;13067.0;0.156135;6.803939;13067.0
5744;MSTS;QPLIB_5881.qs;58;44;13067.0;13067.0;0.12899;6.932929;13067.0
5745;MSTS;QPLIB_5881.qs;58;45;13067.0;13067.0;0.203836;7.136765;13067.0
5746;MSTS;QPLIB_5881.qs;58;46;13060.0;13067.0;0.128552;7.265317;13067.0
5747;MSTS;QPLIB_5881.qs;58;47;13067.0;13067.0;0.120583;7.3859;13067.0
5748;MSTS;QPLIB_5881.qs;58;48;13067.0;13067.0;0.197235;7.5831349999999995;13067.0
5749;MSTS;QPLIB_5881.qs;58;49;13067.0;13067.0;0.138497;7.721632;13067.0
5750;MSTS;QPLIB_5881.qs;58;50;13067.0;13067.0;0.127471;7.8491029999999995;13067.0
5751;MSTS;QPLIB_5881.qs;58;51;13067.0;13067.0;0.157595;8.006698;13067.0
5752;MSTS;QPLIB_5881.qs;58;52;13067.0;13067.0;0.162396;8.169094;13067.0
5753;MSTS;QPLIB_5881.qs;58;53;13067.0;13067.0;0.13245;8.301544;13067.0
5754;MSTS;QPLIB_5881.qs;58;54;13067.0;13067.0;0.124076;8.42562;13067.0
5755;MSTS;QPLIB_5881.qs;58;55;13067.0;13067.0;0.145162;8.570782;13067.0
5756;MSTS;QPLIB_5881.qs;58;56;13067.0;13067.0;0.134988;8.70577;13067.0
5757;MSTS;QPLIB_5881.qs;58;57;13067.0;13067.0;0.154298;8.860068;13067.0
5758;MSTS;QPLIB_5881.qs;58;58;13067.0;13067.0;0.123696;8.983764;13067.0
5759;MSTS;QPLIB_5881.qs;58;59;13067.0;13067.0;0.124936;9.1087;13067.0
5760;MSTS;QPLIB_5881.qs;58;60;13067.0;13067.0;0.127874;9.236574;13067.0
5761;MSTS;QPLIB_5881.qs;58;61;13067.0;13067.0;0.156818;9.393392;13067.0
5762;MSTS;QPLIB_5881.qs;58;62;13067.0;13067.0;0.122236;9.515628;13067.0
5763;MSTS;QPLIB_5881.qs;58;63;13067.0;13067.0;0.167811;9.683439;13067.0
5764;MSTS;QPLIB_5881.qs;58;64;13067.0;13067.0;0.135123;9.818562;13067.0
5765;MSTS;QPLIB_5881.qs;58;65;13067.0;13067.0;0.122541;9.941103;13067.0
5766;MSTS;QPLIB_5881.qs;58;66;13067.0;13067.0;0.125672;10.066775;13067.0
5767;MSTS;QPLIB_5881.qs;58;67;13067.0;13067.0;0.12841;10.195185;13067.0
5768;MSTS;QPLIB_5881.qs;58;68;13067.0;13067.0;0.122411;10.317596;13067.0
5769;MSTS;QPLIB_5881.qs;58;69;13067.0;13067.0;0.136169;10.453765;13067.0
5770;MSTS;QPLIB_5881.qs;58;70;13067.0;13067.0;0.136128;10.589893;13067.0
5771;MSTS;QPLIB_5881.qs;58;71;13067.0;13067.0;0.138959;10.728852;13067.0
5772;MSTS;QPLIB_5881.qs;58;72;13067.0;13067.0;0.129262;10.858114;13067.0
5773;MSTS;QPLIB_5881.qs;58;73;13067.0;13067.0;0.154297;11.012411;13067.0
5774;MSTS;QPLIB_5881.qs;58;74;13067.0;13067.0;0.200431;11.212842;13067.0
5775;MSTS;QPLIB_5881.qs;58;75;13067.0;13067.0;0.13976;11.352602;13067.0
5776;MSTS;QPLIB_5881.qs;58;76;13067.0;13067.0;0.204872;11.557474;13067.0
5777;MSTS;QPLIB_5881.qs;58;77;13067.0;13067.0;0.134465;11.691939;13067.0
5778;MSTS;QPLIB_5881.qs;58;78;13067.0;13067.0;0.179565;11.871504;13067.0
5779;MSTS;QPLIB_5881.qs;58;79;13067.0;13067.0;0.131728;12.003232;13067.0
5780;MSTS;QPLIB_5881.qs;58;80;13067.0;13067.0;0.130726;12.133958;13067.0
5781;MSTS;QPLIB_5881.qs;58;81;13067.0;13067.0;0.121226;12.255184;13067.0
5782;MSTS;QPLIB_5881.qs;58;82;13067.0;13067.0;0.200438;12.455622;13067.0
5783;MSTS;QPLIB_5881.qs;58;83;13067.0;13067.0;0.194066;12.649688;13067.0
5784;MSTS;QPLIB_5881.qs;58;84;13067.0;13067.0;0.143746;12.793434;13067.0
5785;MSTS;QPLIB_5881.qs;58;85;13067.0;13067.0;0.197948;12.991382;13067.0
5786;MSTS;QPLIB_5881.qs;58;86;13067.0;13067.0;0.16602;13.157402;13067.0
5787;MSTS;QPLIB_5881.qs;58;87;13067.0;13067.0;0.127641;13.285043;13067.0
5788;MSTS;QPLIB_5881.qs;58;88;13067.0;13067.0;0.29011;13.575153;13067.0
5789;MSTS;QPLIB_5881.qs;58;89;13067.0;13067.0;0.124862;13.700015;13067.0
5790;MSTS;QPLIB_5881.qs;58;90;13051.0;13067.0;0.120433;13.820448;13067.0
5791;MSTS;QPLIB_5881.qs;58;91;13067.0;13067.0;0.200588;14.021036;13067.0
5792;MSTS;QPLIB_5881.qs;58;92;13067.0;13067.0;0.154111;14.175147;13067.0
5793;MSTS;QPLIB_5881.qs;58;93;13067.0;13067.0;0.123618;14.298765;13067.0
5794;MSTS;QPLIB_5881.qs;58;94;13067.0;13067.0;0.177778;14.476543;13067.0
5795;MSTS;QPLIB_5881.qs;58;95;13067.0;13067.0;0.158466;14.635009;13067.0
5796;MSTS;QPLIB_5881.qs;58;96;13067.0;13067.0;0.13783;14.772839;13067.0
5797;MSTS;QPLIB_5881.qs;58;97;13067.0;13067.0;0.219995;14.992834;13067.0
5798;MSTS;QPLIB_5881.qs;58;98;13051.0;13067.0;0.120142;15.112976;13067.0
5799;MSTS;QPLIB_5881.qs;58;99;13067.0;13067.0;0.14396;15.256936;13067.0
5800;MSTS;QPLIB_5881.qs;58;100;13067.0;13067.0;0.127829;15.384765;13067.0
5801;MSTS;QPLIB_5881.qs;59;1;13060.0;13067.0;0.256235;0.256235;13067.0
5802;MSTS;QPLIB_5881.qs;59;2;13067.0;13067.0;0.120993;0.377228;13067.0
5803;MSTS;QPLIB_5881.qs;59;3;13067.0;13067.0;0.152082;0.52931;13067.0
5804;MSTS;QPLIB_5881.qs;59;4;13067.0;13067.0;0.139893;0.669203;13067.0
5805;MSTS;QPLIB_5881.qs;59;5;13067.0;13067.0;0.146976;0.816179;13067.0
5806;MSTS;QPLIB_5881.qs;59;6;13067.0;13067.0;0.13094;0.947119;13067.0
5807;MSTS;QPLIB_5881.qs;59;7;13067.0;13067.0;0.124329;1.071448;13067.0
5808;MSTS;QPLIB_5881.qs;59;8;13067.0;13067.0;0.12511;1.196558;13067.0
5809;MSTS;QPLIB_5881.qs;59;9;13067.0;13067.0;0.12325;1.319808;13067.0
5810;MSTS;QPLIB_5881.qs;59;10;13067.0;13067.0;0.132817;1.452625;13067.0
5811;MSTS;QPLIB_5881.qs;59;11;13067.0;13067.0;0.123893;1.576518;13067.0
5812;MSTS;QPLIB_5881.qs;59;12;13067.0;13067.0;0.146841;1.7233589999999999;13067.0
5813;MSTS;QPLIB_5881.qs;59;13;13067.0;13067.0;0.148508;1.871867;13067.0
5814;MSTS;QPLIB_5881.qs;59;14;13051.0;13067.0;0.120803;1.99267;13067.0
5815;MSTS;QPLIB_5881.qs;59;15;13067.0;13067.0;0.124039;2.116709;13067.0
5816;MSTS;QPLIB_5881.qs;59;16;13067.0;13067.0;0.177658;2.294367;13067.0
5817;MSTS;QPLIB_5881.qs;59;17;13067.0;13067.0;0.188469;2.482836;13067.0
5818;MSTS;QPLIB_5881.qs;59;18;13051.0;13067.0;0.120868;2.603704;13067.0
5819;MSTS;QPLIB_5881.qs;59;19;13067.0;13067.0;0.131043;2.734747;13067.0
5820;MSTS;QPLIB_5881.qs;59;20;13067.0;13067.0;0.1339;2.868647;13067.0
5821;MSTS;QPLIB_5881.qs;59;21;13067.0;13067.0;0.131148;2.9997949999999998;13067.0
5822;MSTS;QPLIB_5881.qs;59;22;13067.0;13067.0;0.124017;3.123812;13067.0
5823;MSTS;QPLIB_5881.qs;59;23;13067.0;13067.0;0.182051;3.305863;13067.0
5824;MSTS;QPLIB_5881.qs;59;24;13067.0;13067.0;0.182924;3.488787;13067.0
5825;MSTS;QPLIB_5881.qs;59;25;13067.0;13067.0;0.125891;3.614678;13067.0
5826;MSTS;QPLIB_5881.qs;59;26;13067.0;13067.0;0.12963;3.7443079999999997;13067.0
5827;MSTS;QPLIB_5881.qs;59;27;13067.0;13067.0;0.132669;3.876977;13067.0
5828;MSTS;QPLIB_5881.qs;59;28;13067.0;13067.0;0.140791;4.017768;13067.0
5829;MSTS;QPLIB_5881.qs;59;29;13067.0;13067.0;0.142645;4.160413;13067.0
5830;MSTS;QPLIB_5881.qs;59;30;13067.0;13067.0;0.145356;4.305769;13067.0
5831;MSTS;QPLIB_5881.qs;59;31;13067.0;13067.0;0.134803;4.4405719999999995;13067.0
5832;MSTS;QPLIB_5881.qs;59;32;13060.0;13067.0;0.150106;4.590678;13067.0
5833;MSTS;QPLIB_5881.qs;59;33;13067.0;13067.0;0.120998;4.711676;13067.0
5834;MSTS;QPLIB_5881.qs;59;34;13067.0;13067.0;0.195162;4.906838;13067.0
5835;MSTS;QPLIB_5881.qs;59;35;13067.0;13067.0;0.123192;5.03003;13067.0
5836;MSTS;QPLIB_5881.qs;59;36;13067.0;13067.0;0.215175;5.245205;13067.0
5837;MSTS;QPLIB_5881.qs;59;37;13067.0;13067.0;0.151412;5.396617;13067.0
5838;MSTS;QPLIB_5881.qs;59;38;13067.0;13067.0;0.149354;5.545971;13067.0
5839;MSTS;QPLIB_5881.qs;59;39;13067.0;13067.0;0.139989;5.68596;13067.0
5840;MSTS;QPLIB_5881.qs;59;40;13067.0;13067.0;0.134926;5.820886;13067.0
5841;MSTS;QPLIB_5881.qs;59;41;13067.0;13067.0;0.146271;5.967157;13067.0
5842;MSTS;QPLIB_5881.qs;59;42;13067.0;13067.0;0.142018;6.109175;13067.0
5843;MSTS;QPLIB_5881.qs;59;43;13067.0;13067.0;0.12746;6.236635;13067.0
5844;MSTS;QPLIB_5881.qs;59;44;13067.0;13067.0;0.207123;6.443758;13067.0
5845;MSTS;QPLIB_5881.qs;59;45;13067.0;13067.0;0.12213;6.565888;13067.0
5846;MSTS;QPLIB_5881.qs;59;46;13067.0;13067.0;0.124346;6.690234;13067.0
5847;MSTS;QPLIB_5881.qs;59;47;13067.0;13067.0;0.190947;6.881181;13067.0
5848;MSTS;QPLIB_5881.qs;59;48;13067.0;13067.0;0.225694;7.106875;13067.0
5849;MSTS;QPLIB_5881.qs;59;49;13051.0;13067.0;0.120731;7.227606;13067.0
5850;MSTS;QPLIB_5881.qs;59;50;13060.0;13067.0;0.14334;7.370946;13067.0
5851;MSTS;QPLIB_5881.qs;59;51;13067.0;13067.0;0.121029;7.491975;13067.0
5852;MSTS;QPLIB_5881.qs;59;52;13067.0;13067.0;0.133384;7.6253589999999996;13067.0
5853;MSTS;QPLIB_5881.qs;59;53;13067.0;13067.0;0.136065;7.761424;13067.0
5854;MSTS;QPLIB_5881.qs;59;54;13067.0;13067.0;0.128107;7.889531;13067.0
5855;MSTS;QPLIB_5881.qs;59;55;13067.0;13067.0;0.170778;8.060309;13067.0
5856;MSTS;QPLIB_5881.qs;59;56;13067.0;13067.0;0.152103;8.212412;13067.0
5857;MSTS;QPLIB_5881.qs;59;57;13067.0;13067.0;0.131529;8.343941;13067.0
5858;MSTS;QPLIB_5881.qs;59;58;13067.0;13067.0;0.154198;8.498139;13067.0
5859;MSTS;QPLIB_5881.qs;59;59;13067.0;13067.0;0.136983;8.635121999999999;13067.0
5860;MSTS;QPLIB_5881.qs;59;60;13067.0;13067.0;0.130104;8.765226;13067.0
5861;MSTS;QPLIB_5881.qs;59;61;13067.0;13067.0;0.122057;8.887283;13067.0
5862;MSTS;QPLIB_5881.qs;59;62;13067.0;13067.0;0.122033;9.009316;13067.0
5863;MSTS;QPLIB_5881.qs;59;63;13067.0;13067.0;0.134531;9.143847;13067.0
5864;MSTS;QPLIB_5881.qs;59;64;13067.0;13067.0;0.12604;9.269887;13067.0
5865;MSTS;QPLIB_5881.qs;59;65;13067.0;13067.0;0.137028;9.406915;13067.0
5866;MSTS;QPLIB_5881.qs;59;66;13067.0;13067.0;0.147251;9.554166;13067.0
5867;MSTS;QPLIB_5881.qs;59;67;13067.0;13067.0;0.151554;9.70572;13067.0
5868;MSTS;QPLIB_5881.qs;59;68;13060.0;13067.0;0.127438;9.833158;13067.0
5869;MSTS;QPLIB_5881.qs;59;69;13067.0;13067.0;0.120918;9.954076;13067.0
5870;MSTS;QPLIB_5881.qs;59;70;13067.0;13067.0;0.133992;10.088068;13067.0
5871;MSTS;QPLIB_5881.qs;59;71;13067.0;13067.0;0.211382;10.29945;13067.0
5872;MSTS;QPLIB_5881.qs;59;72;13060.0;13067.0;0.138438;10.437888;13067.0
5873;MSTS;QPLIB_5881.qs;59;73;13067.0;13067.0;0.120939;10.558826999999999;13067.0
5874;MSTS;QPLIB_5881.qs;59;74;13067.0;13067.0;0.15432;10.713147;13067.0
5875;MSTS;QPLIB_5881.qs;59;75;13067.0;13067.0;0.127542;10.840689;13067.0
5876;MSTS;QPLIB_5881.qs;59;76;13067.0;13067.0;0.122176;10.962865;13067.0
5877;MSTS;QPLIB_5881.qs;59;77;13067.0;13067.0;0.145435;11.1083;13067.0
5878;MSTS;QPLIB_5881.qs;59;78;13067.0;13067.0;0.1389;11.2472;13067.0
5879;MSTS;QPLIB_5881.qs;59;79;13067.0;13067.0;0.157163;11.404363;13067.0
5880;MSTS;QPLIB_5881.qs;59;80;13067.0;13067.0;0.125895;11.530258;13067.0
5881;MSTS;QPLIB_5881.qs;59;81;13067.0;13067.0;0.150786;11.681044;13067.0
5882;MSTS;QPLIB_5881.qs;59;82;13067.0;13067.0;0.133406;11.81445;13067.0
5883;MSTS;QPLIB_5881.qs;59;83;13067.0;13067.0;0.122464;11.936914;13067.0
5884;MSTS;QPLIB_5881.qs;59;84;13067.0;13067.0;0.155125;12.092039;13067.0
5885;MSTS;QPLIB_5881.qs;59;85;13067.0;13067.0;0.149763;12.241802;13067.0
5886;MSTS;QPLIB_5881.qs;59;86;13067.0;13067.0;0.167911;12.409713;13067.0
5887;MSTS;QPLIB_5881.qs;59;87;13067.0;13067.0;0.153342;12.563055;13067.0
5888;MSTS;QPLIB_5881.qs;59;88;13067.0;13067.0;0.132084;12.695139;13067.0
5889;MSTS;QPLIB_5881.qs;59;89;13067.0;13067.0;0.122817;12.817956;13067.0
5890;MSTS;QPLIB_5881.qs;59;90;13067.0;13067.0;0.186338;13.004294;13067.0
5891;MSTS;QPLIB_5881.qs;59;91;13067.0;13067.0;0.166213;13.170507;13067.0
5892;MSTS;QPLIB_5881.qs;59;92;13067.0;13067.0;0.192744;13.363251;13067.0
5893;MSTS;QPLIB_5881.qs;59;93;13067.0;13067.0;0.134712;13.497963;13067.0
5894;MSTS;QPLIB_5881.qs;59;94;13067.0;13067.0;0.124846;13.622809;13067.0
5895;MSTS;QPLIB_5881.qs;59;95;13067.0;13067.0;0.123041;13.74585;13067.0
5896;MSTS;QPLIB_5881.qs;59;96;13060.0;13067.0;0.153597;13.899447;13067.0
5897;MSTS;QPLIB_5881.qs;59;97;13067.0;13067.0;0.120884;14.020331;13067.0
5898;MSTS;QPLIB_5881.qs;59;98;13067.0;13067.0;0.142387;14.162718;13067.0
5899;MSTS;QPLIB_5881.qs;59;99;13067.0;13067.0;0.163911;14.326629;13067.0
5900;MSTS;QPLIB_5881.qs;59;100;13067.0;13067.0;0.171544;14.498173;13067.0
5901;MSTS;QPLIB_5881.qs;60;1;13067.0;13067.0;0.278855;0.278855;13067.0
5902;MSTS;QPLIB_5881.qs;60;2;13067.0;13067.0;0.135811;0.414666;13067.0
5903;MSTS;QPLIB_5881.qs;60;3;13067.0;13067.0;0.15489;0.569556;13067.0
5904;MSTS;QPLIB_5881.qs;60;4;13067.0;13067.0;0.131622;0.701178;13067.0
5905;MSTS;QPLIB_5881.qs;60;5;13067.0;13067.0;0.136835;0.838013;13067.0
5906;MSTS;QPLIB_5881.qs;60;6;13067.0;13067.0;0.13562;0.973633;13067.0
5907;MSTS;QPLIB_5881.qs;60;7;13067.0;13067.0;0.126585;1.100218;13067.0
5908;MSTS;QPLIB_5881.qs;60;8;13067.0;13067.0;0.188501;1.288719;13067.0
5909;MSTS;QPLIB_5881.qs;60;9;13067.0;13067.0;0.157199;1.445918;13067.0
5910;MSTS;QPLIB_5881.qs;60;10;13067.0;13067.0;0.119912;1.56583;13067.0
5911;MSTS;QPLIB_5881.qs;60;11;13067.0;13067.0;0.172032;1.737862;13067.0
5912;MSTS;QPLIB_5881.qs;60;12;13067.0;13067.0;0.127061;1.864923;13067.0
5913;MSTS;QPLIB_5881.qs;60;13;13067.0;13067.0;0.154481;2.019404;13067.0
5914;MSTS;QPLIB_5881.qs;60;14;13067.0;13067.0;0.129556;2.14896;13067.0
5915;MSTS;QPLIB_5881.qs;60;15;13067.0;13067.0;0.17443;2.32339;13067.0
5916;MSTS;QPLIB_5881.qs;60;16;13051.0;13067.0;0.115884;2.439274;13067.0
5917;MSTS;QPLIB_5881.qs;60;17;13067.0;13067.0;0.12631;2.565584;13067.0
5918;MSTS;QPLIB_5881.qs;60;18;13067.0;13067.0;0.15384;2.719424;13067.0
5919;MSTS;QPLIB_5881.qs;60;19;13067.0;13067.0;0.121918;2.841342;13067.0
5920;MSTS;QPLIB_5881.qs;60;20;13067.0;13067.0;0.175924;3.0172660000000002;13067.0
5921;MSTS;QPLIB_5881.qs;60;21;13067.0;13067.0;0.127258;3.144524;13067.0
5922;MSTS;QPLIB_5881.qs;60;22;13067.0;13067.0;0.165858;3.310382;13067.0
5923;MSTS;QPLIB_5881.qs;60;23;13067.0;13067.0;0.157561;3.467943;13067.0
5924;MSTS;QPLIB_5881.qs;60;24;13067.0;13067.0;0.16655;3.634493;13067.0
5925;MSTS;QPLIB_5881.qs;60;25;13067.0;13067.0;0.126783;3.761276;13067.0
5926;MSTS;QPLIB_5881.qs;60;26;13060.0;13067.0;0.19159;3.952866;13067.0
5927;MSTS;QPLIB_5881.qs;60;27;13067.0;13067.0;0.116224;4.06909;13067.0
5928;MSTS;QPLIB_5881.qs;60;28;13051.0;13067.0;0.116357;4.185447;13067.0
5929;MSTS;QPLIB_5881.qs;60;29;13060.0;13067.0;0.122022;4.307469;13067.0
5930;MSTS;QPLIB_5881.qs;60;30;13067.0;13067.0;0.116042;4.423511;13067.0
5931;MSTS;QPLIB_5881.qs;60;31;13067.0;13067.0;0.177377;4.600888;13067.0
5932;MSTS;QPLIB_5881.qs;60;32;13067.0;13067.0;0.156392;4.75728;13067.0
5933;MSTS;QPLIB_5881.qs;60;33;13067.0;13067.0;0.161917;4.9191970000000005;13067.0
5934;MSTS;QPLIB_5881.qs;60;34;13067.0;13067.0;0.127553;5.04675;13067.0
5935;MSTS;QPLIB_5881.qs;60;35;13067.0;13067.0;0.173164;5.219914;13067.0
5936;MSTS;QPLIB_5881.qs;60;36;13067.0;13067.0;0.212359;5.432273;13067.0
5937;MSTS;QPLIB_5881.qs;60;37;13067.0;13067.0;0.118572;5.550845;13067.0
5938;MSTS;QPLIB_5881.qs;60;38;13067.0;13067.0;0.181965;5.73281;13067.0
5939;MSTS;QPLIB_5881.qs;60;39;13067.0;13067.0;0.118343;5.851153;13067.0
5940;MSTS;QPLIB_5881.qs;60;40;13067.0;13067.0;0.121738;5.972891;13067.0
5941;MSTS;QPLIB_5881.qs;60;41;13067.0;13067.0;0.143773;6.116664;13067.0
5942;MSTS;QPLIB_5881.qs;60;42;13067.0;13067.0;0.15768;6.274344;13067.0
5943;MSTS;QPLIB_5881.qs;60;43;13067.0;13067.0;0.12603;6.400374;13067.0
5944;MSTS;QPLIB_5881.qs;60;44;13067.0;13067.0;0.141906;6.54228;13067.0
5945;MSTS;QPLIB_5881.qs;60;45;13067.0;13067.0;0.155825;6.698105;13067.0
5946;MSTS;QPLIB_5881.qs;60;46;13067.0;13067.0;0.117574;6.815679;13067.0
5947;MSTS;QPLIB_5881.qs;60;47;13067.0;13067.0;0.136163;6.951842;13067.0
5948;MSTS;QPLIB_5881.qs;60;48;13067.0;13067.0;0.118177;7.070019;13067.0
5949;MSTS;QPLIB_5881.qs;60;49;13067.0;13067.0;0.168802;7.238821;13067.0
5950;MSTS;QPLIB_5881.qs;60;50;13067.0;13067.0;0.135826;7.374647;13067.0
5951;MSTS;QPLIB_5881.qs;60;51;13067.0;13067.0;0.199363;7.57401;13067.0
5952;MSTS;QPLIB_5881.qs;60;52;13067.0;13067.0;0.15631;7.73032;13067.0
5953;MSTS;QPLIB_5881.qs;60;53;13067.0;13067.0;0.117126;7.847446;13067.0
5954;MSTS;QPLIB_5881.qs;60;54;13067.0;13067.0;0.147695;7.995141;13067.0
5955;MSTS;QPLIB_5881.qs;60;55;13067.0;13067.0;0.164296;8.159437;13067.0
5956;MSTS;QPLIB_5881.qs;60;56;13067.0;13067.0;0.119097;8.278534;13067.0
5957;MSTS;QPLIB_5881.qs;60;57;13067.0;13067.0;0.12727;8.405804;13067.0
5958;MSTS;QPLIB_5881.qs;60;58;13067.0;13067.0;0.16401;8.569814000000001;13067.0
5959;MSTS;QPLIB_5881.qs;60;59;13067.0;13067.0;0.126142;8.695956;13067.0
5960;MSTS;QPLIB_5881.qs;60;60;13067.0;13067.0;0.156395;8.852351;13067.0
5961;MSTS;QPLIB_5881.qs;60;61;13067.0;13067.0;0.143326;8.995677;13067.0
5962;MSTS;QPLIB_5881.qs;60;62;13051.0;13067.0;0.115989;9.111666;13067.0
5963;MSTS;QPLIB_5881.qs;60;63;13067.0;13067.0;0.117982;9.229648000000001;13067.0
5964;MSTS;QPLIB_5881.qs;60;64;13067.0;13067.0;0.125844;9.355492;13067.0
5965;MSTS;QPLIB_5881.qs;60;65;13067.0;13067.0;0.125686;9.481178;13067.0
5966;MSTS;QPLIB_5881.qs;60;66;13051.0;13067.0;0.115999;9.597177;13067.0
5967;MSTS;QPLIB_5881.qs;60;67;13067.0;13067.0;0.116466;9.713643;13067.0
5968;MSTS;QPLIB_5881.qs;60;68;13067.0;13067.0;0.179093;9.892736;13067.0
5969;MSTS;QPLIB_5881.qs;60;69;13053.0;13067.0;0.164687;10.057423;13067.0
5970;MSTS;QPLIB_5881.qs;60;70;13060.0;13067.0;0.116412;10.173835;13067.0
5971;MSTS;QPLIB_5881.qs;60;71;13067.0;13067.0;0.116755;10.29059;13067.0
5972;MSTS;QPLIB_5881.qs;60;72;13067.0;13067.0;0.126491;10.417081;13067.0
5973;MSTS;QPLIB_5881.qs;60;73;13067.0;13067.0;0.146156;10.563237;13067.0
5974;MSTS;QPLIB_5881.qs;60;74;13067.0;13067.0;0.166351;10.729588;13067.0
5975;MSTS;QPLIB_5881.qs;60;75;13067.0;13067.0;0.162028;10.891616;13067.0
5976;MSTS;QPLIB_5881.qs;60;76;13060.0;13067.0;0.212068;11.103684;13067.0
5977;MSTS;QPLIB_5881.qs;60;77;13067.0;13067.0;0.111854;11.215538;13067.0
5978;MSTS;QPLIB_5881.qs;60;78;13067.0;13067.0;0.153158;11.368696;13067.0
5979;MSTS;QPLIB_5881.qs;60;79;13067.0;13067.0;0.160198;11.528894;13067.0
5980;MSTS;QPLIB_5881.qs;60;80;13067.0;13067.0;0.153925;11.682819;13067.0
5981;MSTS;QPLIB_5881.qs;60;81;13067.0;13067.0;0.114924;11.797743;13067.0
5982;MSTS;QPLIB_5881.qs;60;82;13067.0;13067.0;0.116279;11.914022000000001;13067.0
5983;MSTS;QPLIB_5881.qs;60;83;13067.0;13067.0;0.129457;12.043479;13067.0
5984;MSTS;QPLIB_5881.qs;60;84;13060.0;13067.0;0.141646;12.185125;13067.0
5985;MSTS;QPLIB_5881.qs;60;85;13067.0;13067.0;0.111544;12.296669;13067.0
5986;MSTS;QPLIB_5881.qs;60;86;13067.0;13067.0;0.137105;12.433774;13067.0
5987;MSTS;QPLIB_5881.qs;60;87;13067.0;13067.0;0.148304;12.582078000000001;13067.0
5988;MSTS;QPLIB_5881.qs;60;88;13067.0;13067.0;0.120968;12.703046;13067.0
5989;MSTS;QPLIB_5881.qs;60;89;13067.0;13067.0;0.118333;12.821379;13067.0
5990;MSTS;QPLIB_5881.qs;60;90;13067.0;13067.0;0.144052;12.965431;13067.0
5991;MSTS;QPLIB_5881.qs;60;91;13067.0;13067.0;0.176851;13.142282;13067.0
5992;MSTS;QPLIB_5881.qs;60;92;13067.0;13067.0;0.13717;13.279452000000001;13067.0
5993;MSTS;QPLIB_5881.qs;60;93;13067.0;13067.0;0.119519;13.398971;13067.0
5994;MSTS;QPLIB_5881.qs;60;94;13067.0;13067.0;0.121219;13.52019;13067.0
5995;MSTS;QPLIB_5881.qs;60;95;13067.0;13067.0;0.137314;13.657504;13067.0
5996;MSTS;QPLIB_5881.qs;60;96;13067.0;13067.0;0.122933;13.780437000000001;13067.0
5997;MSTS;QPLIB_5881.qs;60;97;13067.0;13067.0;0.172557;13.952994;13067.0
5998;MSTS;QPLIB_5881.qs;60;98;13067.0;13067.0;0.117587;14.070581;13067.0
5999;MSTS;QPLIB_5881.qs;60;99;13067.0;13067.0;0.188249;14.25883;13067.0
6000;MSTS;QPLIB_5881.qs;60;100;13067.0;13067.0;0.157588;14.416418;13067.0
6001;MSTS;QPLIB_5881.qs;61;1;13067.0;13067.0;0.301539;0.301539;13067.0
6002;MSTS;QPLIB_5881.qs;61;2;13067.0;13067.0;0.12548;0.42701900000000004;13067.0
6003;MSTS;QPLIB_5881.qs;61;3;13067.0;13067.0;0.130961;0.55798;13067.0
6004;MSTS;QPLIB_5881.qs;61;4;13051.0;13067.0;0.111667;0.669647;13067.0
6005;MSTS;QPLIB_5881.qs;61;5;13067.0;13067.0;0.113017;0.782664;13067.0
6006;MSTS;QPLIB_5881.qs;61;6;13067.0;13067.0;0.128615;0.911279;13067.0
6007;MSTS;QPLIB_5881.qs;61;7;13067.0;13067.0;0.1494;1.060679;13067.0
6008;MSTS;QPLIB_5881.qs;61;8;13067.0;13067.0;0.167018;1.227697;13067.0
6009;MSTS;QPLIB_5881.qs;61;9;13067.0;13067.0;0.116355;1.344052;13067.0
6010;MSTS;QPLIB_5881.qs;61;10;13067.0;13067.0;0.159258;1.50331;13067.0
6011;MSTS;QPLIB_5881.qs;61;11;13060.0;13067.0;0.139442;1.642752;13067.0
6012;MSTS;QPLIB_5881.qs;61;12;13067.0;13067.0;0.111972;1.754724;13067.0
6013;MSTS;QPLIB_5881.qs;61;13;13067.0;13067.0;0.162839;1.9175630000000001;13067.0
6014;MSTS;QPLIB_5881.qs;61;14;13067.0;13067.0;0.175968;2.093531;13067.0
6015;MSTS;QPLIB_5881.qs;61;15;13067.0;13067.0;0.153157;2.2466880000000002;13067.0
6016;MSTS;QPLIB_5881.qs;61;16;13051.0;13067.0;0.111386;2.3580740000000002;13067.0
6017;MSTS;QPLIB_5881.qs;61;17;13067.0;13067.0;0.119751;2.477825;13067.0
6018;MSTS;QPLIB_5881.qs;61;18;13051.0;13067.0;0.111416;2.589241;13067.0
6019;MSTS;QPLIB_5881.qs;61;19;13067.0;13067.0;0.16983;2.759071;13067.0
6020;MSTS;QPLIB_5881.qs;61;20;13067.0;13067.0;0.162833;2.921904;13067.0
6021;MSTS;QPLIB_5881.qs;61;21;13067.0;13067.0;0.120169;3.0420730000000002;13067.0
6022;MSTS;QPLIB_5881.qs;61;22;13067.0;13067.0;0.118521;3.160594;13067.0
6023;MSTS;QPLIB_5881.qs;61;23;13067.0;13067.0;0.147711;3.3083050000000003;13067.0
6024;MSTS;QPLIB_5881.qs;61;24;13067.0;13067.0;0.161448;3.4697530000000003;13067.0
6025;MSTS;QPLIB_5881.qs;61;25;13067.0;13067.0;0.147664;3.617417;13067.0
6026;MSTS;QPLIB_5881.qs;61;26;13067.0;13067.0;0.142608;3.760025;13067.0
6027;MSTS;QPLIB_5881.qs;61;27;13067.0;13067.0;0.114669;3.8746940000000003;13067.0
6028;MSTS;QPLIB_5881.qs;61;28;13067.0;13067.0;0.118121;3.9928150000000002;13067.0
6029;MSTS;QPLIB_5881.qs;61;29;13067.0;13067.0;0.13178;4.124595;13067.0
6030;MSTS;QPLIB_5881.qs;61;30;13067.0;13067.0;0.164221;4.288816;13067.0
6031;MSTS;QPLIB_5881.qs;61;31;13067.0;13067.0;0.119653;4.408469;13067.0
6032;MSTS;QPLIB_5881.qs;61;32;13051.0;13067.0;0.111275;4.519744;13067.0
6033;MSTS;QPLIB_5881.qs;61;33;13067.0;13067.0;0.114071;4.633815;13067.0
6034;MSTS;QPLIB_5881.qs;61;34;13051.0;13067.0;0.111667;4.745482;13067.0
6035;MSTS;QPLIB_5881.qs;61;35;13067.0;13067.0;0.160628;4.90611;13067.0
6036;MSTS;QPLIB_5881.qs;61;36;13067.0;13067.0;0.158931;5.065041;13067.0
6037;MSTS;QPLIB_5881.qs;61;37;13067.0;13067.0;0.116135;5.181176;13067.0
6038;MSTS;QPLIB_5881.qs;61;38;13051.0;13067.0;0.111398;5.292574;13067.0
6039;MSTS;QPLIB_5881.qs;61;39;13067.0;13067.0;0.1177;5.410274;13067.0
6040;MSTS;QPLIB_5881.qs;61;40;13067.0;13067.0;0.124927;5.535201;13067.0
6041;MSTS;QPLIB_5881.qs;61;41;13067.0;13067.0;0.113434;5.6486350000000005;13067.0
6042;MSTS;QPLIB_5881.qs;61;42;13060.0;13067.0;0.168761;5.8173960000000005;13067.0
6043;MSTS;QPLIB_5881.qs;61;43;13067.0;13067.0;0.111585;5.928981;13067.0
6044;MSTS;QPLIB_5881.qs;61;44;13067.0;13067.0;0.124071;6.053052;13067.0
6045;MSTS;QPLIB_5881.qs;61;45;13067.0;13067.0;0.199566;6.252618;13067.0
6046;MSTS;QPLIB_5881.qs;61;46;13067.0;13067.0;0.125243;6.377861;13067.0
6047;MSTS;QPLIB_5881.qs;61;47;13067.0;13067.0;0.137103;6.514964;13067.0
6048;MSTS;QPLIB_5881.qs;61;48;13067.0;13067.0;0.119187;6.634151;13067.0
6049;MSTS;QPLIB_5881.qs;61;49;13067.0;13067.0;0.129293;6.763444;13067.0
6050;MSTS;QPLIB_5881.qs;61;50;13067.0;13067.0;0.146596;6.91004;13067.0
6051;MSTS;QPLIB_5881.qs;61;51;13051.0;13067.0;0.111393;7.021433;13067.0
6052;MSTS;QPLIB_5881.qs;61;52;13067.0;13067.0;0.114941;7.136374;13067.0
6053;MSTS;QPLIB_5881.qs;61;53;13067.0;13067.0;0.126088;7.262462;13067.0
6054;MSTS;QPLIB_5881.qs;61;54;13067.0;13067.0;0.198868;7.46133;13067.0
6055;MSTS;QPLIB_5881.qs;61;55;13067.0;13067.0;0.129278;7.5906080000000005;13067.0
6056;MSTS;QPLIB_5881.qs;61;56;13067.0;13067.0;0.186051;7.776659;13067.0
6057;MSTS;QPLIB_5881.qs;61;57;13067.0;13067.0;0.134445;7.911104;13067.0
6058;MSTS;QPLIB_5881.qs;61;58;13067.0;13067.0;0.141398;8.052502;13067.0
6059;MSTS;QPLIB_5881.qs;61;59;13051.0;13067.0;0.113153;8.165655000000001;13067.0
6060;MSTS;QPLIB_5881.qs;61;60;13067.0;13067.0;0.121628;8.287283;13067.0
6061;MSTS;QPLIB_5881.qs;61;61;13067.0;13067.0;0.129139;8.416422;13067.0
6062;MSTS;QPLIB_5881.qs;61;62;13067.0;13067.0;0.193723;8.610145;13067.0
6063;MSTS;QPLIB_5881.qs;61;63;13067.0;13067.0;0.116976;8.727121;13067.0
6064;MSTS;QPLIB_5881.qs;61;64;13067.0;13067.0;0.141354;8.868475;13067.0
6065;MSTS;QPLIB_5881.qs;61;65;13067.0;13067.0;0.143552;9.012027;13067.0
6066;MSTS;QPLIB_5881.qs;61;66;13067.0;13067.0;0.124714;9.136741;13067.0
6067;MSTS;QPLIB_5881.qs;61;67;13067.0;13067.0;0.130866;9.267607;13067.0
6068;MSTS;QPLIB_5881.qs;61;68;13067.0;13067.0;0.145419;9.413026;13067.0
6069;MSTS;QPLIB_5881.qs;61;69;13067.0;13067.0;0.149995;9.563021;13067.0
6070;MSTS;QPLIB_5881.qs;61;70;13067.0;13067.0;0.118697;9.681718;13067.0
6071;MSTS;QPLIB_5881.qs;61;71;13067.0;13067.0;0.155027;9.836745;13067.0
6072;MSTS;QPLIB_5881.qs;61;72;13067.0;13067.0;0.178605;10.01535;13067.0
6073;MSTS;QPLIB_5881.qs;61;73;13067.0;13067.0;0.163062;10.178412;13067.0
6074;MSTS;QPLIB_5881.qs;61;74;13067.0;13067.0;0.1328;10.311212;13067.0
6075;MSTS;QPLIB_5881.qs;61;75;13067.0;13067.0;0.11643;10.427642;13067.0
6076;MSTS;QPLIB_5881.qs;61;76;13067.0;13067.0;0.119719;10.547361;13067.0
6077;MSTS;QPLIB_5881.qs;61;77;13067.0;13067.0;0.113487;10.660848;13067.0
6078;MSTS;QPLIB_5881.qs;61;78;13067.0;13067.0;0.120713;10.781561;13067.0
6079;MSTS;QPLIB_5881.qs;61;79;13067.0;13067.0;0.190729;10.972290000000001;13067.0
6080;MSTS;QPLIB_5881.qs;61;80;13067.0;13067.0;0.155157;11.127447;13067.0
6081;MSTS;QPLIB_5881.qs;61;81;13067.0;13067.0;0.12003;11.247477;13067.0
6082;MSTS;QPLIB_5881.qs;61;82;13067.0;13067.0;0.122126;11.369603;13067.0
6083;MSTS;QPLIB_5881.qs;61;83;13067.0;13067.0;0.127597;11.4972;13067.0
6084;MSTS;QPLIB_5881.qs;61;84;13067.0;13067.0;0.15097;11.64817;13067.0
6085;MSTS;QPLIB_5881.qs;61;85;13067.0;13067.0;0.115146;11.763316;13067.0
6086;MSTS;QPLIB_5881.qs;61;86;13067.0;13067.0;0.118148;11.881464;13067.0
6087;MSTS;QPLIB_5881.qs;61;87;13067.0;13067.0;0.14908;12.030544;13067.0
6088;MSTS;QPLIB_5881.qs;61;88;13067.0;13067.0;0.11729;12.147834;13067.0
6089;MSTS;QPLIB_5881.qs;61;89;13067.0;13067.0;0.139298;12.287132;13067.0
6090;MSTS;QPLIB_5881.qs;61;90;13067.0;13067.0;0.14752;12.434652;13067.0
6091;MSTS;QPLIB_5881.qs;61;91;13060.0;13067.0;0.113409;12.548061;13067.0
6092;MSTS;QPLIB_5881.qs;61;92;13067.0;13067.0;0.111666;12.659727;13067.0
6093;MSTS;QPLIB_5881.qs;61;93;13067.0;13067.0;0.150562;12.810289000000001;13067.0
6094;MSTS;QPLIB_5881.qs;61;94;13067.0;13067.0;0.162383;12.972672;13067.0
6095;MSTS;QPLIB_5881.qs;61;95;13067.0;13067.0;0.115724;13.088396;13067.0
6096;MSTS;QPLIB_5881.qs;61;96;13067.0;13067.0;0.134223;13.222619;13067.0
6097;MSTS;QPLIB_5881.qs;61;97;13067.0;13067.0;0.192757;13.415376;13067.0
6098;MSTS;QPLIB_5881.qs;61;98;13067.0;13067.0;0.112569;13.527945;13067.0
6099;MSTS;QPLIB_5881.qs;61;99;13067.0;13067.0;0.120883;13.648828;13067.0
6100;MSTS;QPLIB_5881.qs;61;100;13067.0;13067.0;0.114314;13.763142;13067.0
6101;MSTS;QPLIB_5881.qs;62;1;13067.0;13067.0;0.243636;0.243636;13067.0
6102;MSTS;QPLIB_5881.qs;62;2;13067.0;13067.0;0.114465;0.358101;13067.0
6103;MSTS;QPLIB_5881.qs;62;3;13067.0;13067.0;0.172917;0.531018;13067.0
6104;MSTS;QPLIB_5881.qs;62;4;13067.0;13067.0;0.18128;0.712298;13067.0
6105;MSTS;QPLIB_5881.qs;62;5;13067.0;13067.0;0.166439;0.878737;13067.0
6106;MSTS;QPLIB_5881.qs;62;6;13067.0;13067.0;0.171987;1.050724;13067.0
6107;MSTS;QPLIB_5881.qs;62;7;13067.0;13067.0;0.133938;1.1846619999999999;13067.0
6108;MSTS;QPLIB_5881.qs;62;8;13067.0;13067.0;0.127395;1.312057;13067.0
6109;MSTS;QPLIB_5881.qs;62;9;13067.0;13067.0;0.161886;1.473943;13067.0
6110;MSTS;QPLIB_5881.qs;62;10;13051.0;13067.0;0.107348;1.581291;13067.0
6111;MSTS;QPLIB_5881.qs;62;11;13067.0;13067.0;0.140108;1.721399;13067.0
6112;MSTS;QPLIB_5881.qs;62;12;13067.0;13067.0;0.183473;1.9048720000000001;13067.0
6113;MSTS;QPLIB_5881.qs;62;13;13067.0;13067.0;0.116895;2.021767;13067.0
6114;MSTS;QPLIB_5881.qs;62;14;13067.0;13067.0;0.116729;2.138496;13067.0
6115;MSTS;QPLIB_5881.qs;62;15;13067.0;13067.0;0.144763;2.283259;13067.0
6116;MSTS;QPLIB_5881.qs;62;16;13067.0;13067.0;0.124366;2.407625;13067.0
6117;MSTS;QPLIB_5881.qs;62;17;13067.0;13067.0;0.133427;2.541052;13067.0
6118;MSTS;QPLIB_5881.qs;62;18;13067.0;13067.0;0.12789;2.668942;13067.0
6119;MSTS;QPLIB_5881.qs;62;19;13067.0;13067.0;0.132952;2.801894;13067.0
6120;MSTS;QPLIB_5881.qs;62;20;13067.0;13067.0;0.109514;2.9114079999999998;13067.0
6121;MSTS;QPLIB_5881.qs;62;21;13067.0;13067.0;0.108563;3.019971;13067.0
6122;MSTS;QPLIB_5881.qs;62;22;13051.0;13067.0;0.107429;3.1274;13067.0
6123;MSTS;QPLIB_5881.qs;62;23;13067.0;13067.0;0.132429;3.259829;13067.0
6124;MSTS;QPLIB_5881.qs;62;24;13051.0;13067.0;0.10744;3.367269;13067.0
6125;MSTS;QPLIB_5881.qs;62;25;13067.0;13067.0;0.117277;3.484546;13067.0
6126;MSTS;QPLIB_5881.qs;62;26;13067.0;13067.0;0.133321;3.617867;13067.0
6127;MSTS;QPLIB_5881.qs;62;27;13067.0;13067.0;0.162392;3.780259;13067.0
6128;MSTS;QPLIB_5881.qs;62;28;13067.0;13067.0;0.117023;3.897282;13067.0
6129;MSTS;QPLIB_5881.qs;62;29;13067.0;13067.0;0.15257;4.049852;13067.0
6130;MSTS;QPLIB_5881.qs;62;30;13067.0;13067.0;0.123407;4.173259;13067.0
6131;MSTS;QPLIB_5881.qs;62;31;13067.0;13067.0;0.109709;4.282968;13067.0
6132;MSTS;QPLIB_5881.qs;62;32;13067.0;13067.0;0.137416;4.420384;13067.0
6133;MSTS;QPLIB_5881.qs;62;33;13067.0;13067.0;0.128167;4.548551;13067.0
6134;MSTS;QPLIB_5881.qs;62;34;13067.0;13067.0;0.135097;4.683648;13067.0
6135;MSTS;QPLIB_5881.qs;62;35;13067.0;13067.0;0.139393;4.823041;13067.0
6136;MSTS;QPLIB_5881.qs;62;36;13067.0;13067.0;0.184279;5.00732;13067.0
6137;MSTS;QPLIB_5881.qs;62;37;13067.0;13067.0;0.119243;5.126563;13067.0
6138;MSTS;QPLIB_5881.qs;62;38;13067.0;13067.0;0.110778;5.237341;13067.0
6139;MSTS;QPLIB_5881.qs;62;39;13067.0;13067.0;0.157645;5.394986;13067.0
6140;MSTS;QPLIB_5881.qs;62;40;13067.0;13067.0;0.147941;5.542927;13067.0
6141;MSTS;QPLIB_5881.qs;62;41;13051.0;13067.0;0.107214;5.650141;13067.0
6142;MSTS;QPLIB_5881.qs;62;42;13067.0;13067.0;0.187334;5.837475;13067.0
6143;MSTS;QPLIB_5881.qs;62;43;13067.0;13067.0;0.110512;5.947987;13067.0
6144;MSTS;QPLIB_5881.qs;62;44;13051.0;13067.0;0.10785;6.055837;13067.0
6145;MSTS;QPLIB_5881.qs;62;45;13067.0;13067.0;0.108984;6.164821;13067.0
6146;MSTS;QPLIB_5881.qs;62;46;13067.0;13067.0;0.110682;6.275503;13067.0
6147;MSTS;QPLIB_5881.qs;62;47;13067.0;13067.0;0.169144;6.444647;13067.0
6148;MSTS;QPLIB_5881.qs;62;48;13067.0;13067.0;0.111161;6.555808;13067.0
6149;MSTS;QPLIB_5881.qs;62;49;13067.0;13067.0;0.136654;6.692462;13067.0
6150;MSTS;QPLIB_5881.qs;62;50;13067.0;13067.0;0.132943;6.825405;13067.0
6151;MSTS;QPLIB_5881.qs;62;51;13067.0;13067.0;0.164377;6.989782;13067.0
6152;MSTS;QPLIB_5881.qs;62;52;13067.0;13067.0;0.173506;7.163288;13067.0
6153;MSTS;QPLIB_5881.qs;62;53;13051.0;13067.0;0.107372;7.27066;13067.0
6154;MSTS;QPLIB_5881.qs;62;54;13067.0;13067.0;0.177141;7.447801;13067.0
6155;MSTS;QPLIB_5881.qs;62;55;13067.0;13067.0;0.111137;7.558938;13067.0
6156;MSTS;QPLIB_5881.qs;62;56;13067.0;13067.0;0.146851;7.705789;13067.0
6157;MSTS;QPLIB_5881.qs;62;57;13067.0;13067.0;0.119102;7.824891;13067.0
6158;MSTS;QPLIB_5881.qs;62;58;13051.0;13067.0;0.107402;7.932293;13067.0
6159;MSTS;QPLIB_5881.qs;62;59;13067.0;13067.0;0.173691;8.105984;13067.0
6160;MSTS;QPLIB_5881.qs;62;60;13067.0;13067.0;0.210631;8.316615;13067.0
6161;MSTS;QPLIB_5881.qs;62;61;13067.0;13067.0;0.13615;8.452765;13067.0
6162;MSTS;QPLIB_5881.qs;62;62;13067.0;13067.0;0.119091;8.571856;13067.0
6163;MSTS;QPLIB_5881.qs;62;63;13067.0;13067.0;0.139451;8.711307;13067.0
6164;MSTS;QPLIB_5881.qs;62;64;13067.0;13067.0;0.125978;8.837285;13067.0
6165;MSTS;QPLIB_5881.qs;62;65;13067.0;13067.0;0.10832;8.945605;13067.0
6166;MSTS;QPLIB_5881.qs;62;66;13067.0;13067.0;0.16133;9.106935;13067.0
6167;MSTS;QPLIB_5881.qs;62;67;13067.0;13067.0;0.113477;9.220412;13067.0
6168;MSTS;QPLIB_5881.qs;62;68;13067.0;13067.0;0.111837;9.332249000000001;13067.0
6169;MSTS;QPLIB_5881.qs;62;69;13067.0;13067.0;0.266249;9.598498;13067.0
6170;MSTS;QPLIB_5881.qs;62;70;13067.0;13067.0;0.114834;9.713332;13067.0
6171;MSTS;QPLIB_5881.qs;62;71;13067.0;13067.0;0.130427;9.843759;13067.0
6172;MSTS;QPLIB_5881.qs;62;72;13067.0;13067.0;0.139627;9.983386;13067.0
6173;MSTS;QPLIB_5881.qs;62;73;13067.0;13067.0;0.120271;10.103657;13067.0
6174;MSTS;QPLIB_5881.qs;62;74;13067.0;13067.0;0.114234;10.217891;13067.0
6175;MSTS;QPLIB_5881.qs;62;75;13067.0;13067.0;0.117975;10.335866;13067.0
6176;MSTS;QPLIB_5881.qs;62;76;13067.0;13067.0;0.140457;10.476323;13067.0
6177;MSTS;QPLIB_5881.qs;62;77;13067.0;13067.0;0.129836;10.606159;13067.0
6178;MSTS;QPLIB_5881.qs;62;78;13067.0;13067.0;0.165446;10.771605;13067.0
6179;MSTS;QPLIB_5881.qs;62;79;13067.0;13067.0;0.141118;10.912723;13067.0
6180;MSTS;QPLIB_5881.qs;62;80;13067.0;13067.0;0.153021;11.065744;13067.0
6181;MSTS;QPLIB_5881.qs;62;81;13067.0;13067.0;0.113501;11.179245;13067.0
6182;MSTS;QPLIB_5881.qs;62;82;13067.0;13067.0;0.250366;11.429611;13067.0
6183;MSTS;QPLIB_5881.qs;62;83;13067.0;13067.0;0.16658;11.596191;13067.0
6184;MSTS;QPLIB_5881.qs;62;84;13067.0;13067.0;0.109127;11.705318;13067.0
6185;MSTS;QPLIB_5881.qs;62;85;13060.0;13067.0;0.13235;11.837668;13067.0
6186;MSTS;QPLIB_5881.qs;62;86;13067.0;13067.0;0.107741;11.945409;13067.0
6187;MSTS;QPLIB_5881.qs;62;87;13067.0;13067.0;0.111766;12.057175;13067.0
6188;MSTS;QPLIB_5881.qs;62;88;13060.0;13067.0;0.117025;12.1742;13067.0
6189;MSTS;QPLIB_5881.qs;62;89;13067.0;13067.0;0.107602;12.281802;13067.0
6190;MSTS;QPLIB_5881.qs;62;90;13067.0;13067.0;0.142533;12.424335;13067.0
6191;MSTS;QPLIB_5881.qs;62;91;13067.0;13067.0;0.116924;12.541259;13067.0
6192;MSTS;QPLIB_5881.qs;62;92;13051.0;13067.0;0.110539;12.651798;13067.0
6193;MSTS;QPLIB_5881.qs;62;93;13067.0;13067.0;0.108231;12.760029;13067.0
6194;MSTS;QPLIB_5881.qs;62;94;13067.0;13067.0;0.11282;12.872849;13067.0
6195;MSTS;QPLIB_5881.qs;62;95;13067.0;13067.0;0.112259;12.985108;13067.0
6196;MSTS;QPLIB_5881.qs;62;96;13067.0;13067.0;0.127181;13.112289;13067.0
6197;MSTS;QPLIB_5881.qs;62;97;13067.0;13067.0;0.129804;13.242093;13067.0
6198;MSTS;QPLIB_5881.qs;62;98;13067.0;13067.0;0.10855;13.350643;13067.0
6199;MSTS;QPLIB_5881.qs;62;99;13067.0;13067.0;0.133288;13.483931;13067.0
6200;MSTS;QPLIB_5881.qs;62;100;13067.0;13067.0;0.110708;13.594639;13067.0
6201;MSTS;QPLIB_5881.qs;63;1;13067.0;13067.0;0.223913;0.223913;13067.0
6202;MSTS;QPLIB_5881.qs;63;2;13067.0;13067.0;0.201461;0.42537400000000003;13067.0
6203;MSTS;QPLIB_5881.qs;63;3;13067.0;13067.0;0.16102;0.586394;13067.0
6204;MSTS;QPLIB_5881.qs;63;4;13067.0;13067.0;0.1545;0.7408939999999999;13067.0
6205;MSTS;QPLIB_5881.qs;63;5;13067.0;13067.0;0.222246;0.96314;13067.0
6206;MSTS;QPLIB_5881.qs;63;6;13067.0;13067.0;0.117755;1.080895;13067.0
6207;MSTS;QPLIB_5881.qs;63;7;13067.0;13067.0;0.162865;1.24376;13067.0
6208;MSTS;QPLIB_5881.qs;63;8;13067.0;13067.0;0.124025;1.367785;13067.0
6209;MSTS;QPLIB_5881.qs;63;9;13067.0;13067.0;0.138621;1.506406;13067.0
6210;MSTS;QPLIB_5881.qs;63;10;13051.0;13067.0;0.107181;1.6135869999999999;13067.0
6211;MSTS;QPLIB_5881.qs;63;11;13067.0;13067.0;0.108636;1.722223;13067.0
6212;MSTS;QPLIB_5881.qs;63;12;13051.0;13067.0;0.107277;1.8295;13067.0
6213;MSTS;QPLIB_5881.qs;63;13;13067.0;13067.0;0.109299;1.938799;13067.0
6214;MSTS;QPLIB_5881.qs;63;14;13067.0;13067.0;0.128567;2.067366;13067.0
6215;MSTS;QPLIB_5881.qs;63;15;13067.0;13067.0;0.132957;2.200323;13067.0
6216;MSTS;QPLIB_5881.qs;63;16;13067.0;13067.0;0.132233;2.332556;13067.0
6217;MSTS;QPLIB_5881.qs;63;17;13067.0;13067.0;0.137694;2.47025;13067.0
6218;MSTS;QPLIB_5881.qs;63;18;13067.0;13067.0;0.137939;2.608189;13067.0
6219;MSTS;QPLIB_5881.qs;63;19;13067.0;13067.0;0.120776;2.728965;13067.0
6220;MSTS;QPLIB_5881.qs;63;20;13051.0;13067.0;0.10722;2.836185;13067.0
6221;MSTS;QPLIB_5881.qs;63;21;13067.0;13067.0;0.123929;2.960114;13067.0
6222;MSTS;QPLIB_5881.qs;63;22;13067.0;13067.0;0.150885;3.110999;13067.0
6223;MSTS;QPLIB_5881.qs;63;23;13067.0;13067.0;0.11851;3.229509;13067.0
6224;MSTS;QPLIB_5881.qs;63;24;13067.0;13067.0;0.113709;3.343218;13067.0
6225;MSTS;QPLIB_5881.qs;63;25;13067.0;13067.0;0.163843;3.5070609999999998;13067.0
6226;MSTS;QPLIB_5881.qs;63;26;13067.0;13067.0;0.148005;3.655066;13067.0
6227;MSTS;QPLIB_5881.qs;63;27;13067.0;13067.0;0.13106;3.786126;13067.0
6228;MSTS;QPLIB_5881.qs;63;28;13067.0;13067.0;0.124116;3.9102419999999998;13067.0
6229;MSTS;QPLIB_5881.qs;63;29;13067.0;13067.0;0.109781;4.020023;13067.0
6230;MSTS;QPLIB_5881.qs;63;30;13067.0;13067.0;0.148481;4.168504;13067.0
6231;MSTS;QPLIB_5881.qs;63;31;13067.0;13067.0;0.109258;4.277762;13067.0
6232;MSTS;QPLIB_5881.qs;63;32;13067.0;13067.0;0.127074;4.4048359999999995;13067.0
6233;MSTS;QPLIB_5881.qs;63;33;13067.0;13067.0;0.116658;4.521494;13067.0
6234;MSTS;QPLIB_5881.qs;63;34;13067.0;13067.0;0.116426;4.63792;13067.0
6235;MSTS;QPLIB_5881.qs;63;35;13067.0;13067.0;0.110015;4.747935;13067.0
6236;MSTS;QPLIB_5881.qs;63;36;13067.0;13067.0;0.175236;4.923171;13067.0
6237;MSTS;QPLIB_5881.qs;63;37;13067.0;13067.0;0.115586;5.038757;13067.0
6238;MSTS;QPLIB_5881.qs;63;38;13067.0;13067.0;0.128276;5.167033;13067.0
6239;MSTS;QPLIB_5881.qs;63;39;13067.0;13067.0;0.140388;5.307421;13067.0
6240;MSTS;QPLIB_5881.qs;63;40;13067.0;13067.0;0.143077;5.450498;13067.0
6241;MSTS;QPLIB_5881.qs;63;41;13067.0;13067.0;0.11684;5.567338;13067.0
6242;MSTS;QPLIB_5881.qs;63;42;13067.0;13067.0;0.132748;5.700086;13067.0
6243;MSTS;QPLIB_5881.qs;63;43;13067.0;13067.0;0.133387;5.833473;13067.0
6244;MSTS;QPLIB_5881.qs;63;44;13067.0;13067.0;0.131807;5.96528;13067.0
6245;MSTS;QPLIB_5881.qs;63;45;13051.0;13067.0;0.108488;6.073768;13067.0
6246;MSTS;QPLIB_5881.qs;63;46;13067.0;13067.0;0.115507;6.189275;13067.0
6247;MSTS;QPLIB_5881.qs;63;47;13067.0;13067.0;0.115392;6.304667;13067.0
6248;MSTS;QPLIB_5881.qs;63;48;13067.0;13067.0;0.157376;6.4620429999999995;13067.0
6249;MSTS;QPLIB_5881.qs;63;49;13067.0;13067.0;0.12285;6.584893;13067.0
6250;MSTS;QPLIB_5881.qs;63;50;13051.0;13067.0;0.105183;6.690076;13067.0
6251;MSTS;QPLIB_5881.qs;63;51;13067.0;13067.0;0.104309;6.794385;13067.0
6252;MSTS;QPLIB_5881.qs;63;52;13067.0;13067.0;0.116974;6.911359;13067.0
6253;MSTS;QPLIB_5881.qs;63;53;13067.0;13067.0;0.198208;7.109567;13067.0
6254;MSTS;QPLIB_5881.qs;63;54;13067.0;13067.0;0.117338;7.226905;13067.0
6255;MSTS;QPLIB_5881.qs;63;55;13067.0;13067.0;0.131981;7.358886;13067.0
6256;MSTS;QPLIB_5881.qs;63;56;13067.0;13067.0;0.119288;7.478174;13067.0
6257;MSTS;QPLIB_5881.qs;63;57;13067.0;13067.0;0.105503;7.583677;13067.0
6258;MSTS;QPLIB_5881.qs;63;58;13067.0;13067.0;0.14038;7.724057;13067.0
6259;MSTS;QPLIB_5881.qs;63;59;13067.0;13067.0;0.154068;7.878125;13067.0
6260;MSTS;QPLIB_5881.qs;63;60;13067.0;13067.0;0.109455;7.98758;13067.0
6261;MSTS;QPLIB_5881.qs;63;61;13067.0;13067.0;0.151611;8.139191;13067.0
6262;MSTS;QPLIB_5881.qs;63;62;13067.0;13067.0;0.129471;8.268661999999999;13067.0
6263;MSTS;QPLIB_5881.qs;63;63;13067.0;13067.0;0.119529;8.388190999999999;13067.0
6264;MSTS;QPLIB_5881.qs;63;64;13067.0;13067.0;0.118448;8.506639;13067.0
6265;MSTS;QPLIB_5881.qs;63;65;13067.0;13067.0;0.11582;8.622459;13067.0
6266;MSTS;QPLIB_5881.qs;63;66;13067.0;13067.0;0.10786;8.730319;13067.0
6267;MSTS;QPLIB_5881.qs;63;67;13067.0;13067.0;0.126446;8.856765;13067.0
6268;MSTS;QPLIB_5881.qs;63;68;13067.0;13067.0;0.131307;8.988072;13067.0
6269;MSTS;QPLIB_5881.qs;63;69;13067.0;13067.0;0.127845;9.115917;13067.0
6270;MSTS;QPLIB_5881.qs;63;70;13067.0;13067.0;0.108758;9.224675;13067.0
6271;MSTS;QPLIB_5881.qs;63;71;13067.0;13067.0;0.137302;9.361977;13067.0
6272;MSTS;QPLIB_5881.qs;63;72;13067.0;13067.0;0.14661;9.508587;13067.0
6273;MSTS;QPLIB_5881.qs;63;73;13067.0;13067.0;0.10529;9.613877;13067.0
6274;MSTS;QPLIB_5881.qs;63;74;13051.0;13067.0;0.103577;9.717454;13067.0
6275;MSTS;QPLIB_5881.qs;63;75;13067.0;13067.0;0.108366;9.82582;13067.0
6276;MSTS;QPLIB_5881.qs;63;76;13067.0;13067.0;0.120455;9.946275;13067.0
6277;MSTS;QPLIB_5881.qs;63;77;13067.0;13067.0;0.119463;10.065738;13067.0
6278;MSTS;QPLIB_5881.qs;63;78;13067.0;13067.0;0.131865;10.197602999999999;13067.0
6279;MSTS;QPLIB_5881.qs;63;79;13067.0;13067.0;0.15074;10.348343;13067.0
6280;MSTS;QPLIB_5881.qs;63;80;13067.0;13067.0;0.121894;10.470237;13067.0
6281;MSTS;QPLIB_5881.qs;63;81;13067.0;13067.0;0.111708;10.581945;13067.0
6282;MSTS;QPLIB_5881.qs;63;82;13067.0;13067.0;0.133674;10.715619;13067.0
6283;MSTS;QPLIB_5881.qs;63;83;13067.0;13067.0;0.181194;10.896813;13067.0
6284;MSTS;QPLIB_5881.qs;63;84;13067.0;13067.0;0.15673;11.053543;13067.0
6285;MSTS;QPLIB_5881.qs;63;85;13051.0;13067.0;0.105006;11.158549;13067.0
6286;MSTS;QPLIB_5881.qs;63;86;13067.0;13067.0;0.110515;11.269064;13067.0
6287;MSTS;QPLIB_5881.qs;63;87;13067.0;13067.0;0.105352;11.374416;13067.0
6288;MSTS;QPLIB_5881.qs;63;88;13067.0;13067.0;0.134726;11.509142;13067.0
6289;MSTS;QPLIB_5881.qs;63;89;13067.0;13067.0;0.158961;11.668103;13067.0
6290;MSTS;QPLIB_5881.qs;63;90;13067.0;13067.0;0.121027;11.78913;13067.0
6291;MSTS;QPLIB_5881.qs;63;91;13067.0;13067.0;0.183304;11.972434;13067.0
6292;MSTS;QPLIB_5881.qs;63;92;13067.0;13067.0;0.112517;12.084951;13067.0
6293;MSTS;QPLIB_5881.qs;63;93;13067.0;13067.0;0.112354;12.197305;13067.0
6294;MSTS;QPLIB_5881.qs;63;94;13067.0;13067.0;0.114551;12.311856;13067.0
6295;MSTS;QPLIB_5881.qs;63;95;13067.0;13067.0;0.132991;12.444847;13067.0
6296;MSTS;QPLIB_5881.qs;63;96;13067.0;13067.0;0.111341;12.556188;13067.0
6297;MSTS;QPLIB_5881.qs;63;97;13051.0;13067.0;0.103648;12.659836;13067.0
6298;MSTS;QPLIB_5881.qs;63;98;13067.0;13067.0;0.104513;12.764349;13067.0
6299;MSTS;QPLIB_5881.qs;63;99;13067.0;13067.0;0.129608;12.893957;13067.0
6300;MSTS;QPLIB_5881.qs;63;100;13067.0;13067.0;0.175927;13.069884;13067.0
6301;MSTS;QPLIB_5881.qs;64;1;13067.0;13067.0;0.227117;0.227117;13067.0
6302;MSTS;QPLIB_5881.qs;64;2;13067.0;13067.0;0.131798;0.358915;13067.0
6303;MSTS;QPLIB_5881.qs;64;3;13067.0;13067.0;0.123759;0.482674;13067.0
6304;MSTS;QPLIB_5881.qs;64;4;13060.0;13067.0;0.145068;0.627742;13067.0
6305;MSTS;QPLIB_5881.qs;64;5;13067.0;13067.0;0.10368;0.731422;13067.0
6306;MSTS;QPLIB_5881.qs;64;6;13067.0;13067.0;0.110189;0.841611;13067.0
6307;MSTS;QPLIB_5881.qs;64;7;13067.0;13067.0;0.123197;0.964808;13067.0
6308;MSTS;QPLIB_5881.qs;64;8;13067.0;13067.0;0.114303;1.079111;13067.0
6309;MSTS;QPLIB_5881.qs;64;9;13067.0;13067.0;0.115471;1.194582;13067.0
6310;MSTS;QPLIB_5881.qs;64;10;13051.0;13067.0;0.103942;1.298524;13067.0
6311;MSTS;QPLIB_5881.qs;64;11;13060.0;13067.0;0.105679;1.404203;13067.0
6312;MSTS;QPLIB_5881.qs;64;12;13067.0;13067.0;0.103706;1.507909;13067.0
6313;MSTS;QPLIB_5881.qs;64;13;13051.0;13067.0;0.103885;1.611794;13067.0
6314;MSTS;QPLIB_5881.qs;64;14;13051.0;13067.0;0.104686;1.71648;13067.0
6315;MSTS;QPLIB_5881.qs;64;15;13067.0;13067.0;0.104748;1.821228;13067.0
6316;MSTS;QPLIB_5881.qs;64;16;13051.0;13067.0;0.103612;1.92484;13067.0
6317;MSTS;QPLIB_5881.qs;64;17;13067.0;13067.0;0.116996;2.041836;13067.0
6318;MSTS;QPLIB_5881.qs;64;18;13067.0;13067.0;0.122776;2.164612;13067.0
6319;MSTS;QPLIB_5881.qs;64;19;13067.0;13067.0;0.107668;2.27228;13067.0
6320;MSTS;QPLIB_5881.qs;64;20;13067.0;13067.0;0.134993;2.407273;13067.0
6321;MSTS;QPLIB_5881.qs;64;21;13067.0;13067.0;0.174832;2.582105;13067.0
6322;MSTS;QPLIB_5881.qs;64;22;13067.0;13067.0;0.13286;2.714965;13067.0
6323;MSTS;QPLIB_5881.qs;64;23;13067.0;13067.0;0.201651;2.916616;13067.0
6324;MSTS;QPLIB_5881.qs;64;24;13067.0;13067.0;0.130802;3.047418;13067.0
6325;MSTS;QPLIB_5881.qs;64;25;13067.0;13067.0;0.107412;3.15483;13067.0
6326;MSTS;QPLIB_5881.qs;64;26;13067.0;13067.0;0.136722;3.2915520000000003;13067.0
6327;MSTS;QPLIB_5881.qs;64;27;13067.0;13067.0;0.113859;3.405411;13067.0
6328;MSTS;QPLIB_5881.qs;64;28;13067.0;13067.0;0.115941;3.5213520000000003;13067.0
6329;MSTS;QPLIB_5881.qs;64;29;13067.0;13067.0;0.112674;3.634026;13067.0
6330;MSTS;QPLIB_5881.qs;64;30;13067.0;13067.0;0.161066;3.795092;13067.0
6331;MSTS;QPLIB_5881.qs;64;31;13067.0;13067.0;0.125556;3.920648;13067.0
6332;MSTS;QPLIB_5881.qs;64;32;13067.0;13067.0;0.138924;4.059572;13067.0
6333;MSTS;QPLIB_5881.qs;64;33;13067.0;13067.0;0.192953;4.252525;13067.0
6334;MSTS;QPLIB_5881.qs;64;34;13067.0;13067.0;0.113126;4.365651;13067.0
6335;MSTS;QPLIB_5881.qs;64;35;13067.0;13067.0;0.115493;4.4811440000000005;13067.0
6336;MSTS;QPLIB_5881.qs;64;36;13067.0;13067.0;0.117567;4.598711;13067.0
6337;MSTS;QPLIB_5881.qs;64;37;13051.0;13067.0;0.103509;4.70222;13067.0
6338;MSTS;QPLIB_5881.qs;64;38;13067.0;13067.0;0.105293;4.807513;13067.0
6339;MSTS;QPLIB_5881.qs;64;39;13067.0;13067.0;0.14831;4.955823;13067.0
6340;MSTS;QPLIB_5881.qs;64;40;13067.0;13067.0;0.189761;5.145584;13067.0
6341;MSTS;QPLIB_5881.qs;64;41;13067.0;13067.0;0.114228;5.259812;13067.0
6342;MSTS;QPLIB_5881.qs;64;42;13051.0;13067.0;0.103595;5.3634070000000005;13067.0
6343;MSTS;QPLIB_5881.qs;64;43;13067.0;13067.0;0.122306;5.485713;13067.0
6344;MSTS;QPLIB_5881.qs;64;44;13067.0;13067.0;0.13483;5.620543;13067.0
6345;MSTS;QPLIB_5881.qs;64;45;13060.0;13067.0;0.104703;5.725246;13067.0
6346;MSTS;QPLIB_5881.qs;64;46;13067.0;13067.0;0.104612;5.829858;13067.0
6347;MSTS;QPLIB_5881.qs;64;47;13067.0;13067.0;0.122365;5.952223;13067.0
6348;MSTS;QPLIB_5881.qs;64;48;13067.0;13067.0;0.123558;6.075781;13067.0
6349;MSTS;QPLIB_5881.qs;64;49;13067.0;13067.0;0.136622;6.212403;13067.0
6350;MSTS;QPLIB_5881.qs;64;50;13067.0;13067.0;0.151277;6.3636800000000004;13067.0
6351;MSTS;QPLIB_5881.qs;64;51;13067.0;13067.0;0.124069;6.487749;13067.0
6352;MSTS;QPLIB_5881.qs;64;52;13067.0;13067.0;0.127955;6.615704;13067.0
6353;MSTS;QPLIB_5881.qs;64;53;13067.0;13067.0;0.108571;6.7242750000000004;13067.0
6354;MSTS;QPLIB_5881.qs;64;54;13067.0;13067.0;0.141457;6.865732;13067.0
6355;MSTS;QPLIB_5881.qs;64;55;13067.0;13067.0;0.115286;6.981018;13067.0
6356;MSTS;QPLIB_5881.qs;64;56;13067.0;13067.0;0.108592;7.08961;13067.0
6357;MSTS;QPLIB_5881.qs;64;57;13067.0;13067.0;0.118117;7.207727;13067.0
6358;MSTS;QPLIB_5881.qs;64;58;13051.0;13067.0;0.105429;7.313156;13067.0
6359;MSTS;QPLIB_5881.qs;64;59;13067.0;13067.0;0.104374;7.41753;13067.0
6360;MSTS;QPLIB_5881.qs;64;60;13067.0;13067.0;0.120495;7.538025;13067.0
6361;MSTS;QPLIB_5881.qs;64;61;13067.0;13067.0;0.125812;7.663837;13067.0
6362;MSTS;QPLIB_5881.qs;64;62;13067.0;13067.0;0.12585;7.789687;13067.0
6363;MSTS;QPLIB_5881.qs;64;63;13067.0;13067.0;0.145892;7.935579;13067.0
6364;MSTS;QPLIB_5881.qs;64;64;13067.0;13067.0;0.109591;8.04517;13067.0
6365;MSTS;QPLIB_5881.qs;64;65;13067.0;13067.0;0.11513;8.1603;13067.0
6366;MSTS;QPLIB_5881.qs;64;66;13067.0;13067.0;0.188253;8.348553;13067.0
6367;MSTS;QPLIB_5881.qs;64;67;13067.0;13067.0;0.157626;8.506179;13067.0
6368;MSTS;QPLIB_5881.qs;64;68;13067.0;13067.0;0.140733;8.646912;13067.0
6369;MSTS;QPLIB_5881.qs;64;69;13067.0;13067.0;0.104409;8.751321;13067.0
6370;MSTS;QPLIB_5881.qs;64;70;13067.0;13067.0;0.158819;8.91014;13067.0
6371;MSTS;QPLIB_5881.qs;64;71;13067.0;13067.0;0.130598;9.040738;13067.0
6372;MSTS;QPLIB_5881.qs;64;72;13067.0;13067.0;0.118999;9.159737;13067.0
6373;MSTS;QPLIB_5881.qs;64;73;13067.0;13067.0;0.114268;9.274005;13067.0
6374;MSTS;QPLIB_5881.qs;64;74;13067.0;13067.0;0.150009;9.424014;13067.0
6375;MSTS;QPLIB_5881.qs;64;75;13051.0;13067.0;0.103458;9.527472;13067.0
6376;MSTS;QPLIB_5881.qs;64;76;13060.0;13067.0;0.162854;9.690326;13067.0
6377;MSTS;QPLIB_5881.qs;64;77;13067.0;13067.0;0.103622;9.793948;13067.0
6378;MSTS;QPLIB_5881.qs;64;78;13067.0;13067.0;0.186572;9.98052;13067.0
6379;MSTS;QPLIB_5881.qs;64;79;13067.0;13067.0;0.165452;10.145972;13067.0
6380;MSTS;QPLIB_5881.qs;64;80;13067.0;13067.0;0.150927;10.296899;13067.0
6381;MSTS;QPLIB_5881.qs;64;81;13067.0;13067.0;0.14769;10.444589;13067.0
6382;MSTS;QPLIB_5881.qs;64;82;13067.0;13067.0;0.133664;10.578253;13067.0
6383;MSTS;QPLIB_5881.qs;64;83;13067.0;13067.0;0.12146;10.699713;13067.0
6384;MSTS;QPLIB_5881.qs;64;84;13067.0;13067.0;0.122572;10.822285;13067.0
6385;MSTS;QPLIB_5881.qs;64;85;13067.0;13067.0;0.125582;10.947867;13067.0
6386;MSTS;QPLIB_5881.qs;64;86;13067.0;13067.0;0.118864;11.066731;13067.0
6387;MSTS;QPLIB_5881.qs;64;87;13067.0;13067.0;0.134919;11.20165;13067.0
6388;MSTS;QPLIB_5881.qs;64;88;13067.0;13067.0;0.171157;11.372807;13067.0
6389;MSTS;QPLIB_5881.qs;64;89;13067.0;13067.0;0.177356;11.550163;13067.0
6390;MSTS;QPLIB_5881.qs;64;90;13051.0;13067.0;0.103821;11.653984;13067.0
6391;MSTS;QPLIB_5881.qs;64;91;13067.0;13067.0;0.10439;11.758374;13067.0
6392;MSTS;QPLIB_5881.qs;64;92;13067.0;13067.0;0.167199;11.925573;13067.0
6393;MSTS;QPLIB_5881.qs;64;93;13051.0;13067.0;0.103714;12.029287;13067.0
6394;MSTS;QPLIB_5881.qs;64;94;13060.0;13067.0;0.106685;12.135972;13067.0
6395;MSTS;QPLIB_5881.qs;64;95;13067.0;13067.0;0.103987;12.239959;13067.0
6396;MSTS;QPLIB_5881.qs;64;96;13067.0;13067.0;0.107918;12.347877;13067.0
6397;MSTS;QPLIB_5881.qs;64;97;13067.0;13067.0;0.108955;12.456832;13067.0
6398;MSTS;QPLIB_5881.qs;64;98;13067.0;13067.0;0.122532;12.579364;13067.0
6399;MSTS;QPLIB_5881.qs;64;99;13067.0;13067.0;0.179679;12.759043;13067.0
6400;MSTS;QPLIB_5881.qs;64;100;13067.0;13067.0;0.118956;12.877998999999999;13067.0
6401;MSTS;QPLIB_5881.qs;65;1;13067.0;13067.0;0.203513;0.203513;13067.0
6402;MSTS;QPLIB_5881.qs;65;2;13067.0;13067.0;0.1056;0.30911299999999997;13067.0
6403;MSTS;QPLIB_5881.qs;65;3;13067.0;13067.0;0.113443;0.422556;13067.0
6404;MSTS;QPLIB_5881.qs;65;4;13067.0;13067.0;0.134086;0.5566420000000001;13067.0
6405;MSTS;QPLIB_5881.qs;65;5;13067.0;13067.0;0.107176;0.663818;13067.0
6406;MSTS;QPLIB_5881.qs;65;6;13067.0;13067.0;0.1623;0.826118;13067.0
6407;MSTS;QPLIB_5881.qs;65;7;13067.0;13067.0;0.124483;0.950601;13067.0
6408;MSTS;QPLIB_5881.qs;65;8;13067.0;13067.0;0.131713;1.082314;13067.0
6409;MSTS;QPLIB_5881.qs;65;9;13060.0;13067.0;0.127018;1.209332;13067.0
6410;MSTS;QPLIB_5881.qs;65;10;13067.0;13067.0;0.103349;1.312681;13067.0
6411;MSTS;QPLIB_5881.qs;65;11;13067.0;13067.0;0.115173;1.427854;13067.0
6412;MSTS;QPLIB_5881.qs;65;12;13067.0;13067.0;0.110468;1.538322;13067.0
6413;MSTS;QPLIB_5881.qs;65;13;13067.0;13067.0;0.104322;1.642644;13067.0
6414;MSTS;QPLIB_5881.qs;65;14;13051.0;13067.0;0.103368;1.746012;13067.0
6415;MSTS;QPLIB_5881.qs;65;15;13067.0;13067.0;0.105327;1.851339;13067.0
6416;MSTS;QPLIB_5881.qs;65;16;13067.0;13067.0;0.159833;2.011172;13067.0
6417;MSTS;QPLIB_5881.qs;65;17;13067.0;13067.0;0.158594;2.169766;13067.0
6418;MSTS;QPLIB_5881.qs;65;18;13067.0;13067.0;0.122016;2.291782;13067.0
6419;MSTS;QPLIB_5881.qs;65;19;13067.0;13067.0;0.105542;2.397324;13067.0
6420;MSTS;QPLIB_5881.qs;65;20;13067.0;13067.0;0.150773;2.548097;13067.0
6421;MSTS;QPLIB_5881.qs;65;21;13067.0;13067.0;0.122492;2.670589;13067.0
6422;MSTS;QPLIB_5881.qs;65;22;13067.0;13067.0;0.125573;2.796162;13067.0
6423;MSTS;QPLIB_5881.qs;65;23;13067.0;13067.0;0.127542;2.923704;13067.0
6424;MSTS;QPLIB_5881.qs;65;24;13067.0;13067.0;0.115595;3.0392989999999998;13067.0
6425;MSTS;QPLIB_5881.qs;65;25;13067.0;13067.0;0.117807;3.1571059999999997;13067.0
6426;MSTS;QPLIB_5881.qs;65;26;13067.0;13067.0;0.124356;3.281462;13067.0
6427;MSTS;QPLIB_5881.qs;65;27;13067.0;13067.0;0.157352;3.438814;13067.0
6428;MSTS;QPLIB_5881.qs;65;28;13067.0;13067.0;0.138846;3.57766;13067.0
6429;MSTS;QPLIB_5881.qs;65;29;13060.0;13067.0;0.136289;3.713949;13067.0
6430;MSTS;QPLIB_5881.qs;65;30;13067.0;13067.0;0.103698;3.817647;13067.0
6431;MSTS;QPLIB_5881.qs;65;31;13067.0;13067.0;0.126916;3.944563;13067.0
6432;MSTS;QPLIB_5881.qs;65;32;13067.0;13067.0;0.141642;4.086205;13067.0
6433;MSTS;QPLIB_5881.qs;65;33;13067.0;13067.0;0.130544;4.216749;13067.0
6434;MSTS;QPLIB_5881.qs;65;34;13067.0;13067.0;0.121346;4.338095;13067.0
6435;MSTS;QPLIB_5881.qs;65;35;13067.0;13067.0;0.182599;4.520694;13067.0
6436;MSTS;QPLIB_5881.qs;65;36;13067.0;13067.0;0.10584;4.626534;13067.0
6437;MSTS;QPLIB_5881.qs;65;37;13067.0;13067.0;0.108708;4.7352419999999995;13067.0
6438;MSTS;QPLIB_5881.qs;65;38;13067.0;13067.0;0.144868;4.88011;13067.0
6439;MSTS;QPLIB_5881.qs;65;39;13067.0;13067.0;0.138661;5.018771;13067.0
6440;MSTS;QPLIB_5881.qs;65;40;13067.0;13067.0;0.10701;5.125781;13067.0
6441;MSTS;QPLIB_5881.qs;65;41;13067.0;13067.0;0.111914;5.2376949999999995;13067.0
6442;MSTS;QPLIB_5881.qs;65;42;13067.0;13067.0;0.157306;5.395001;13067.0
6443;MSTS;QPLIB_5881.qs;65;43;13067.0;13067.0;0.15538;5.550381;13067.0
6444;MSTS;QPLIB_5881.qs;65;44;13067.0;13067.0;0.14214;5.692521;13067.0
6445;MSTS;QPLIB_5881.qs;65;45;13067.0;13067.0;0.123895;5.816416;13067.0
6446;MSTS;QPLIB_5881.qs;65;46;13067.0;13067.0;0.117967;5.9343829999999995;13067.0
6447;MSTS;QPLIB_5881.qs;65;47;13067.0;13067.0;0.120366;6.054749;13067.0
6448;MSTS;QPLIB_5881.qs;65;48;13067.0;13067.0;0.106746;6.1614949999999995;13067.0
6449;MSTS;QPLIB_5881.qs;65;49;13067.0;13067.0;0.163214;6.324709;13067.0
6450;MSTS;QPLIB_5881.qs;65;50;13067.0;13067.0;0.118384;6.443093;13067.0
6451;MSTS;QPLIB_5881.qs;65;51;13067.0;13067.0;0.13408;6.577173;13067.0
6452;MSTS;QPLIB_5881.qs;65;52;13067.0;13067.0;0.111389;6.688562;13067.0
6453;MSTS;QPLIB_5881.qs;65;53;13067.0;13067.0;0.112794;6.801356;13067.0
6454;MSTS;QPLIB_5881.qs;65;54;13067.0;13067.0;0.155885;6.957241;13067.0
6455;MSTS;QPLIB_5881.qs;65;55;13067.0;13067.0;0.122437;7.079678;13067.0
6456;MSTS;QPLIB_5881.qs;65;56;13067.0;13067.0;0.200291;7.279969;13067.0
6457;MSTS;QPLIB_5881.qs;65;57;13067.0;13067.0;0.163363;7.443332;13067.0
6458;MSTS;QPLIB_5881.qs;65;58;13067.0;13067.0;0.125679;7.569011;13067.0
6459;MSTS;QPLIB_5881.qs;65;59;13067.0;13067.0;0.121457;7.690468;13067.0
6460;MSTS;QPLIB_5881.qs;65;60;13067.0;13067.0;0.107589;7.798057;13067.0
6461;MSTS;QPLIB_5881.qs;65;61;13067.0;13067.0;0.107338;7.905395;13067.0
6462;MSTS;QPLIB_5881.qs;65;62;13067.0;13067.0;0.132021;8.037416;13067.0
6463;MSTS;QPLIB_5881.qs;65;63;13051.0;13067.0;0.103166;8.140582;13067.0
6464;MSTS;QPLIB_5881.qs;65;64;13067.0;13067.0;0.104351;8.244933;13067.0
6465;MSTS;QPLIB_5881.qs;65;65;13067.0;13067.0;0.104448;8.349381;13067.0
6466;MSTS;QPLIB_5881.qs;65;66;13067.0;13067.0;0.104792;8.454173;13067.0
6467;MSTS;QPLIB_5881.qs;65;67;13067.0;13067.0;0.112372;8.566545;13067.0
6468;MSTS;QPLIB_5881.qs;65;68;13067.0;13067.0;0.16306;8.729605;13067.0
6469;MSTS;QPLIB_5881.qs;65;69;13067.0;13067.0;0.115215;8.84482;13067.0
6470;MSTS;QPLIB_5881.qs;65;70;13067.0;13067.0;0.107965;8.952785;13067.0
6471;MSTS;QPLIB_5881.qs;65;71;13067.0;13067.0;0.109408;9.062193;13067.0
6472;MSTS;QPLIB_5881.qs;65;72;13067.0;13067.0;0.141749;9.203942;13067.0
6473;MSTS;QPLIB_5881.qs;65;73;13067.0;13067.0;0.171508;9.37545;13067.0
6474;MSTS;QPLIB_5881.qs;65;74;13067.0;13067.0;0.109278;9.484728;13067.0
6475;MSTS;QPLIB_5881.qs;65;75;13067.0;13067.0;0.14648;9.631208;13067.0
6476;MSTS;QPLIB_5881.qs;65;76;13067.0;13067.0;0.106603;9.737811;13067.0
6477;MSTS;QPLIB_5881.qs;65;77;13067.0;13067.0;0.172448;9.910259;13067.0
6478;MSTS;QPLIB_5881.qs;65;78;13067.0;13067.0;0.171405;10.081664;13067.0
6479;MSTS;QPLIB_5881.qs;65;79;13067.0;13067.0;0.108816;10.19048;13067.0
6480;MSTS;QPLIB_5881.qs;65;80;13067.0;13067.0;0.134417;10.324897;13067.0
6481;MSTS;QPLIB_5881.qs;65;81;13067.0;13067.0;0.188371;10.513268;13067.0
6482;MSTS;QPLIB_5881.qs;65;82;13067.0;13067.0;0.112719;10.625987;13067.0
6483;MSTS;QPLIB_5881.qs;65;83;13067.0;13067.0;0.161746;10.787733;13067.0
6484;MSTS;QPLIB_5881.qs;65;84;13067.0;13067.0;0.129767;10.9175;13067.0
6485;MSTS;QPLIB_5881.qs;65;85;13067.0;13067.0;0.105832;11.023332;13067.0
6486;MSTS;QPLIB_5881.qs;65;86;13067.0;13067.0;0.12619;11.149522;13067.0
6487;MSTS;QPLIB_5881.qs;65;87;13067.0;13067.0;0.178494;11.328016;13067.0
6488;MSTS;QPLIB_5881.qs;65;88;13067.0;13067.0;0.130353;11.458369;13067.0
6489;MSTS;QPLIB_5881.qs;65;89;13067.0;13067.0;0.153798;11.612167;13067.0
6490;MSTS;QPLIB_5881.qs;65;90;13067.0;13067.0;0.105202;11.717369;13067.0
6491;MSTS;QPLIB_5881.qs;65;91;13067.0;13067.0;0.170569;11.887938;13067.0
6492;MSTS;QPLIB_5881.qs;65;92;13067.0;13067.0;0.106323;11.994261;13067.0
6493;MSTS;QPLIB_5881.qs;65;93;13067.0;13067.0;0.105546;12.099807;13067.0
6494;MSTS;QPLIB_5881.qs;65;94;13067.0;13067.0;0.113918;12.213725;13067.0
6495;MSTS;QPLIB_5881.qs;65;95;13067.0;13067.0;0.131252;12.344977;13067.0
6496;MSTS;QPLIB_5881.qs;65;96;13067.0;13067.0;0.112165;12.457142;13067.0
6497;MSTS;QPLIB_5881.qs;65;97;13067.0;13067.0;0.112273;12.569415;13067.0
6498;MSTS;QPLIB_5881.qs;65;98;13067.0;13067.0;0.119217;12.688632;13067.0
6499;MSTS;QPLIB_5881.qs;65;99;13067.0;13067.0;0.104534;12.793166;13067.0
6500;MSTS;QPLIB_5881.qs;65;100;13067.0;13067.0;0.183367;12.976533;13067.0
6501;MSTS;QPLIB_5881.qs;66;1;13067.0;13067.0;0.198489;0.198489;13067.0
6502;MSTS;QPLIB_5881.qs;66;2;13067.0;13067.0;0.107941;0.30643;13067.0
6503;MSTS;QPLIB_5881.qs;66;3;13067.0;13067.0;0.134266;0.440696;13067.0
6504;MSTS;QPLIB_5881.qs;66;4;13067.0;13067.0;0.179133;0.619829;13067.0
6505;MSTS;QPLIB_5881.qs;66;5;13067.0;13067.0;0.1058;0.725629;13067.0
6506;MSTS;QPLIB_5881.qs;66;6;13067.0;13067.0;0.171494;0.897123;13067.0
6507;MSTS;QPLIB_5881.qs;66;7;13067.0;13067.0;0.113433;1.010556;13067.0
6508;MSTS;QPLIB_5881.qs;66;8;13067.0;13067.0;0.163607;1.174163;13067.0
6509;MSTS;QPLIB_5881.qs;66;9;13067.0;13067.0;0.115649;1.289812;13067.0
6510;MSTS;QPLIB_5881.qs;66;10;13067.0;13067.0;0.136962;1.426774;13067.0
6511;MSTS;QPLIB_5881.qs;66;11;13067.0;13067.0;0.109793;1.536567;13067.0
6512;MSTS;QPLIB_5881.qs;66;12;13051.0;13067.0;0.10714;1.643707;13067.0
6513;MSTS;QPLIB_5881.qs;66;13;13067.0;13067.0;0.118403;1.76211;13067.0
6514;MSTS;QPLIB_5881.qs;66;14;13051.0;13067.0;0.103301;1.865411;13067.0
6515;MSTS;QPLIB_5881.qs;66;15;13067.0;13067.0;0.110813;1.976224;13067.0
6516;MSTS;QPLIB_5881.qs;66;16;13067.0;13067.0;0.12968;2.1059039999999998;13067.0
6517;MSTS;QPLIB_5881.qs;66;17;13067.0;13067.0;0.121213;2.227117;13067.0
6518;MSTS;QPLIB_5881.qs;66;18;13067.0;13067.0;0.135327;2.362444;13067.0
6519;MSTS;QPLIB_5881.qs;66;19;13067.0;13067.0;0.181058;2.543502;13067.0
6520;MSTS;QPLIB_5881.qs;66;20;13067.0;13067.0;0.169231;2.712733;13067.0
6521;MSTS;QPLIB_5881.qs;66;21;13067.0;13067.0;0.124618;2.837351;13067.0
6522;MSTS;QPLIB_5881.qs;66;22;13067.0;13067.0;0.107225;2.944576;13067.0
6523;MSTS;QPLIB_5881.qs;66;23;13067.0;13067.0;0.147902;3.092478;13067.0
6524;MSTS;QPLIB_5881.qs;66;24;13051.0;13067.0;0.103232;3.19571;13067.0
6525;MSTS;QPLIB_5881.qs;66;25;13067.0;13067.0;0.104375;3.300085;13067.0
6526;MSTS;QPLIB_5881.qs;66;26;13067.0;13067.0;0.111492;3.411577;13067.0
6527;MSTS;QPLIB_5881.qs;66;27;13051.0;13067.0;0.103526;3.515103;13067.0
6528;MSTS;QPLIB_5881.qs;66;28;13067.0;13067.0;0.137618;3.652721;13067.0
6529;MSTS;QPLIB_5881.qs;66;29;13051.0;13067.0;0.104924;3.757645;13067.0
6530;MSTS;QPLIB_5881.qs;66;30;13067.0;13067.0;0.114785;3.87243;13067.0
6531;MSTS;QPLIB_5881.qs;66;31;13067.0;13067.0;0.114682;3.987112;13067.0
6532;MSTS;QPLIB_5881.qs;66;32;13067.0;13067.0;0.108972;4.096084;13067.0
6533;MSTS;QPLIB_5881.qs;66;33;13067.0;13067.0;0.170056;4.26614;13067.0
6534;MSTS;QPLIB_5881.qs;66;34;13067.0;13067.0;0.170733;4.436873;13067.0
6535;MSTS;QPLIB_5881.qs;66;35;13067.0;13067.0;0.1099;4.546773;13067.0
6536;MSTS;QPLIB_5881.qs;66;36;13067.0;13067.0;0.104342;4.651115;13067.0
6537;MSTS;QPLIB_5881.qs;66;37;13067.0;13067.0;0.188367;4.839482;13067.0
6538;MSTS;QPLIB_5881.qs;66;38;13051.0;13067.0;0.103228;4.94271;13067.0
6539;MSTS;QPLIB_5881.qs;66;39;13067.0;13067.0;0.104069;5.046779;13067.0
6540;MSTS;QPLIB_5881.qs;66;40;13067.0;13067.0;0.225163;5.271942;13067.0
6541;MSTS;QPLIB_5881.qs;66;41;13067.0;13067.0;0.132218;5.40416;13067.0
6542;MSTS;QPLIB_5881.qs;66;42;13067.0;13067.0;0.169941;5.574101;13067.0
6543;MSTS;QPLIB_5881.qs;66;43;13067.0;13067.0;0.106863;5.680964;13067.0
6544;MSTS;QPLIB_5881.qs;66;44;13067.0;13067.0;0.107333;5.788297;13067.0
6545;MSTS;QPLIB_5881.qs;66;45;13067.0;13067.0;0.125619;5.913916;13067.0
6546;MSTS;QPLIB_5881.qs;66;46;13067.0;13067.0;0.149521;6.063437;13067.0
6547;MSTS;QPLIB_5881.qs;66;47;13067.0;13067.0;0.10534;6.168777;13067.0
6548;MSTS;QPLIB_5881.qs;66;48;13067.0;13067.0;0.154638;6.323415;13067.0
6549;MSTS;QPLIB_5881.qs;66;49;13067.0;13067.0;0.148355;6.47177;13067.0
6550;MSTS;QPLIB_5881.qs;66;50;13067.0;13067.0;0.108981;6.580751;13067.0
6551;MSTS;QPLIB_5881.qs;66;51;13067.0;13067.0;0.125062;6.705813;13067.0
6552;MSTS;QPLIB_5881.qs;66;52;13067.0;13067.0;0.141915;6.847728;13067.0
6553;MSTS;QPLIB_5881.qs;66;53;13067.0;13067.0;0.151958;6.999686;13067.0
6554;MSTS;QPLIB_5881.qs;66;54;13067.0;13067.0;0.128472;7.128158;13067.0
6555;MSTS;QPLIB_5881.qs;66;55;13051.0;13067.0;0.103344;7.231502;13067.0
6556;MSTS;QPLIB_5881.qs;66;56;13067.0;13067.0;0.127282;7.358784;13067.0
6557;MSTS;QPLIB_5881.qs;66;57;13051.0;13067.0;0.103581;7.462365;13067.0
6558;MSTS;QPLIB_5881.qs;66;58;13067.0;13067.0;0.113597;7.575962;13067.0
6559;MSTS;QPLIB_5881.qs;66;59;13067.0;13067.0;0.140562;7.716524;13067.0
6560;MSTS;QPLIB_5881.qs;66;60;13067.0;13067.0;0.121814;7.838338;13067.0
6561;MSTS;QPLIB_5881.qs;66;61;13067.0;13067.0;0.11675;7.955088;13067.0
6562;MSTS;QPLIB_5881.qs;66;62;13067.0;13067.0;0.125112;8.0802;13067.0
6563;MSTS;QPLIB_5881.qs;66;63;13067.0;13067.0;0.129902;8.210102000000001;13067.0
6564;MSTS;QPLIB_5881.qs;66;64;13067.0;13067.0;0.181653;8.391755;13067.0
6565;MSTS;QPLIB_5881.qs;66;65;13067.0;13067.0;0.127067;8.518822;13067.0
6566;MSTS;QPLIB_5881.qs;66;66;13067.0;13067.0;0.104281;8.623103;13067.0
6567;MSTS;QPLIB_5881.qs;66;67;13067.0;13067.0;0.1093;8.732403;13067.0
6568;MSTS;QPLIB_5881.qs;66;68;13067.0;13067.0;0.114456;8.846859;13067.0
6569;MSTS;QPLIB_5881.qs;66;69;13067.0;13067.0;0.145624;8.992483;13067.0
6570;MSTS;QPLIB_5881.qs;66;70;13067.0;13067.0;0.150413;9.142896;13067.0
6571;MSTS;QPLIB_5881.qs;66;71;13067.0;13067.0;0.105659;9.248555;13067.0
6572;MSTS;QPLIB_5881.qs;66;72;13067.0;13067.0;0.133087;9.381642;13067.0
6573;MSTS;QPLIB_5881.qs;66;73;13067.0;13067.0;0.119816;9.501458;13067.0
6574;MSTS;QPLIB_5881.qs;66;74;13067.0;13067.0;0.112349;9.613807;13067.0
6575;MSTS;QPLIB_5881.qs;66;75;13051.0;13067.0;0.103069;9.716876;13067.0
6576;MSTS;QPLIB_5881.qs;66;76;13067.0;13067.0;0.108685;9.825561;13067.0
6577;MSTS;QPLIB_5881.qs;66;77;13067.0;13067.0;0.150383;9.975944;13067.0
6578;MSTS;QPLIB_5881.qs;66;78;13067.0;13067.0;0.166867;10.142811;13067.0
6579;MSTS;QPLIB_5881.qs;66;79;13067.0;13067.0;0.104216;10.247027;13067.0
6580;MSTS;QPLIB_5881.qs;66;80;13067.0;13067.0;0.13119;10.378217;13067.0
6581;MSTS;QPLIB_5881.qs;66;81;13067.0;13067.0;0.105203;10.48342;13067.0
6582;MSTS;QPLIB_5881.qs;66;82;13067.0;13067.0;0.116594;10.600014;13067.0
6583;MSTS;QPLIB_5881.qs;66;83;13067.0;13067.0;0.128405;10.728419;13067.0
6584;MSTS;QPLIB_5881.qs;66;84;13067.0;13067.0;0.145551;10.87397;13067.0
6585;MSTS;QPLIB_5881.qs;66;85;13067.0;13067.0;0.105023;10.978993000000001;13067.0
6586;MSTS;QPLIB_5881.qs;66;86;13067.0;13067.0;0.123373;11.102366;13067.0
6587;MSTS;QPLIB_5881.qs;66;87;13067.0;13067.0;0.119677;11.222043;13067.0
6588;MSTS;QPLIB_5881.qs;66;88;13067.0;13067.0;0.104418;11.326461;13067.0
6589;MSTS;QPLIB_5881.qs;66;89;13067.0;13067.0;0.108024;11.434485;13067.0
6590;MSTS;QPLIB_5881.qs;66;90;13067.0;13067.0;0.122015;11.5565;13067.0
6591;MSTS;QPLIB_5881.qs;66;91;13067.0;13067.0;0.151953;11.708453;13067.0
6592;MSTS;QPLIB_5881.qs;66;92;13067.0;13067.0;0.15298;11.861433;13067.0
6593;MSTS;QPLIB_5881.qs;66;93;13067.0;13067.0;0.104875;11.966308;13067.0
6594;MSTS;QPLIB_5881.qs;66;94;13067.0;13067.0;0.105228;12.071536;13067.0
6595;MSTS;QPLIB_5881.qs;66;95;13067.0;13067.0;0.166665;12.238201;13067.0
6596;MSTS;QPLIB_5881.qs;66;96;13067.0;13067.0;0.149079;12.38728;13067.0
6597;MSTS;QPLIB_5881.qs;66;97;13067.0;13067.0;0.118829;12.506109;13067.0
6598;MSTS;QPLIB_5881.qs;66;98;13067.0;13067.0;0.151518;12.657627;13067.0
6599;MSTS;QPLIB_5881.qs;66;99;13067.0;13067.0;0.107179;12.764806;13067.0
6600;MSTS;QPLIB_5881.qs;66;100;13067.0;13067.0;0.172037;12.936843;13067.0
6601;MSTS;QPLIB_5881.qs;67;1;13067.0;13067.0;0.205746;0.205746;13067.0
6602;MSTS;QPLIB_5881.qs;67;2;13067.0;13067.0;0.136391;0.342137;13067.0
6603;MSTS;QPLIB_5881.qs;67;3;13067.0;13067.0;0.156523;0.49866;13067.0
6604;MSTS;QPLIB_5881.qs;67;4;13067.0;13067.0;0.116406;0.615066;13067.0
6605;MSTS;QPLIB_5881.qs;67;5;13067.0;13067.0;0.12618;0.7412460000000001;13067.0
6606;MSTS;QPLIB_5881.qs;67;6;13067.0;13067.0;0.148878;0.890124;13067.0
6607;MSTS;QPLIB_5881.qs;67;7;13067.0;13067.0;0.14076;1.030884;13067.0
6608;MSTS;QPLIB_5881.qs;67;8;13067.0;13067.0;0.167136;1.19802;13067.0
6609;MSTS;QPLIB_5881.qs;67;9;13051.0;13067.0;0.10312;1.30114;13067.0
6610;MSTS;QPLIB_5881.qs;67;10;13067.0;13067.0;0.10531;1.40645;13067.0
6611;MSTS;QPLIB_5881.qs;67;11;13051.0;13067.0;0.103149;1.5095990000000001;13067.0
6612;MSTS;QPLIB_5881.qs;67;12;13067.0;13067.0;0.114145;1.623744;13067.0
6613;MSTS;QPLIB_5881.qs;67;13;13067.0;13067.0;0.182576;1.80632;13067.0
6614;MSTS;QPLIB_5881.qs;67;14;13067.0;13067.0;0.138439;1.9447590000000001;13067.0
6615;MSTS;QPLIB_5881.qs;67;15;13067.0;13067.0;0.162377;2.107136;13067.0
6616;MSTS;QPLIB_5881.qs;67;16;13067.0;13067.0;0.126883;2.234019;13067.0
6617;MSTS;QPLIB_5881.qs;67;17;13067.0;13067.0;0.184134;2.418153;13067.0
6618;MSTS;QPLIB_5881.qs;67;18;13067.0;13067.0;0.158853;2.577006;13067.0
6619;MSTS;QPLIB_5881.qs;67;19;13067.0;13067.0;0.112945;2.689951;13067.0
6620;MSTS;QPLIB_5881.qs;67;20;13067.0;13067.0;0.12599;2.815941;13067.0
6621;MSTS;QPLIB_5881.qs;67;21;13067.0;13067.0;0.141058;2.956999;13067.0
6622;MSTS;QPLIB_5881.qs;67;22;13067.0;13067.0;0.141576;3.098575;13067.0
6623;MSTS;QPLIB_5881.qs;67;23;13067.0;13067.0;0.137144;3.235719;13067.0
6624;MSTS;QPLIB_5881.qs;67;24;13067.0;13067.0;0.146821;3.38254;13067.0
6625;MSTS;QPLIB_5881.qs;67;25;13067.0;13067.0;0.173679;3.556219;13067.0
6626;MSTS;QPLIB_5881.qs;67;26;13067.0;13067.0;0.176948;3.733167;13067.0
6627;MSTS;QPLIB_5881.qs;67;27;13067.0;13067.0;0.151284;3.884451;13067.0
6628;MSTS;QPLIB_5881.qs;67;28;13051.0;13067.0;0.12028;4.004731;13067.0
6629;MSTS;QPLIB_5881.qs;67;29;13067.0;13067.0;0.140981;4.145712;13067.0
6630;MSTS;QPLIB_5881.qs;67;30;13067.0;13067.0;0.132947;4.278659;13067.0
6631;MSTS;QPLIB_5881.qs;67;31;13067.0;13067.0;0.123858;4.402517;13067.0
6632;MSTS;QPLIB_5881.qs;67;32;13067.0;13067.0;0.151578;4.554095;13067.0
6633;MSTS;QPLIB_5881.qs;67;33;13067.0;13067.0;0.122806;4.676901;13067.0
6634;MSTS;QPLIB_5881.qs;67;34;13067.0;13067.0;0.134604;4.811505;13067.0
6635;MSTS;QPLIB_5881.qs;67;35;13051.0;13067.0;0.120279;4.931784;13067.0
6636;MSTS;QPLIB_5881.qs;67;36;13067.0;13067.0;0.145806;5.07759;13067.0
6637;MSTS;QPLIB_5881.qs;67;37;13067.0;13067.0;0.203196;5.280786;13067.0
6638;MSTS;QPLIB_5881.qs;67;38;13067.0;13067.0;0.210948;5.491734;13067.0
6639;MSTS;QPLIB_5881.qs;67;39;13067.0;13067.0;0.125514;5.617248;13067.0
6640;MSTS;QPLIB_5881.qs;67;40;13067.0;13067.0;0.12606;5.743308;13067.0
6641;MSTS;QPLIB_5881.qs;67;41;13067.0;13067.0;0.135064;5.878372;13067.0
6642;MSTS;QPLIB_5881.qs;67;42;13067.0;13067.0;0.133047;6.011419;13067.0
6643;MSTS;QPLIB_5881.qs;67;43;13067.0;13067.0;0.170835;6.182254;13067.0
6644;MSTS;QPLIB_5881.qs;67;44;13067.0;13067.0;0.140402;6.322656;13067.0
6645;MSTS;QPLIB_5881.qs;67;45;13067.0;13067.0;0.12445;6.447106;13067.0
6646;MSTS;QPLIB_5881.qs;67;46;13060.0;13067.0;0.169086;6.616192;13067.0
6647;MSTS;QPLIB_5881.qs;67;47;13067.0;13067.0;0.120596;6.736788;13067.0
6648;MSTS;QPLIB_5881.qs;67;48;13067.0;13067.0;0.126125;6.862913;13067.0
6649;MSTS;QPLIB_5881.qs;67;49;13067.0;13067.0;0.160722;7.023635;13067.0
6650;MSTS;QPLIB_5881.qs;67;50;13067.0;13067.0;0.180844;7.204479;13067.0
6651;MSTS;QPLIB_5881.qs;67;51;13067.0;13067.0;0.162916;7.367395;13067.0
6652;MSTS;QPLIB_5881.qs;67;52;13067.0;13067.0;0.143105;7.5105;13067.0
6653;MSTS;QPLIB_5881.qs;67;53;13067.0;13067.0;0.194852;7.7053519999999995;13067.0
6654;MSTS;QPLIB_5881.qs;67;54;13067.0;13067.0;0.139457;7.844809;13067.0
6655;MSTS;QPLIB_5881.qs;67;55;13067.0;13067.0;0.231748;8.076557;13067.0
6656;MSTS;QPLIB_5881.qs;67;56;13067.0;13067.0;0.140148;8.216705;13067.0
6657;MSTS;QPLIB_5881.qs;67;57;13051.0;13067.0;0.115697;8.332402;13067.0
6658;MSTS;QPLIB_5881.qs;67;58;13067.0;13067.0;0.116572;8.448974;13067.0
6659;MSTS;QPLIB_5881.qs;67;59;13067.0;13067.0;0.133907;8.582881;13067.0
6660;MSTS;QPLIB_5881.qs;67;60;13067.0;13067.0;0.114752;8.697633;13067.0
6661;MSTS;QPLIB_5881.qs;67;61;13067.0;13067.0;0.187932;8.885565;13067.0
6662;MSTS;QPLIB_5881.qs;67;62;13067.0;13067.0;0.115511;9.001076;13067.0
6663;MSTS;QPLIB_5881.qs;67;63;13067.0;13067.0;0.117138;9.118214;13067.0
6664;MSTS;QPLIB_5881.qs;67;64;13067.0;13067.0;0.138904;9.257118;13067.0
6665;MSTS;QPLIB_5881.qs;67;65;13067.0;13067.0;0.113798;9.370916;13067.0
6666;MSTS;QPLIB_5881.qs;67;66;13067.0;13067.0;0.114958;9.485874;13067.0
6667;MSTS;QPLIB_5881.qs;67;67;13067.0;13067.0;0.13554;9.621414;13067.0
6668;MSTS;QPLIB_5881.qs;67;68;13051.0;13067.0;0.124027;9.745441;13067.0
6669;MSTS;QPLIB_5881.qs;67;69;13067.0;13067.0;0.125011;9.870452;13067.0
6670;MSTS;QPLIB_5881.qs;67;70;13067.0;13067.0;0.129469;9.999921;13067.0
6671;MSTS;QPLIB_5881.qs;67;71;13067.0;13067.0;0.116796;10.116717;13067.0
6672;MSTS;QPLIB_5881.qs;67;72;13067.0;13067.0;0.158892;10.275609;13067.0
6673;MSTS;QPLIB_5881.qs;67;73;13067.0;13067.0;0.125416;10.401025;13067.0
6674;MSTS;QPLIB_5881.qs;67;74;13060.0;13067.0;0.145525;10.54655;13067.0
6675;MSTS;QPLIB_5881.qs;67;75;13067.0;13067.0;0.123648;10.670198;13067.0
6676;MSTS;QPLIB_5881.qs;67;76;13067.0;13067.0;0.126149;10.796347;13067.0
6677;MSTS;QPLIB_5881.qs;67;77;13067.0;13067.0;0.185432;10.981779;13067.0
6678;MSTS;QPLIB_5881.qs;67;78;13067.0;13067.0;0.138388;11.120167;13067.0
6679;MSTS;QPLIB_5881.qs;67;79;13067.0;13067.0;0.117534;11.237701;13067.0
6680;MSTS;QPLIB_5881.qs;67;80;13067.0;13067.0;0.112771;11.350472;13067.0
6681;MSTS;QPLIB_5881.qs;67;81;13067.0;13067.0;0.12492;11.475392;13067.0
6682;MSTS;QPLIB_5881.qs;67;82;13067.0;13067.0;0.164449;11.639841;13067.0
6683;MSTS;QPLIB_5881.qs;67;83;13067.0;13067.0;0.141594;11.781435;13067.0
6684;MSTS;QPLIB_5881.qs;67;84;13067.0;13067.0;0.139739;11.921174;13067.0
6685;MSTS;QPLIB_5881.qs;67;85;13067.0;13067.0;0.154293;12.075467;13067.0
6686;MSTS;QPLIB_5881.qs;67;86;13067.0;13067.0;0.105845;12.181312;13067.0
6687;MSTS;QPLIB_5881.qs;67;87;13067.0;13067.0;0.114379;12.295691;13067.0
6688;MSTS;QPLIB_5881.qs;67;88;13067.0;13067.0;0.150005;12.445696;13067.0
6689;MSTS;QPLIB_5881.qs;67;89;13067.0;13067.0;0.132964;12.57866;13067.0
6690;MSTS;QPLIB_5881.qs;67;90;13067.0;13067.0;0.141591;12.720251;13067.0
6691;MSTS;QPLIB_5881.qs;67;91;13067.0;13067.0;0.116187;12.836438;13067.0
6692;MSTS;QPLIB_5881.qs;67;92;13067.0;13067.0;0.112122;12.94856;13067.0
6693;MSTS;QPLIB_5881.qs;67;93;13067.0;13067.0;0.12388;13.07244;13067.0
6694;MSTS;QPLIB_5881.qs;67;94;13067.0;13067.0;0.134564;13.207004;13067.0
6695;MSTS;QPLIB_5881.qs;67;95;13067.0;13067.0;0.114187;13.321191;13067.0
6696;MSTS;QPLIB_5881.qs;67;96;13067.0;13067.0;0.15602;13.477211;13067.0
6697;MSTS;QPLIB_5881.qs;67;97;13067.0;13067.0;0.104102;13.581313;13067.0
6698;MSTS;QPLIB_5881.qs;67;98;13067.0;13067.0;0.131635;13.712948;13067.0
6699;MSTS;QPLIB_5881.qs;67;99;13067.0;13067.0;0.18629;13.899238;13067.0
6700;MSTS;QPLIB_5881.qs;67;100;13067.0;13067.0;0.153343;14.052581;13067.0
6701;MSTS;QPLIB_5881.qs;68;1;13067.0;13067.0;0.291799;0.291799;13067.0
6702;MSTS;QPLIB_5881.qs;68;2;13067.0;13067.0;0.121183;0.41298199999999996;13067.0
6703;MSTS;QPLIB_5881.qs;68;3;13067.0;13067.0;0.15431;0.5672919999999999;13067.0
6704;MSTS;QPLIB_5881.qs;68;4;13067.0;13067.0;0.124534;0.6918259999999999;13067.0
6705;MSTS;QPLIB_5881.qs;68;5;13067.0;13067.0;0.148619;0.840445;13067.0
6706;MSTS;QPLIB_5881.qs;68;6;13067.0;13067.0;0.174623;1.0150679999999999;13067.0
6707;MSTS;QPLIB_5881.qs;68;7;13067.0;13067.0;0.194011;1.209079;13067.0
6708;MSTS;QPLIB_5881.qs;68;8;13067.0;13067.0;0.163618;1.372697;13067.0
6709;MSTS;QPLIB_5881.qs;68;9;13067.0;13067.0;0.152148;1.524845;13067.0
6710;MSTS;QPLIB_5881.qs;68;10;13067.0;13067.0;0.12058;1.645425;13067.0
6711;MSTS;QPLIB_5881.qs;68;11;13067.0;13067.0;0.19337;1.838795;13067.0
6712;MSTS;QPLIB_5881.qs;68;12;13067.0;13067.0;0.130914;1.969709;13067.0
6713;MSTS;QPLIB_5881.qs;68;13;13060.0;13067.0;0.130376;2.100085;13067.0
6714;MSTS;QPLIB_5881.qs;68;14;13067.0;13067.0;0.12018;2.220265;13067.0
6715;MSTS;QPLIB_5881.qs;68;15;13067.0;13067.0;0.13901;2.359275;13067.0
6716;MSTS;QPLIB_5881.qs;68;16;13067.0;13067.0;0.173947;2.533222;13067.0
6717;MSTS;QPLIB_5881.qs;68;17;13067.0;13067.0;0.126647;2.659869;13067.0
6718;MSTS;QPLIB_5881.qs;68;18;13067.0;13067.0;0.180513;2.840382;13067.0
6719;MSTS;QPLIB_5881.qs;68;19;13067.0;13067.0;0.119347;2.959729;13067.0
6720;MSTS;QPLIB_5881.qs;68;20;13067.0;13067.0;0.119145;3.078874;13067.0
6721;MSTS;QPLIB_5881.qs;68;21;13067.0;13067.0;0.182755;3.261629;13067.0
6722;MSTS;QPLIB_5881.qs;68;22;13067.0;13067.0;0.274511;3.53614;13067.0
6723;MSTS;QPLIB_5881.qs;68;23;13067.0;13067.0;0.166463;3.702603;13067.0
6724;MSTS;QPLIB_5881.qs;68;24;13067.0;13067.0;0.136891;3.839494;13067.0
6725;MSTS;QPLIB_5881.qs;68;25;13067.0;13067.0;0.123123;3.962617;13067.0
6726;MSTS;QPLIB_5881.qs;68;26;13067.0;13067.0;0.1052;4.067817;13067.0
6727;MSTS;QPLIB_5881.qs;68;27;13067.0;13067.0;0.131418;4.199235;13067.0
6728;MSTS;QPLIB_5881.qs;68;28;13067.0;13067.0;0.146363;4.345598;13067.0
6729;MSTS;QPLIB_5881.qs;68;29;13067.0;13067.0;0.107231;4.452829;13067.0
6730;MSTS;QPLIB_5881.qs;68;30;13067.0;13067.0;0.159345;4.6121739999999996;13067.0
6731;MSTS;QPLIB_5881.qs;68;31;13067.0;13067.0;0.147426;4.7596;13067.0
6732;MSTS;QPLIB_5881.qs;68;32;13067.0;13067.0;0.112376;4.871976;13067.0
6733;MSTS;QPLIB_5881.qs;68;33;13067.0;13067.0;0.153361;5.025337;13067.0
6734;MSTS;QPLIB_5881.qs;68;34;13067.0;13067.0;0.128091;5.153428;13067.0
6735;MSTS;QPLIB_5881.qs;68;35;13067.0;13067.0;0.124944;5.278372;13067.0
6736;MSTS;QPLIB_5881.qs;68;36;13067.0;13067.0;0.138757;5.417129;13067.0
6737;MSTS;QPLIB_5881.qs;68;37;13067.0;13067.0;0.183442;5.6005709999999995;13067.0
6738;MSTS;QPLIB_5881.qs;68;38;13067.0;13067.0;0.110883;5.711454;13067.0
6739;MSTS;QPLIB_5881.qs;68;39;13067.0;13067.0;0.107855;5.819309;13067.0
6740;MSTS;QPLIB_5881.qs;68;40;13067.0;13067.0;0.119339;5.938648;13067.0
6741;MSTS;QPLIB_5881.qs;68;41;13067.0;13067.0;0.112496;6.051144;13067.0
6742;MSTS;QPLIB_5881.qs;68;42;13067.0;13067.0;0.106731;6.157875;13067.0
6743;MSTS;QPLIB_5881.qs;68;43;13067.0;13067.0;0.104234;6.262109;13067.0
6744;MSTS;QPLIB_5881.qs;68;44;13067.0;13067.0;0.150747;6.412856;13067.0
6745;MSTS;QPLIB_5881.qs;68;45;13067.0;13067.0;0.121985;6.534841;13067.0
6746;MSTS;QPLIB_5881.qs;68;46;13067.0;13067.0;0.119857;6.654698;13067.0
6747;MSTS;QPLIB_5881.qs;68;47;13067.0;13067.0;0.142711;6.797409;13067.0
6748;MSTS;QPLIB_5881.qs;68;48;13051.0;13067.0;0.103598;6.901007;13067.0
6749;MSTS;QPLIB_5881.qs;68;49;13067.0;13067.0;0.113724;7.014731;13067.0
6750;MSTS;QPLIB_5881.qs;68;50;13067.0;13067.0;0.144816;7.159547;13067.0
6751;MSTS;QPLIB_5881.qs;68;51;13067.0;13067.0;0.106336;7.265883;13067.0
6752;MSTS;QPLIB_5881.qs;68;52;13067.0;13067.0;0.105955;7.371838;13067.0
6753;MSTS;QPLIB_5881.qs;68;53;13067.0;13067.0;0.16774;7.539578;13067.0
6754;MSTS;QPLIB_5881.qs;68;54;13067.0;13067.0;0.167456;7.707034;13067.0
6755;MSTS;QPLIB_5881.qs;68;55;13051.0;13067.0;0.11017;7.817204;13067.0
6756;MSTS;QPLIB_5881.qs;68;56;13067.0;13067.0;0.116669;7.933873;13067.0
6757;MSTS;QPLIB_5881.qs;68;57;13067.0;13067.0;0.116228;8.050101;13067.0
6758;MSTS;QPLIB_5881.qs;68;58;13067.0;13067.0;0.133711;8.183812;13067.0
6759;MSTS;QPLIB_5881.qs;68;59;13067.0;13067.0;0.140951;8.324763;13067.0
6760;MSTS;QPLIB_5881.qs;68;60;13067.0;13067.0;0.144417;8.46918;13067.0
6761;MSTS;QPLIB_5881.qs;68;61;13067.0;13067.0;0.13787;8.60705;13067.0
6762;MSTS;QPLIB_5881.qs;68;62;13067.0;13067.0;0.117662;8.724712;13067.0
6763;MSTS;QPLIB_5881.qs;68;63;13067.0;13067.0;0.147007;8.871719;13067.0
6764;MSTS;QPLIB_5881.qs;68;64;13067.0;13067.0;0.130181;9.0019;13067.0
6765;MSTS;QPLIB_5881.qs;68;65;13067.0;13067.0;0.147469;9.149369;13067.0
6766;MSTS;QPLIB_5881.qs;68;66;13067.0;13067.0;0.121388;9.270757;13067.0
6767;MSTS;QPLIB_5881.qs;68;67;13067.0;13067.0;0.146672;9.417429;13067.0
6768;MSTS;QPLIB_5881.qs;68;68;13067.0;13067.0;0.151915;9.569344;13067.0
6769;MSTS;QPLIB_5881.qs;68;69;13067.0;13067.0;0.153077;9.722421;13067.0
6770;MSTS;QPLIB_5881.qs;68;70;13067.0;13067.0;0.167539;9.88996;13067.0
6771;MSTS;QPLIB_5881.qs;68;71;13067.0;13067.0;0.124548;10.014508;13067.0
6772;MSTS;QPLIB_5881.qs;68;72;13067.0;13067.0;0.190615;10.205123;13067.0
6773;MSTS;QPLIB_5881.qs;68;73;13067.0;13067.0;0.261525;10.466648;13067.0
6774;MSTS;QPLIB_5881.qs;68;74;13067.0;13067.0;0.128475;10.595123;13067.0
6775;MSTS;QPLIB_5881.qs;68;75;13067.0;13067.0;0.141022;10.736145;13067.0
6776;MSTS;QPLIB_5881.qs;68;76;13067.0;13067.0;0.141872;10.878017;13067.0
6777;MSTS;QPLIB_5881.qs;68;77;13051.0;13067.0;0.120724;10.998741;13067.0
6778;MSTS;QPLIB_5881.qs;68;78;13067.0;13067.0;0.121913;11.120654;13067.0
6779;MSTS;QPLIB_5881.qs;68;79;13051.0;13067.0;0.120225;11.240879;13067.0
6780;MSTS;QPLIB_5881.qs;68;80;13067.0;13067.0;0.129129;11.370008;13067.0
6781;MSTS;QPLIB_5881.qs;68;81;13067.0;13067.0;0.1341;11.504108;13067.0
6782;MSTS;QPLIB_5881.qs;68;82;13067.0;13067.0;0.144101;11.648209;13067.0
6783;MSTS;QPLIB_5881.qs;68;83;13067.0;13067.0;0.173466;11.821674999999999;13067.0
6784;MSTS;QPLIB_5881.qs;68;84;13067.0;13067.0;0.145578;11.967253;13067.0
6785;MSTS;QPLIB_5881.qs;68;85;13067.0;13067.0;0.122181;12.089434;13067.0
6786;MSTS;QPLIB_5881.qs;68;86;13067.0;13067.0;0.149541;12.238975;13067.0
6787;MSTS;QPLIB_5881.qs;68;87;13051.0;13067.0;0.119493;12.358468;13067.0
6788;MSTS;QPLIB_5881.qs;68;88;13067.0;13067.0;0.131526;12.489994;13067.0
6789;MSTS;QPLIB_5881.qs;68;89;13067.0;13067.0;0.203598;12.693592;13067.0
6790;MSTS;QPLIB_5881.qs;68;90;13067.0;13067.0;0.128287;12.821879;13067.0
6791;MSTS;QPLIB_5881.qs;68;91;13051.0;13067.0;0.120754;12.942633;13067.0
6792;MSTS;QPLIB_5881.qs;68;92;13067.0;13067.0;0.130993;13.073625999999999;13067.0
6793;MSTS;QPLIB_5881.qs;68;93;13067.0;13067.0;0.164878;13.238504;13067.0
6794;MSTS;QPLIB_5881.qs;68;94;13067.0;13067.0;0.123779;13.362283;13067.0
6795;MSTS;QPLIB_5881.qs;68;95;13067.0;13067.0;0.137241;13.499524;13067.0
6796;MSTS;QPLIB_5881.qs;68;96;13067.0;13067.0;0.206255;13.705779;13067.0
6797;MSTS;QPLIB_5881.qs;68;97;13067.0;13067.0;0.127279;13.833058;13067.0
6798;MSTS;QPLIB_5881.qs;68;98;13067.0;13067.0;0.124955;13.958013;13067.0
6799;MSTS;QPLIB_5881.qs;68;99;13067.0;13067.0;0.170249;14.128262;13067.0
6800;MSTS;QPLIB_5881.qs;68;100;13067.0;13067.0;0.192331;14.320593;13067.0
6801;MSTS;QPLIB_5881.qs;69;1;13067.0;13067.0;0.373404;0.373404;13067.0
6802;MSTS;QPLIB_5881.qs;69;2;13067.0;13067.0;0.181646;0.55505;13067.0
6803;MSTS;QPLIB_5881.qs;69;3;13067.0;13067.0;0.130474;0.685524;13067.0
6804;MSTS;QPLIB_5881.qs;69;4;13067.0;13067.0;0.161215;0.846739;13067.0
6805;MSTS;QPLIB_5881.qs;69;5;13067.0;13067.0;0.168856;1.015595;13067.0
6806;MSTS;QPLIB_5881.qs;69;6;13067.0;13067.0;0.151774;1.167369;13067.0
6807;MSTS;QPLIB_5881.qs;69;7;13067.0;13067.0;0.130305;1.297674;13067.0
6808;MSTS;QPLIB_5881.qs;69;8;13067.0;13067.0;0.134545;1.432219;13067.0
6809;MSTS;QPLIB_5881.qs;69;9;13067.0;13067.0;0.130409;1.5626280000000001;13067.0
6810;MSTS;QPLIB_5881.qs;69;10;13067.0;13067.0;0.160914;1.7235420000000001;13067.0
6811;MSTS;QPLIB_5881.qs;69;11;13067.0;13067.0;0.175921;1.899463;13067.0
6812;MSTS;QPLIB_5881.qs;69;12;13067.0;13067.0;0.13532;2.034783;13067.0
6813;MSTS;QPLIB_5881.qs;69;13;13067.0;13067.0;0.129536;2.164319;13067.0
6814;MSTS;QPLIB_5881.qs;69;14;13067.0;13067.0;0.156075;2.320394;13067.0
6815;MSTS;QPLIB_5881.qs;69;15;13067.0;13067.0;0.130363;2.450757;13067.0
6816;MSTS;QPLIB_5881.qs;69;16;13067.0;13067.0;0.145587;2.596344;13067.0
6817;MSTS;QPLIB_5881.qs;69;17;13067.0;13067.0;0.138539;2.734883;13067.0
6818;MSTS;QPLIB_5881.qs;69;18;13067.0;13067.0;0.184448;2.919331;13067.0
6819;MSTS;QPLIB_5881.qs;69;19;13067.0;13067.0;0.162122;3.0814529999999998;13067.0
6820;MSTS;QPLIB_5881.qs;69;20;13067.0;13067.0;0.145952;3.227405;13067.0
6821;MSTS;QPLIB_5881.qs;69;21;13067.0;13067.0;0.120542;3.347947;13067.0
6822;MSTS;QPLIB_5881.qs;69;22;13067.0;13067.0;0.130448;3.478395;13067.0
6823;MSTS;QPLIB_5881.qs;69;23;13067.0;13067.0;0.159283;3.637678;13067.0
6824;MSTS;QPLIB_5881.qs;69;24;13067.0;13067.0;0.183209;3.820887;13067.0
6825;MSTS;QPLIB_5881.qs;69;25;13067.0;13067.0;0.141594;3.962481;13067.0
6826;MSTS;QPLIB_5881.qs;69;26;13067.0;13067.0;0.172851;4.135332;13067.0
6827;MSTS;QPLIB_5881.qs;69;27;13067.0;13067.0;0.152808;4.28814;13067.0
6828;MSTS;QPLIB_5881.qs;69;28;13067.0;13067.0;0.192939;4.481079;13067.0
6829;MSTS;QPLIB_5881.qs;69;29;13067.0;13067.0;0.130396;4.611475;13067.0
6830;MSTS;QPLIB_5881.qs;69;30;13067.0;13067.0;0.13442;4.745895;13067.0
6831;MSTS;QPLIB_5881.qs;69;31;13067.0;13067.0;0.122518;4.868413;13067.0
6832;MSTS;QPLIB_5881.qs;69;32;13067.0;13067.0;0.164843;5.033256;13067.0
6833;MSTS;QPLIB_5881.qs;69;33;13067.0;13067.0;0.121336;5.154592;13067.0
6834;MSTS;QPLIB_5881.qs;69;34;13067.0;13067.0;0.177939;5.332531;13067.0
6835;MSTS;QPLIB_5881.qs;69;35;13067.0;13067.0;0.163901;5.496432;13067.0
6836;MSTS;QPLIB_5881.qs;69;36;13067.0;13067.0;0.191902;5.688334;13067.0
6837;MSTS;QPLIB_5881.qs;69;37;13067.0;13067.0;0.121968;5.810302;13067.0
6838;MSTS;QPLIB_5881.qs;69;38;13067.0;13067.0;0.155621;5.965923;13067.0
6839;MSTS;QPLIB_5881.qs;69;39;13067.0;13067.0;0.13835;6.104273;13067.0
6840;MSTS;QPLIB_5881.qs;69;40;13060.0;13067.0;0.130088;6.234361;13067.0
6841;MSTS;QPLIB_5881.qs;69;41;13067.0;13067.0;0.120786;6.355147;13067.0
6842;MSTS;QPLIB_5881.qs;69;42;13067.0;13067.0;0.122482;6.477629;13067.0
6843;MSTS;QPLIB_5881.qs;69;43;13067.0;13067.0;0.122761;6.60039;13067.0
6844;MSTS;QPLIB_5881.qs;69;44;13067.0;13067.0;0.128175;6.728565;13067.0
6845;MSTS;QPLIB_5881.qs;69;45;13067.0;13067.0;0.133247;6.8618120000000005;13067.0
6846;MSTS;QPLIB_5881.qs;69;46;13067.0;13067.0;0.127225;6.989037;13067.0
6847;MSTS;QPLIB_5881.qs;69;47;13067.0;13067.0;0.123656;7.112693;13067.0
6848;MSTS;QPLIB_5881.qs;69;48;13067.0;13067.0;0.130524;7.2432170000000005;13067.0
6849;MSTS;QPLIB_5881.qs;69;49;13067.0;13067.0;0.156188;7.399405;13067.0
6850;MSTS;QPLIB_5881.qs;69;50;13067.0;13067.0;0.154456;7.553861;13067.0
6851;MSTS;QPLIB_5881.qs;69;51;13067.0;13067.0;0.126106;7.679967;13067.0
6852;MSTS;QPLIB_5881.qs;69;52;13067.0;13067.0;0.164095;7.844062;13067.0
6853;MSTS;QPLIB_5881.qs;69;53;13067.0;13067.0;0.135946;7.980008;13067.0
6854;MSTS;QPLIB_5881.qs;69;54;13067.0;13067.0;0.152481;8.132489;13067.0
6855;MSTS;QPLIB_5881.qs;69;55;13067.0;13067.0;0.14255;8.275039;13067.0
6856;MSTS;QPLIB_5881.qs;69;56;13067.0;13067.0;0.130642;8.405681;13067.0
6857;MSTS;QPLIB_5881.qs;69;57;13067.0;13067.0;0.128655;8.534336;13067.0
6858;MSTS;QPLIB_5881.qs;69;58;13067.0;13067.0;0.13571;8.670046;13067.0
6859;MSTS;QPLIB_5881.qs;69;59;13067.0;13067.0;0.15245;8.822496;13067.0
6860;MSTS;QPLIB_5881.qs;69;60;13067.0;13067.0;0.139174;8.96167;13067.0
6861;MSTS;QPLIB_5881.qs;69;61;13067.0;13067.0;0.122685;9.084355;13067.0
6862;MSTS;QPLIB_5881.qs;69;62;13067.0;13067.0;0.187057;9.271412;13067.0
6863;MSTS;QPLIB_5881.qs;69;63;13051.0;13067.0;0.121007;9.392419;13067.0
6864;MSTS;QPLIB_5881.qs;69;64;13067.0;13067.0;0.125078;9.517497;13067.0
6865;MSTS;QPLIB_5881.qs;69;65;13067.0;13067.0;0.175489;9.692986;13067.0
6866;MSTS;QPLIB_5881.qs;69;66;13067.0;13067.0;0.141549;9.834535;13067.0
6867;MSTS;QPLIB_5881.qs;69;67;13067.0;13067.0;0.126006;9.960541000000001;13067.0
6868;MSTS;QPLIB_5881.qs;69;68;13067.0;13067.0;0.122497;10.083038;13067.0
6869;MSTS;QPLIB_5881.qs;69;69;13067.0;13067.0;0.138925;10.221963;13067.0
6870;MSTS;QPLIB_5881.qs;69;70;13067.0;13067.0;0.145947;10.36791;13067.0
6871;MSTS;QPLIB_5881.qs;69;71;13067.0;13067.0;0.204644;10.572554;13067.0
6872;MSTS;QPLIB_5881.qs;69;72;13067.0;13067.0;0.14951;10.722064;13067.0
6873;MSTS;QPLIB_5881.qs;69;73;13067.0;13067.0;0.141395;10.863459;13067.0
6874;MSTS;QPLIB_5881.qs;69;74;13067.0;13067.0;0.142092;11.005551;13067.0
6875;MSTS;QPLIB_5881.qs;69;75;13067.0;13067.0;0.129394;11.134945;13067.0
6876;MSTS;QPLIB_5881.qs;69;76;13067.0;13067.0;0.125615;11.26056;13067.0
6877;MSTS;QPLIB_5881.qs;69;77;13067.0;13067.0;0.169193;11.429753;13067.0
6878;MSTS;QPLIB_5881.qs;69;78;13067.0;13067.0;0.16141;11.591163;13067.0
6879;MSTS;QPLIB_5881.qs;69;79;13067.0;13067.0;0.131766;11.722929;13067.0
6880;MSTS;QPLIB_5881.qs;69;80;13067.0;13067.0;0.124305;11.847234;13067.0
6881;MSTS;QPLIB_5881.qs;69;81;13067.0;13067.0;0.212663;12.059897;13067.0
6882;MSTS;QPLIB_5881.qs;69;82;13067.0;13067.0;0.130783;12.19068;13067.0
6883;MSTS;QPLIB_5881.qs;69;83;13067.0;13067.0;0.135027;12.325707;13067.0
6884;MSTS;QPLIB_5881.qs;69;84;13067.0;13067.0;0.153178;12.478885;13067.0
6885;MSTS;QPLIB_5881.qs;69;85;13067.0;13067.0;0.127953;12.606838;13067.0
6886;MSTS;QPLIB_5881.qs;69;86;13067.0;13067.0;0.161904;12.768742;13067.0
6887;MSTS;QPLIB_5881.qs;69;87;13067.0;13067.0;0.176801;12.945543;13067.0
6888;MSTS;QPLIB_5881.qs;69;88;13067.0;13067.0;0.157972;13.103515;13067.0
6889;MSTS;QPLIB_5881.qs;69;89;13067.0;13067.0;0.12492;13.228435;13067.0
6890;MSTS;QPLIB_5881.qs;69;90;13067.0;13067.0;0.143218;13.371653;13067.0
6891;MSTS;QPLIB_5881.qs;69;91;13067.0;13067.0;0.161442;13.533095;13067.0
6892;MSTS;QPLIB_5881.qs;69;92;13067.0;13067.0;0.142664;13.675759;13067.0
6893;MSTS;QPLIB_5881.qs;69;93;13067.0;13067.0;0.134495;13.810254;13067.0
6894;MSTS;QPLIB_5881.qs;69;94;13067.0;13067.0;0.157213;13.967467000000001;13067.0
6895;MSTS;QPLIB_5881.qs;69;95;13067.0;13067.0;0.131098;14.098565;13067.0
6896;MSTS;QPLIB_5881.qs;69;96;13067.0;13067.0;0.130332;14.228897;13067.0
6897;MSTS;QPLIB_5881.qs;69;97;13051.0;13067.0;0.119683;14.34858;13067.0
6898;MSTS;QPLIB_5881.qs;69;98;13067.0;13067.0;0.12094;14.46952;13067.0
6899;MSTS;QPLIB_5881.qs;69;99;13067.0;13067.0;0.193041;14.662561;13067.0
6900;MSTS;QPLIB_5881.qs;69;100;13067.0;13067.0;0.16267;14.825231;13067.0
6901;MSTS;QPLIB_5881.qs;70;1;13051.0;13067.0;0.249023;0.249023;13067.0
6902;MSTS;QPLIB_5881.qs;70;2;13067.0;13067.0;0.119788;0.368811;13067.0
6903;MSTS;QPLIB_5881.qs;70;3;13067.0;13067.0;0.12087;0.48968100000000003;13067.0
6904;MSTS;QPLIB_5881.qs;70;4;13067.0;13067.0;0.1902;0.679881;13067.0
6905;MSTS;QPLIB_5881.qs;70;5;13067.0;13067.0;0.166601;0.846482;13067.0
6906;MSTS;QPLIB_5881.qs;70;6;13067.0;13067.0;0.18822;1.034702;13067.0
6907;MSTS;QPLIB_5881.qs;70;7;13067.0;13067.0;0.15077;1.185472;13067.0
6908;MSTS;QPLIB_5881.qs;70;8;13067.0;13067.0;0.136514;1.3219859999999999;13067.0
6909;MSTS;QPLIB_5881.qs;70;9;13067.0;13067.0;0.190247;1.512233;13067.0
6910;MSTS;QPLIB_5881.qs;70;10;13067.0;13067.0;0.157876;1.670109;13067.0
6911;MSTS;QPLIB_5881.qs;70;11;13067.0;13067.0;0.154943;1.825052;13067.0
6912;MSTS;QPLIB_5881.qs;70;12;13067.0;13067.0;0.179571;2.004623;13067.0
6913;MSTS;QPLIB_5881.qs;70;13;13067.0;13067.0;0.134344;2.138967;13067.0
6914;MSTS;QPLIB_5881.qs;70;14;13067.0;13067.0;0.172596;2.311563;13067.0
6915;MSTS;QPLIB_5881.qs;70;15;13067.0;13067.0;0.128305;2.439868;13067.0
6916;MSTS;QPLIB_5881.qs;70;16;13067.0;13067.0;0.144709;2.584577;13067.0
6917;MSTS;QPLIB_5881.qs;70;17;13067.0;13067.0;0.17449;2.759067;13067.0
6918;MSTS;QPLIB_5881.qs;70;18;13051.0;13067.0;0.119984;2.879051;13067.0
6919;MSTS;QPLIB_5881.qs;70;19;13067.0;13067.0;0.125924;3.004975;13067.0
6920;MSTS;QPLIB_5881.qs;70;20;13067.0;13067.0;0.160197;3.165172;13067.0
6921;MSTS;QPLIB_5881.qs;70;21;13067.0;13067.0;0.159896;3.325068;13067.0
6922;MSTS;QPLIB_5881.qs;70;22;13067.0;13067.0;0.213615;3.538683;13067.0
6923;MSTS;QPLIB_5881.qs;70;23;13067.0;13067.0;0.187226;3.725909;13067.0
6924;MSTS;QPLIB_5881.qs;70;24;13067.0;13067.0;0.147564;3.873473;13067.0
6925;MSTS;QPLIB_5881.qs;70;25;13067.0;13067.0;0.150103;4.023576;13067.0
6926;MSTS;QPLIB_5881.qs;70;26;13067.0;13067.0;0.131226;4.154802;13067.0
6927;MSTS;QPLIB_5881.qs;70;27;13067.0;13067.0;0.13253;4.287332;13067.0
6928;MSTS;QPLIB_5881.qs;70;28;13067.0;13067.0;0.147975;4.435307;13067.0
6929;MSTS;QPLIB_5881.qs;70;29;13067.0;13067.0;0.131438;4.566745;13067.0
6930;MSTS;QPLIB_5881.qs;70;30;13067.0;13067.0;0.123325;4.69007;13067.0
6931;MSTS;QPLIB_5881.qs;70;31;13067.0;13067.0;0.124888;4.814958;13067.0
6932;MSTS;QPLIB_5881.qs;70;32;13067.0;13067.0;0.177244;4.992202;13067.0
6933;MSTS;QPLIB_5881.qs;70;33;13067.0;13067.0;0.141836;5.134038;13067.0
6934;MSTS;QPLIB_5881.qs;70;34;13067.0;13067.0;0.205757;5.339795;13067.0
6935;MSTS;QPLIB_5881.qs;70;35;13067.0;13067.0;0.132697;5.472492;13067.0
6936;MSTS;QPLIB_5881.qs;70;36;13067.0;13067.0;0.193803;5.666295;13067.0
6937;MSTS;QPLIB_5881.qs;70;37;13067.0;13067.0;0.140775;5.80707;13067.0
6938;MSTS;QPLIB_5881.qs;70;38;13067.0;13067.0;0.145395;5.952465;13067.0
6939;MSTS;QPLIB_5881.qs;70;39;13067.0;13067.0;0.25438;6.206845;13067.0
6940;MSTS;QPLIB_5881.qs;70;40;13067.0;13067.0;0.144841;6.351686;13067.0
6941;MSTS;QPLIB_5881.qs;70;41;13067.0;13067.0;0.178731;6.530417;13067.0
6942;MSTS;QPLIB_5881.qs;70;42;13067.0;13067.0;0.12728;6.657697;13067.0
6943;MSTS;QPLIB_5881.qs;70;43;13067.0;13067.0;0.130598;6.788295;13067.0
6944;MSTS;QPLIB_5881.qs;70;44;13051.0;13067.0;0.119429;6.907724;13067.0
6945;MSTS;QPLIB_5881.qs;70;45;13067.0;13067.0;0.120541;7.028265;13067.0
6946;MSTS;QPLIB_5881.qs;70;46;13067.0;13067.0;0.138206;7.166471;13067.0
6947;MSTS;QPLIB_5881.qs;70;47;13067.0;13067.0;0.144737;7.311208;13067.0
6948;MSTS;QPLIB_5881.qs;70;48;13067.0;13067.0;0.221584;7.532792;13067.0
6949;MSTS;QPLIB_5881.qs;70;49;13067.0;13067.0;0.134155;7.666947;13067.0
6950;MSTS;QPLIB_5881.qs;70;50;13067.0;13067.0;0.145261;7.812208;13067.0
6951;MSTS;QPLIB_5881.qs;70;51;13067.0;13067.0;0.167305;7.979513;13067.0
6952;MSTS;QPLIB_5881.qs;70;52;13067.0;13067.0;0.140401;8.119914;13067.0
6953;MSTS;QPLIB_5881.qs;70;53;13067.0;13067.0;0.135508;8.255422;13067.0
6954;MSTS;QPLIB_5881.qs;70;54;13067.0;13067.0;0.145196;8.400618;13067.0
6955;MSTS;QPLIB_5881.qs;70;55;13067.0;13067.0;0.121516;8.522134;13067.0
6956;MSTS;QPLIB_5881.qs;70;56;13067.0;13067.0;0.127739;8.649873;13067.0
6957;MSTS;QPLIB_5881.qs;70;57;13067.0;13067.0;0.137044;8.786917;13067.0
6958;MSTS;QPLIB_5881.qs;70;58;13067.0;13067.0;0.207785;8.994702;13067.0
6959;MSTS;QPLIB_5881.qs;70;59;13067.0;13067.0;0.15379;9.148492;13067.0
6960;MSTS;QPLIB_5881.qs;70;60;13067.0;13067.0;0.191471;9.339963000000001;13067.0
6961;MSTS;QPLIB_5881.qs;70;61;13067.0;13067.0;0.1218;9.461763;13067.0
6962;MSTS;QPLIB_5881.qs;70;62;13067.0;13067.0;0.147285;9.609048;13067.0
6963;MSTS;QPLIB_5881.qs;70;63;13067.0;13067.0;0.131075;9.740123;13067.0
6964;MSTS;QPLIB_5881.qs;70;64;13067.0;13067.0;0.21838;9.958503;13067.0
6965;MSTS;QPLIB_5881.qs;70;65;13067.0;13067.0;0.138258;10.096761;13067.0
6966;MSTS;QPLIB_5881.qs;70;66;13067.0;13067.0;0.154843;10.251604;13067.0
6967;MSTS;QPLIB_5881.qs;70;67;13067.0;13067.0;0.128716;10.38032;13067.0
6968;MSTS;QPLIB_5881.qs;70;68;13051.0;13067.0;0.119714;10.500034;13067.0
6969;MSTS;QPLIB_5881.qs;70;69;13067.0;13067.0;0.121216;10.62125;13067.0
6970;MSTS;QPLIB_5881.qs;70;70;13067.0;13067.0;0.152931;10.774181;13067.0
6971;MSTS;QPLIB_5881.qs;70;71;13067.0;13067.0;0.133592;10.907773;13067.0
6972;MSTS;QPLIB_5881.qs;70;72;13067.0;13067.0;0.141357;11.04913;13067.0
6973;MSTS;QPLIB_5881.qs;70;73;13067.0;13067.0;0.182201;11.231331;13067.0
6974;MSTS;QPLIB_5881.qs;70;74;13067.0;13067.0;0.12712;11.358451;13067.0
6975;MSTS;QPLIB_5881.qs;70;75;13067.0;13067.0;0.171554;11.530005;13067.0
6976;MSTS;QPLIB_5881.qs;70;76;13067.0;13067.0;0.134165;11.66417;13067.0
6977;MSTS;QPLIB_5881.qs;70;77;13067.0;13067.0;0.121764;11.785934;13067.0
6978;MSTS;QPLIB_5881.qs;70;78;13051.0;13067.0;0.120455;11.906389;13067.0
6979;MSTS;QPLIB_5881.qs;70;79;13067.0;13067.0;0.123468;12.029857;13067.0
6980;MSTS;QPLIB_5881.qs;70;80;13067.0;13067.0;0.147324;12.177181000000001;13067.0
6981;MSTS;QPLIB_5881.qs;70;81;13067.0;13067.0;0.128607;12.305788;13067.0
6982;MSTS;QPLIB_5881.qs;70;82;13067.0;13067.0;0.126692;12.43248;13067.0
6983;MSTS;QPLIB_5881.qs;70;83;13051.0;13067.0;0.118354;12.550834;13067.0
6984;MSTS;QPLIB_5881.qs;70;84;13067.0;13067.0;0.156663;12.707497;13067.0
6985;MSTS;QPLIB_5881.qs;70;85;13067.0;13067.0;0.127505;12.835002;13067.0
6986;MSTS;QPLIB_5881.qs;70;86;13067.0;13067.0;0.175167;13.010169;13067.0
6987;MSTS;QPLIB_5881.qs;70;87;13067.0;13067.0;0.162113;13.172282000000001;13067.0
6988;MSTS;QPLIB_5881.qs;70;88;13067.0;13067.0;0.146554;13.318836;13067.0
6989;MSTS;QPLIB_5881.qs;70;89;13067.0;13067.0;0.124627;13.443463;13067.0
6990;MSTS;QPLIB_5881.qs;70;90;13067.0;13067.0;0.18996;13.633423;13067.0
6991;MSTS;QPLIB_5881.qs;70;91;13067.0;13067.0;0.123885;13.757308;13067.0
6992;MSTS;QPLIB_5881.qs;70;92;13051.0;13067.0;0.119398;13.876706;13067.0
6993;MSTS;QPLIB_5881.qs;70;93;13067.0;13067.0;0.122588;13.999294;13067.0
6994;MSTS;QPLIB_5881.qs;70;94;13067.0;13067.0;0.173475;14.172769;13067.0
6995;MSTS;QPLIB_5881.qs;70;95;13067.0;13067.0;0.121624;14.294393;13067.0
6996;MSTS;QPLIB_5881.qs;70;96;13067.0;13067.0;0.167649;14.462042;13067.0
6997;MSTS;QPLIB_5881.qs;70;97;13067.0;13067.0;0.165087;14.627129;13067.0
6998;MSTS;QPLIB_5881.qs;70;98;13051.0;13067.0;0.118745;14.745874;13067.0
6999;MSTS;QPLIB_5881.qs;70;99;13067.0;13067.0;0.131115;14.876989;13067.0
7000;MSTS;QPLIB_5881.qs;70;100;13067.0;13067.0;0.145982;15.022971;13067.0
7001;MSTS;QPLIB_5881.qs;71;1;13067.0;13067.0;0.251698;0.251698;13067.0
7002;MSTS;QPLIB_5881.qs;71;2;13067.0;13067.0;0.156356;0.408054;13067.0
7003;MSTS;QPLIB_5881.qs;71;3;13067.0;13067.0;0.123163;0.5312169999999999;13067.0
7004;MSTS;QPLIB_5881.qs;71;4;13067.0;13067.0;0.1641;0.695317;13067.0
7005;MSTS;QPLIB_5881.qs;71;5;13067.0;13067.0;0.149367;0.844684;13067.0
7006;MSTS;QPLIB_5881.qs;71;6;13067.0;13067.0;0.133997;0.9786809999999999;13067.0
7007;MSTS;QPLIB_5881.qs;71;7;13067.0;13067.0;0.17602;1.154701;13067.0
7008;MSTS;QPLIB_5881.qs;71;8;13067.0;13067.0;0.158228;1.312929;13067.0
7009;MSTS;QPLIB_5881.qs;71;9;13067.0;13067.0;0.124747;1.437676;13067.0
7010;MSTS;QPLIB_5881.qs;71;10;13067.0;13067.0;0.166474;1.60415;13067.0
7011;MSTS;QPLIB_5881.qs;71;11;13067.0;13067.0;0.15759;1.76174;13067.0
7012;MSTS;QPLIB_5881.qs;71;12;13051.0;13067.0;0.120509;1.882249;13067.0
7013;MSTS;QPLIB_5881.qs;71;13;13067.0;13067.0;0.120477;2.002726;13067.0
7014;MSTS;QPLIB_5881.qs;71;14;13067.0;13067.0;0.13799;2.140716;13067.0
7015;MSTS;QPLIB_5881.qs;71;15;13067.0;13067.0;0.210104;2.35082;13067.0
7016;MSTS;QPLIB_5881.qs;71;16;13067.0;13067.0;0.121043;2.471863;13067.0
7017;MSTS;QPLIB_5881.qs;71;17;13067.0;13067.0;0.186801;2.658664;13067.0
7018;MSTS;QPLIB_5881.qs;71;18;13067.0;13067.0;0.204966;2.86363;13067.0
7019;MSTS;QPLIB_5881.qs;71;19;13051.0;13067.0;0.116454;2.980084;13067.0
7020;MSTS;QPLIB_5881.qs;71;20;13067.0;13067.0;0.135604;3.115688;13067.0
7021;MSTS;QPLIB_5881.qs;71;21;13067.0;13067.0;0.126687;3.242375;13067.0
7022;MSTS;QPLIB_5881.qs;71;22;13067.0;13067.0;0.158078;3.400453;13067.0
7023;MSTS;QPLIB_5881.qs;71;23;13067.0;13067.0;0.121298;3.521751;13067.0
7024;MSTS;QPLIB_5881.qs;71;24;13067.0;13067.0;0.123101;3.644852;13067.0
7025;MSTS;QPLIB_5881.qs;71;25;13067.0;13067.0;0.120195;3.765047;13067.0
7026;MSTS;QPLIB_5881.qs;71;26;13067.0;13067.0;0.192629;3.957676;13067.0
7027;MSTS;QPLIB_5881.qs;71;27;13067.0;13067.0;0.12021;4.077886;13067.0
7028;MSTS;QPLIB_5881.qs;71;28;13051.0;13067.0;0.118296;4.196182;13067.0
7029;MSTS;QPLIB_5881.qs;71;29;13067.0;13067.0;0.131473;4.327655;13067.0
7030;MSTS;QPLIB_5881.qs;71;30;13067.0;13067.0;0.130793;4.458448;13067.0
7031;MSTS;QPLIB_5881.qs;71;31;13067.0;13067.0;0.188399;4.646847;13067.0
7032;MSTS;QPLIB_5881.qs;71;32;13067.0;13067.0;0.14084;4.787687;13067.0
7033;MSTS;QPLIB_5881.qs;71;33;13067.0;13067.0;0.147614;4.935301;13067.0
7034;MSTS;QPLIB_5881.qs;71;34;13067.0;13067.0;0.121817;5.057118;13067.0
7035;MSTS;QPLIB_5881.qs;71;35;13067.0;13067.0;0.148796;5.205914;13067.0
7036;MSTS;QPLIB_5881.qs;71;36;13067.0;13067.0;0.124298;5.330212;13067.0
7037;MSTS;QPLIB_5881.qs;71;37;13067.0;13067.0;0.134292;5.464504;13067.0
7038;MSTS;QPLIB_5881.qs;71;38;13067.0;13067.0;0.173867;5.638371;13067.0
7039;MSTS;QPLIB_5881.qs;71;39;13067.0;13067.0;0.193229;5.8316;13067.0
7040;MSTS;QPLIB_5881.qs;71;40;13067.0;13067.0;0.146137;5.977737;13067.0
7041;MSTS;QPLIB_5881.qs;71;41;13067.0;13067.0;0.196068;6.173805;13067.0
7042;MSTS;QPLIB_5881.qs;71;42;13067.0;13067.0;0.116997;6.290802;13067.0
7043;MSTS;QPLIB_5881.qs;71;43;13067.0;13067.0;0.21519;6.505992;13067.0
7044;MSTS;QPLIB_5881.qs;71;44;13067.0;13067.0;0.156042;6.662034;13067.0
7045;MSTS;QPLIB_5881.qs;71;45;13067.0;13067.0;0.119242;6.781276;13067.0
7046;MSTS;QPLIB_5881.qs;71;46;13067.0;13067.0;0.131758;6.913034;13067.0
7047;MSTS;QPLIB_5881.qs;71;47;13067.0;13067.0;0.119029;7.032063;13067.0
7048;MSTS;QPLIB_5881.qs;71;48;13067.0;13067.0;0.142245;7.174308;13067.0
7049;MSTS;QPLIB_5881.qs;71;49;13051.0;13067.0;0.116665;7.290973;13067.0
7050;MSTS;QPLIB_5881.qs;71;50;13067.0;13067.0;0.122763;7.413736;13067.0
7051;MSTS;QPLIB_5881.qs;71;51;13067.0;13067.0;0.115497;7.529233;13067.0
7052;MSTS;QPLIB_5881.qs;71;52;13067.0;13067.0;0.170866;7.700099;13067.0
7053;MSTS;QPLIB_5881.qs;71;53;13067.0;13067.0;0.155544;7.855643;13067.0
7054;MSTS;QPLIB_5881.qs;71;54;13067.0;13067.0;0.166994;8.022637;13067.0
7055;MSTS;QPLIB_5881.qs;71;55;13067.0;13067.0;0.136989;8.159626;13067.0
7056;MSTS;QPLIB_5881.qs;71;56;13067.0;13067.0;0.135438;8.295064;13067.0
7057;MSTS;QPLIB_5881.qs;71;57;13067.0;13067.0;0.136456;8.43152;13067.0
7058;MSTS;QPLIB_5881.qs;71;58;13067.0;13067.0;0.138311;8.569831;13067.0
7059;MSTS;QPLIB_5881.qs;71;59;13060.0;13067.0;0.12232;8.692150999999999;13067.0
7060;MSTS;QPLIB_5881.qs;71;60;13067.0;13067.0;0.119952;8.812103;13067.0
7061;MSTS;QPLIB_5881.qs;71;61;13051.0;13067.0;0.11834;8.930443;13067.0
7062;MSTS;QPLIB_5881.qs;71;62;13067.0;13067.0;0.124804;9.055247;13067.0
7063;MSTS;QPLIB_5881.qs;71;63;13067.0;13067.0;0.1589;9.214147;13067.0
7064;MSTS;QPLIB_5881.qs;71;64;13067.0;13067.0;0.123965;9.338112;13067.0
7065;MSTS;QPLIB_5881.qs;71;65;13067.0;13067.0;0.189498;9.52761;13067.0
7066;MSTS;QPLIB_5881.qs;71;66;13067.0;13067.0;0.124543;9.652153;13067.0
7067;MSTS;QPLIB_5881.qs;71;67;13067.0;13067.0;0.126002;9.778155;13067.0
7068;MSTS;QPLIB_5881.qs;71;68;13067.0;13067.0;0.187892;9.966047;13067.0
7069;MSTS;QPLIB_5881.qs;71;69;13067.0;13067.0;0.144635;10.110682;13067.0
7070;MSTS;QPLIB_5881.qs;71;70;13067.0;13067.0;0.196775;10.307457;13067.0
7071;MSTS;QPLIB_5881.qs;71;71;13067.0;13067.0;0.118371;10.425828;13067.0
7072;MSTS;QPLIB_5881.qs;71;72;13067.0;13067.0;0.11926;10.545088;13067.0
7073;MSTS;QPLIB_5881.qs;71;73;13067.0;13067.0;0.127958;10.673046;13067.0
7074;MSTS;QPLIB_5881.qs;71;74;13067.0;13067.0;0.118158;10.791204;13067.0
7075;MSTS;QPLIB_5881.qs;71;75;13067.0;13067.0;0.171372;10.962576;13067.0
7076;MSTS;QPLIB_5881.qs;71;76;13067.0;13067.0;0.128887;11.091463;13067.0
7077;MSTS;QPLIB_5881.qs;71;77;13067.0;13067.0;0.125771;11.217234;13067.0
7078;MSTS;QPLIB_5881.qs;71;78;13067.0;13067.0;0.120418;11.337652;13067.0
7079;MSTS;QPLIB_5881.qs;71;79;13067.0;13067.0;0.166201;11.503853;13067.0
7080;MSTS;QPLIB_5881.qs;71;80;13067.0;13067.0;0.138457;11.64231;13067.0
7081;MSTS;QPLIB_5881.qs;71;81;13067.0;13067.0;0.166405;11.808715;13067.0
7082;MSTS;QPLIB_5881.qs;71;82;13067.0;13067.0;0.127218;11.935933;13067.0
7083;MSTS;QPLIB_5881.qs;71;83;13067.0;13067.0;0.136795;12.072728;13067.0
7084;MSTS;QPLIB_5881.qs;71;84;13067.0;13067.0;0.232577;12.305305;13067.0
7085;MSTS;QPLIB_5881.qs;71;85;13067.0;13067.0;0.144829;12.450134;13067.0
7086;MSTS;QPLIB_5881.qs;71;86;13067.0;13067.0;0.121155;12.571289;13067.0
7087;MSTS;QPLIB_5881.qs;71;87;13067.0;13067.0;0.185305;12.756594;13067.0
7088;MSTS;QPLIB_5881.qs;71;88;13067.0;13067.0;0.124241;12.880835;13067.0
7089;MSTS;QPLIB_5881.qs;71;89;13067.0;13067.0;0.125583;13.006418;13067.0
7090;MSTS;QPLIB_5881.qs;71;90;13067.0;13067.0;0.176942;13.18336;13067.0
7091;MSTS;QPLIB_5881.qs;71;91;13067.0;13067.0;0.116099;13.299459;13067.0
7092;MSTS;QPLIB_5881.qs;71;92;13051.0;13067.0;0.113822;13.413281;13067.0
7093;MSTS;QPLIB_5881.qs;71;93;13067.0;13067.0;0.17764;13.590921;13067.0
7094;MSTS;QPLIB_5881.qs;71;94;13067.0;13067.0;0.143966;13.734887;13067.0
7095;MSTS;QPLIB_5881.qs;71;95;13067.0;13067.0;0.124954;13.859841;13067.0
7096;MSTS;QPLIB_5881.qs;71;96;13067.0;13067.0;0.206276;14.066117;13067.0
7097;MSTS;QPLIB_5881.qs;71;97;13067.0;13067.0;0.162465;14.228582;13067.0
7098;MSTS;QPLIB_5881.qs;71;98;13067.0;13067.0;0.121798;14.35038;13067.0
7099;MSTS;QPLIB_5881.qs;71;99;13067.0;13067.0;0.122245;14.472625;13067.0
7100;MSTS;QPLIB_5881.qs;71;100;13067.0;13067.0;0.122268;14.594893;13067.0
7101;MSTS;QPLIB_5881.qs;72;1;13067.0;13067.0;0.235785;0.235785;13067.0
7102;MSTS;QPLIB_5881.qs;72;2;13067.0;13067.0;0.120816;0.356601;13067.0
7103;MSTS;QPLIB_5881.qs;72;3;13067.0;13067.0;0.140322;0.496923;13067.0
7104;MSTS;QPLIB_5881.qs;72;4;13067.0;13067.0;0.138034;0.634957;13067.0
7105;MSTS;QPLIB_5881.qs;72;5;13067.0;13067.0;0.133007;0.767964;13067.0
7106;MSTS;QPLIB_5881.qs;72;6;13067.0;13067.0;0.139532;0.907496;13067.0
7107;MSTS;QPLIB_5881.qs;72;7;13067.0;13067.0;0.128083;1.035579;13067.0
7108;MSTS;QPLIB_5881.qs;72;8;13067.0;13067.0;0.133585;1.1691639999999999;13067.0
7109;MSTS;QPLIB_5881.qs;72;9;13067.0;13067.0;0.189277;1.358441;13067.0
7110;MSTS;QPLIB_5881.qs;72;10;13067.0;13067.0;0.13372;1.492161;13067.0
7111;MSTS;QPLIB_5881.qs;72;11;13067.0;13067.0;0.128111;1.620272;13067.0
7112;MSTS;QPLIB_5881.qs;72;12;13067.0;13067.0;0.124325;1.744597;13067.0
7113;MSTS;QPLIB_5881.qs;72;13;13067.0;13067.0;0.177542;1.922139;13067.0
7114;MSTS;QPLIB_5881.qs;72;14;13067.0;13067.0;0.116294;2.038433;13067.0
7115;MSTS;QPLIB_5881.qs;72;15;13067.0;13067.0;0.150096;2.188529;13067.0
7116;MSTS;QPLIB_5881.qs;72;16;13067.0;13067.0;0.121812;2.310341;13067.0
7117;MSTS;QPLIB_5881.qs;72;17;13067.0;13067.0;0.171788;2.482129;13067.0
7118;MSTS;QPLIB_5881.qs;72;18;13067.0;13067.0;0.202024;2.6841530000000002;13067.0
7119;MSTS;QPLIB_5881.qs;72;19;13067.0;13067.0;0.149703;2.833856;13067.0
7120;MSTS;QPLIB_5881.qs;72;20;13067.0;13067.0;0.157001;2.990857;13067.0
7121;MSTS;QPLIB_5881.qs;72;21;13067.0;13067.0;0.164391;3.155248;13067.0
7122;MSTS;QPLIB_5881.qs;72;22;13067.0;13067.0;0.119569;3.274817;13067.0
7123;MSTS;QPLIB_5881.qs;72;23;13067.0;13067.0;0.131748;3.406565;13067.0
7124;MSTS;QPLIB_5881.qs;72;24;13067.0;13067.0;0.144675;3.55124;13067.0
7125;MSTS;QPLIB_5881.qs;72;25;13051.0;13067.0;0.11526;3.6665;13067.0
7126;MSTS;QPLIB_5881.qs;72;26;13067.0;13067.0;0.118531;3.785031;13067.0
7127;MSTS;QPLIB_5881.qs;72;27;13067.0;13067.0;0.130658;3.915689;13067.0
7128;MSTS;QPLIB_5881.qs;72;28;13067.0;13067.0;0.146063;4.061752;13067.0
7129;MSTS;QPLIB_5881.qs;72;29;13067.0;13067.0;0.155331;4.217083;13067.0
7130;MSTS;QPLIB_5881.qs;72;30;13067.0;13067.0;0.131778;4.348861;13067.0
7131;MSTS;QPLIB_5881.qs;72;31;13067.0;13067.0;0.158509;4.50737;13067.0
7132;MSTS;QPLIB_5881.qs;72;32;13067.0;13067.0;0.139187;4.646557;13067.0
7133;MSTS;QPLIB_5881.qs;72;33;13067.0;13067.0;0.13796;4.784517;13067.0
7134;MSTS;QPLIB_5881.qs;72;34;13067.0;13067.0;0.175914;4.960431;13067.0
7135;MSTS;QPLIB_5881.qs;72;35;13067.0;13067.0;0.123871;5.084302;13067.0
7136;MSTS;QPLIB_5881.qs;72;36;13067.0;13067.0;0.172782;5.257084;13067.0
7137;MSTS;QPLIB_5881.qs;72;37;13067.0;13067.0;0.127125;5.384209;13067.0
7138;MSTS;QPLIB_5881.qs;72;38;13060.0;13067.0;0.173752;5.557961;13067.0
7139;MSTS;QPLIB_5881.qs;72;39;13067.0;13067.0;0.118007;5.675968;13067.0
7140;MSTS;QPLIB_5881.qs;72;40;13067.0;13067.0;0.187914;5.863882;13067.0
7141;MSTS;QPLIB_5881.qs;72;41;13067.0;13067.0;0.119582;5.983464;13067.0
7142;MSTS;QPLIB_5881.qs;72;42;13067.0;13067.0;0.159424;6.142888;13067.0
7143;MSTS;QPLIB_5881.qs;72;43;13067.0;13067.0;0.145292;6.28818;13067.0
7144;MSTS;QPLIB_5881.qs;72;44;13067.0;13067.0;0.172887;6.461067;13067.0
7145;MSTS;QPLIB_5881.qs;72;45;13067.0;13067.0;0.184002;6.645069;13067.0
7146;MSTS;QPLIB_5881.qs;72;46;13067.0;13067.0;0.114185;6.759254;13067.0
7147;MSTS;QPLIB_5881.qs;72;47;13067.0;13067.0;0.189917;6.949171;13067.0
7148;MSTS;QPLIB_5881.qs;72;48;13067.0;13067.0;0.171693;7.120864;13067.0
7149;MSTS;QPLIB_5881.qs;72;49;13067.0;13067.0;0.168657;7.289521;13067.0
7150;MSTS;QPLIB_5881.qs;72;50;13067.0;13067.0;0.114306;7.403827;13067.0
7151;MSTS;QPLIB_5881.qs;72;51;13067.0;13067.0;0.118468;7.522295;13067.0
7152;MSTS;QPLIB_5881.qs;72;52;13067.0;13067.0;0.129474;7.651769;13067.0
7153;MSTS;QPLIB_5881.qs;72;53;13067.0;13067.0;0.136829;7.788598;13067.0
7154;MSTS;QPLIB_5881.qs;72;54;13067.0;13067.0;0.175559;7.964157;13067.0
7155;MSTS;QPLIB_5881.qs;72;55;13067.0;13067.0;0.121944;8.086101;13067.0
7156;MSTS;QPLIB_5881.qs;72;56;13067.0;13067.0;0.126526;8.212627;13067.0
7157;MSTS;QPLIB_5881.qs;72;57;13067.0;13067.0;0.126982;8.339609;13067.0
7158;MSTS;QPLIB_5881.qs;72;58;13067.0;13067.0;0.119469;8.459078;13067.0
7159;MSTS;QPLIB_5881.qs;72;59;13067.0;13067.0;0.168173;8.627251;13067.0
7160;MSTS;QPLIB_5881.qs;72;60;13067.0;13067.0;0.131673;8.758924;13067.0
7161;MSTS;QPLIB_5881.qs;72;61;13067.0;13067.0;0.135549;8.894473;13067.0
7162;MSTS;QPLIB_5881.qs;72;62;13067.0;13067.0;0.164093;9.058566;13067.0
7163;MSTS;QPLIB_5881.qs;72;63;13067.0;13067.0;0.116186;9.174752;13067.0
7164;MSTS;QPLIB_5881.qs;72;64;13060.0;13067.0;0.129226;9.303978;13067.0
7165;MSTS;QPLIB_5881.qs;72;65;13067.0;13067.0;0.113334;9.417312;13067.0
7166;MSTS;QPLIB_5881.qs;72;66;13067.0;13067.0;0.129475;9.546787;13067.0
7167;MSTS;QPLIB_5881.qs;72;67;13067.0;13067.0;0.151903;9.69869;13067.0
7168;MSTS;QPLIB_5881.qs;72;68;13067.0;13067.0;0.20593;9.90462;13067.0
7169;MSTS;QPLIB_5881.qs;72;69;13067.0;13067.0;0.154104;10.058724;13067.0
7170;MSTS;QPLIB_5881.qs;72;70;13067.0;13067.0;0.1787;10.237424;13067.0
7171;MSTS;QPLIB_5881.qs;72;71;13067.0;13067.0;0.116221;10.353645;13067.0
7172;MSTS;QPLIB_5881.qs;72;72;13067.0;13067.0;0.113758;10.467403000000001;13067.0
7173;MSTS;QPLIB_5881.qs;72;73;13067.0;13067.0;0.206685;10.674088;13067.0
7174;MSTS;QPLIB_5881.qs;72;74;13067.0;13067.0;0.161001;10.835089;13067.0
7175;MSTS;QPLIB_5881.qs;72;75;13067.0;13067.0;0.118976;10.954065;13067.0
7176;MSTS;QPLIB_5881.qs;72;76;13067.0;13067.0;0.119048;11.073113;13067.0
7177;MSTS;QPLIB_5881.qs;72;77;13067.0;13067.0;0.135538;11.208651;13067.0
7178;MSTS;QPLIB_5881.qs;72;78;13067.0;13067.0;0.16485;11.373501;13067.0
7179;MSTS;QPLIB_5881.qs;72;79;13067.0;13067.0;0.119039;11.49254;13067.0
7180;MSTS;QPLIB_5881.qs;72;80;13067.0;13067.0;0.164878;11.657418;13067.0
7181;MSTS;QPLIB_5881.qs;72;81;13067.0;13067.0;0.125568;11.782986;13067.0
7182;MSTS;QPLIB_5881.qs;72;82;13067.0;13067.0;0.128923;11.911909;13067.0
7183;MSTS;QPLIB_5881.qs;72;83;13067.0;13067.0;0.203387;12.115296;13067.0
7184;MSTS;QPLIB_5881.qs;72;84;13067.0;13067.0;0.155478;12.270774;13067.0
7185;MSTS;QPLIB_5881.qs;72;85;13067.0;13067.0;0.125389;12.396163;13067.0
7186;MSTS;QPLIB_5881.qs;72;86;13067.0;13067.0;0.138364;12.534527;13067.0
7187;MSTS;QPLIB_5881.qs;72;87;13067.0;13067.0;0.137448;12.671975;13067.0
7188;MSTS;QPLIB_5881.qs;72;88;13067.0;13067.0;0.20825;12.880225;13067.0
7189;MSTS;QPLIB_5881.qs;72;89;13067.0;13067.0;0.132816;13.013041;13067.0
7190;MSTS;QPLIB_5881.qs;72;90;13067.0;13067.0;0.14929;13.162331;13067.0
7191;MSTS;QPLIB_5881.qs;72;91;13067.0;13067.0;0.165809;13.32814;13067.0
7192;MSTS;QPLIB_5881.qs;72;92;13053.0;13067.0;0.123064;13.451204;13067.0
7193;MSTS;QPLIB_5881.qs;72;93;13060.0;13067.0;0.111024;13.562228;13067.0
7194;MSTS;QPLIB_5881.qs;72;94;13067.0;13067.0;0.11376;13.675988;13067.0
7195;MSTS;QPLIB_5881.qs;72;95;13067.0;13067.0;0.180114;13.856102;13067.0
7196;MSTS;QPLIB_5881.qs;72;96;13067.0;13067.0;0.203825;14.059927;13067.0
7197;MSTS;QPLIB_5881.qs;72;97;13067.0;13067.0;0.134372;14.194299;13067.0
7198;MSTS;QPLIB_5881.qs;72;98;13067.0;13067.0;0.128086;14.322385;13067.0
7199;MSTS;QPLIB_5881.qs;72;99;13067.0;13067.0;0.126551;14.448936;13067.0
7200;MSTS;QPLIB_5881.qs;72;100;13067.0;13067.0;0.178782;14.627718;13067.0
7201;MSTS;QPLIB_5881.qs;73;1;13067.0;13067.0;0.215275;0.215275;13067.0
7202;MSTS;QPLIB_5881.qs;73;2;13067.0;13067.0;0.120638;0.335913;13067.0
7203;MSTS;QPLIB_5881.qs;73;3;13067.0;13067.0;0.156847;0.49276;13067.0
7204;MSTS;QPLIB_5881.qs;73;4;13067.0;13067.0;0.128537;0.621297;13067.0
7205;MSTS;QPLIB_5881.qs;73;5;13067.0;13067.0;0.133487;0.754784;13067.0
7206;MSTS;QPLIB_5881.qs;73;6;13051.0;13067.0;0.114608;0.8693919999999999;13067.0
7207;MSTS;QPLIB_5881.qs;73;7;13067.0;13067.0;0.118369;0.987761;13067.0
7208;MSTS;QPLIB_5881.qs;73;8;13067.0;13067.0;0.13999;1.127751;13067.0
7209;MSTS;QPLIB_5881.qs;73;9;13067.0;13067.0;0.133909;1.26166;13067.0
7210;MSTS;QPLIB_5881.qs;73;10;13067.0;13067.0;0.189321;1.450981;13067.0
7211;MSTS;QPLIB_5881.qs;73;11;13067.0;13067.0;0.190254;1.641235;13067.0
7212;MSTS;QPLIB_5881.qs;73;12;13067.0;13067.0;0.156459;1.797694;13067.0
7213;MSTS;QPLIB_5881.qs;73;13;13067.0;13067.0;0.118923;1.916617;13067.0
7214;MSTS;QPLIB_5881.qs;73;14;13067.0;13067.0;0.137099;2.053716;13067.0
7215;MSTS;QPLIB_5881.qs;73;15;13067.0;13067.0;0.134666;2.188382;13067.0
7216;MSTS;QPLIB_5881.qs;73;16;13067.0;13067.0;0.176073;2.364455;13067.0
7217;MSTS;QPLIB_5881.qs;73;17;13067.0;13067.0;0.149029;2.513484;13067.0
7218;MSTS;QPLIB_5881.qs;73;18;13067.0;13067.0;0.16484;2.678324;13067.0
7219;MSTS;QPLIB_5881.qs;73;19;13067.0;13067.0;0.129231;2.807555;13067.0
7220;MSTS;QPLIB_5881.qs;73;20;13067.0;13067.0;0.182987;2.990542;13067.0
7221;MSTS;QPLIB_5881.qs;73;21;13067.0;13067.0;0.124785;3.115327;13067.0
7222;MSTS;QPLIB_5881.qs;73;22;13067.0;13067.0;0.162999;3.278326;13067.0
7223;MSTS;QPLIB_5881.qs;73;23;13067.0;13067.0;0.125009;3.403335;13067.0
7224;MSTS;QPLIB_5881.qs;73;24;13067.0;13067.0;0.140654;3.543989;13067.0
7225;MSTS;QPLIB_5881.qs;73;25;13067.0;13067.0;0.154378;3.698367;13067.0
7226;MSTS;QPLIB_5881.qs;73;26;13067.0;13067.0;0.118704;3.817071;13067.0
7227;MSTS;QPLIB_5881.qs;73;27;13067.0;13067.0;0.127478;3.944549;13067.0
7228;MSTS;QPLIB_5881.qs;73;28;13067.0;13067.0;0.124481;4.06903;13067.0
7229;MSTS;QPLIB_5881.qs;73;29;13067.0;13067.0;0.119508;4.188538;13067.0
7230;MSTS;QPLIB_5881.qs;73;30;13051.0;13067.0;0.113987;4.302525;13067.0
7231;MSTS;QPLIB_5881.qs;73;31;13067.0;13067.0;0.12561;4.428135;13067.0
7232;MSTS;QPLIB_5881.qs;73;32;13067.0;13067.0;0.131346;4.559481;13067.0
7233;MSTS;QPLIB_5881.qs;73;33;13067.0;13067.0;0.136424;4.695905;13067.0
7234;MSTS;QPLIB_5881.qs;73;34;13067.0;13067.0;0.172045;4.86795;13067.0
7235;MSTS;QPLIB_5881.qs;73;35;13067.0;13067.0;0.140051;5.008001;13067.0
7236;MSTS;QPLIB_5881.qs;73;36;13067.0;13067.0;0.128152;5.136153;13067.0
7237;MSTS;QPLIB_5881.qs;73;37;13067.0;13067.0;0.135404;5.271557;13067.0
7238;MSTS;QPLIB_5881.qs;73;38;13067.0;13067.0;0.157589;5.429146;13067.0
7239;MSTS;QPLIB_5881.qs;73;39;13067.0;13067.0;0.125437;5.554583;13067.0
7240;MSTS;QPLIB_5881.qs;73;40;13067.0;13067.0;0.144173;5.698756;13067.0
7241;MSTS;QPLIB_5881.qs;73;41;13067.0;13067.0;0.115658;5.814414;13067.0
7242;MSTS;QPLIB_5881.qs;73;42;13067.0;13067.0;0.194988;6.009402;13067.0
7243;MSTS;QPLIB_5881.qs;73;43;13067.0;13067.0;0.173869;6.183271;13067.0
7244;MSTS;QPLIB_5881.qs;73;44;13067.0;13067.0;0.13012;6.313391;13067.0
7245;MSTS;QPLIB_5881.qs;73;45;13067.0;13067.0;0.186207;6.499598;13067.0
7246;MSTS;QPLIB_5881.qs;73;46;13067.0;13067.0;0.159345;6.658943;13067.0
7247;MSTS;QPLIB_5881.qs;73;47;13067.0;13067.0;0.17802;6.836963;13067.0
7248;MSTS;QPLIB_5881.qs;73;48;13067.0;13067.0;0.121741;6.958704;13067.0
7249;MSTS;QPLIB_5881.qs;73;49;13051.0;13067.0;0.11495;7.073654;13067.0
7250;MSTS;QPLIB_5881.qs;73;50;13067.0;13067.0;0.119392;7.193046;13067.0
7251;MSTS;QPLIB_5881.qs;73;51;13067.0;13067.0;0.116566;7.309612;13067.0
7252;MSTS;QPLIB_5881.qs;73;52;13067.0;13067.0;0.200029;7.509641;13067.0
7253;MSTS;QPLIB_5881.qs;73;53;13067.0;13067.0;0.124858;7.634499;13067.0
7254;MSTS;QPLIB_5881.qs;73;54;13067.0;13067.0;0.148318;7.782817;13067.0
7255;MSTS;QPLIB_5881.qs;73;55;13067.0;13067.0;0.117697;7.900514;13067.0
7256;MSTS;QPLIB_5881.qs;73;56;13067.0;13067.0;0.115952;8.016466;13067.0
7257;MSTS;QPLIB_5881.qs;73;57;13067.0;13067.0;0.140889;8.157355;13067.0
7258;MSTS;QPLIB_5881.qs;73;58;13067.0;13067.0;0.116185;8.27354;13067.0
7259;MSTS;QPLIB_5881.qs;73;59;13067.0;13067.0;0.13044;8.40398;13067.0
7260;MSTS;QPLIB_5881.qs;73;60;13067.0;13067.0;0.199545;8.603525;13067.0
7261;MSTS;QPLIB_5881.qs;73;61;13067.0;13067.0;0.137794;8.741319;13067.0
7262;MSTS;QPLIB_5881.qs;73;62;13067.0;13067.0;0.12324;8.864559;13067.0
7263;MSTS;QPLIB_5881.qs;73;63;13067.0;13067.0;0.123743;8.988302000000001;13067.0
7264;MSTS;QPLIB_5881.qs;73;64;13067.0;13067.0;0.156699;9.145001;13067.0
7265;MSTS;QPLIB_5881.qs;73;65;13067.0;13067.0;0.173902;9.318903;13067.0
7266;MSTS;QPLIB_5881.qs;73;66;13067.0;13067.0;0.126202;9.445105;13067.0
7267;MSTS;QPLIB_5881.qs;73;67;13067.0;13067.0;0.146705;9.59181;13067.0
7268;MSTS;QPLIB_5881.qs;73;68;13051.0;13067.0;0.113575;9.705385;13067.0
7269;MSTS;QPLIB_5881.qs;73;69;13067.0;13067.0;0.115196;9.820581;13067.0
7270;MSTS;QPLIB_5881.qs;73;70;13067.0;13067.0;0.14478;9.965361;13067.0
7271;MSTS;QPLIB_5881.qs;73;71;13067.0;13067.0;0.128424;10.093785;13067.0
7272;MSTS;QPLIB_5881.qs;73;72;13067.0;13067.0;0.120537;10.214322;13067.0
7273;MSTS;QPLIB_5881.qs;73;73;13051.0;13067.0;0.115591;10.329913;13067.0
7274;MSTS;QPLIB_5881.qs;73;74;13067.0;13067.0;0.131013;10.460926;13067.0
7275;MSTS;QPLIB_5881.qs;73;75;13067.0;13067.0;0.172579;10.633505;13067.0
7276;MSTS;QPLIB_5881.qs;73;76;13067.0;13067.0;0.130772;10.764277;13067.0
7277;MSTS;QPLIB_5881.qs;73;77;13067.0;13067.0;0.13638;10.900657;13067.0
7278;MSTS;QPLIB_5881.qs;73;78;13067.0;13067.0;0.126736;11.027393;13067.0
7279;MSTS;QPLIB_5881.qs;73;79;13067.0;13067.0;0.120969;11.148362;13067.0
7280;MSTS;QPLIB_5881.qs;73;80;13067.0;13067.0;0.174194;11.322556;13067.0
7281;MSTS;QPLIB_5881.qs;73;81;13067.0;13067.0;0.125032;11.447588;13067.0
7282;MSTS;QPLIB_5881.qs;73;82;13067.0;13067.0;0.1502;11.597788;13067.0
7283;MSTS;QPLIB_5881.qs;73;83;13067.0;13067.0;0.136351;11.734139;13067.0
7284;MSTS;QPLIB_5881.qs;73;84;13067.0;13067.0;0.165169;11.899308;13067.0
7285;MSTS;QPLIB_5881.qs;73;85;13067.0;13067.0;0.117342;12.01665;13067.0
7286;MSTS;QPLIB_5881.qs;73;86;13067.0;13067.0;0.145183;12.161833;13067.0
7287;MSTS;QPLIB_5881.qs;73;87;13067.0;13067.0;0.172474;12.334307;13067.0
7288;MSTS;QPLIB_5881.qs;73;88;13067.0;13067.0;0.11973;12.454037;13067.0
7289;MSTS;QPLIB_5881.qs;73;89;13067.0;13067.0;0.136915;12.590952;13067.0
7290;MSTS;QPLIB_5881.qs;73;90;13067.0;13067.0;0.138409;12.729361;13067.0
7291;MSTS;QPLIB_5881.qs;73;91;13067.0;13067.0;0.175222;12.904583;13067.0
7292;MSTS;QPLIB_5881.qs;73;92;13051.0;13067.0;0.112696;13.017279;13067.0
7293;MSTS;QPLIB_5881.qs;73;93;13067.0;13067.0;0.117843;13.135122;13067.0
7294;MSTS;QPLIB_5881.qs;73;94;13067.0;13067.0;0.150028;13.28515;13067.0
7295;MSTS;QPLIB_5881.qs;73;95;13067.0;13067.0;0.144094;13.429244;13067.0
7296;MSTS;QPLIB_5881.qs;73;96;13067.0;13067.0;0.193657;13.622901;13067.0
7297;MSTS;QPLIB_5881.qs;73;97;13067.0;13067.0;0.117858;13.740759;13067.0
7298;MSTS;QPLIB_5881.qs;73;98;13067.0;13067.0;0.17568;13.916439;13067.0
7299;MSTS;QPLIB_5881.qs;73;99;13067.0;13067.0;0.148926;14.065365;13067.0
7300;MSTS;QPLIB_5881.qs;73;100;13067.0;13067.0;0.180412;14.245777;13067.0
7301;MSTS;QPLIB_5881.qs;74;1;13067.0;13067.0;0.309477;0.309477;13067.0
7302;MSTS;QPLIB_5881.qs;74;2;13067.0;13067.0;0.144712;0.454189;13067.0
7303;MSTS;QPLIB_5881.qs;74;3;13067.0;13067.0;0.135351;0.58954;13067.0
7304;MSTS;QPLIB_5881.qs;74;4;13067.0;13067.0;0.133437;0.722977;13067.0
7305;MSTS;QPLIB_5881.qs;74;5;13067.0;13067.0;0.182479;0.905456;13067.0
7306;MSTS;QPLIB_5881.qs;74;6;13067.0;13067.0;0.116394;1.02185;13067.0
7307;MSTS;QPLIB_5881.qs;74;7;13067.0;13067.0;0.147871;1.169721;13067.0
7308;MSTS;QPLIB_5881.qs;74;8;13067.0;13067.0;0.149114;1.318835;13067.0
7309;MSTS;QPLIB_5881.qs;74;9;13067.0;13067.0;0.132108;1.450943;13067.0
7310;MSTS;QPLIB_5881.qs;74;10;13067.0;13067.0;0.123194;1.574137;13067.0
7311;MSTS;QPLIB_5881.qs;74;11;13060.0;13067.0;0.137362;1.711499;13067.0
7312;MSTS;QPLIB_5881.qs;74;12;13067.0;13067.0;0.116049;1.827548;13067.0
7313;MSTS;QPLIB_5881.qs;74;13;13067.0;13067.0;0.270456;2.098004;13067.0
7314;MSTS;QPLIB_5881.qs;74;14;13067.0;13067.0;0.127535;2.225539;13067.0
7315;MSTS;QPLIB_5881.qs;74;15;13067.0;13067.0;0.138182;2.363721;13067.0
7316;MSTS;QPLIB_5881.qs;74;16;13067.0;13067.0;0.139855;2.503576;13067.0
7317;MSTS;QPLIB_5881.qs;74;17;13067.0;13067.0;0.218138;2.721714;13067.0
7318;MSTS;QPLIB_5881.qs;74;18;13067.0;13067.0;0.121269;2.842983;13067.0
7319;MSTS;QPLIB_5881.qs;74;19;13051.0;13067.0;0.115947;2.95893;13067.0
7320;MSTS;QPLIB_5881.qs;74;20;13067.0;13067.0;0.115884;3.074814;13067.0
7321;MSTS;QPLIB_5881.qs;74;21;13067.0;13067.0;0.141383;3.216197;13067.0
7322;MSTS;QPLIB_5881.qs;74;22;13067.0;13067.0;0.118004;3.334201;13067.0
7323;MSTS;QPLIB_5881.qs;74;23;13051.0;13067.0;0.116496;3.450697;13067.0
7324;MSTS;QPLIB_5881.qs;74;24;13067.0;13067.0;0.129323;3.58002;13067.0
7325;MSTS;QPLIB_5881.qs;74;25;13067.0;13067.0;0.162029;3.742049;13067.0
7326;MSTS;QPLIB_5881.qs;74;26;13067.0;13067.0;0.132409;3.874458;13067.0
7327;MSTS;QPLIB_5881.qs;74;27;13067.0;13067.0;0.134045;4.008503;13067.0
7328;MSTS;QPLIB_5881.qs;74;28;13067.0;13067.0;0.128483;4.136986;13067.0
7329;MSTS;QPLIB_5881.qs;74;29;13067.0;13067.0;0.161301;4.298287;13067.0
7330;MSTS;QPLIB_5881.qs;74;30;13067.0;13067.0;0.12819;4.426477;13067.0
7331;MSTS;QPLIB_5881.qs;74;31;13067.0;13067.0;0.14941;4.575887;13067.0
7332;MSTS;QPLIB_5881.qs;74;32;13051.0;13067.0;0.114336;4.690223;13067.0
7333;MSTS;QPLIB_5881.qs;74;33;13067.0;13067.0;0.161512;4.851735;13067.0
7334;MSTS;QPLIB_5881.qs;74;34;13067.0;13067.0;0.148952;5.000687;13067.0
7335;MSTS;QPLIB_5881.qs;74;35;13067.0;13067.0;0.127913;5.1286;13067.0
7336;MSTS;QPLIB_5881.qs;74;36;13067.0;13067.0;0.126277;5.254877;13067.0
7337;MSTS;QPLIB_5881.qs;74;37;13067.0;13067.0;0.166617;5.421494;13067.0
7338;MSTS;QPLIB_5881.qs;74;38;13067.0;13067.0;0.179458;5.600952;13067.0
7339;MSTS;QPLIB_5881.qs;74;39;13060.0;13067.0;0.134678;5.73563;13067.0
7340;MSTS;QPLIB_5881.qs;74;40;13067.0;13067.0;0.114908;5.850538;13067.0
7341;MSTS;QPLIB_5881.qs;74;41;13067.0;13067.0;0.124345;5.974883;13067.0
7342;MSTS;QPLIB_5881.qs;74;42;13067.0;13067.0;0.139261;6.114144;13067.0
7343;MSTS;QPLIB_5881.qs;74;43;13067.0;13067.0;0.195677;6.309821;13067.0
7344;MSTS;QPLIB_5881.qs;74;44;13067.0;13067.0;0.125347;6.435168;13067.0
7345;MSTS;QPLIB_5881.qs;74;45;13067.0;13067.0;0.134489;6.569657;13067.0
7346;MSTS;QPLIB_5881.qs;74;46;13067.0;13067.0;0.135293;6.70495;13067.0
7347;MSTS;QPLIB_5881.qs;74;47;13067.0;13067.0;0.118607;6.823557;13067.0
7348;MSTS;QPLIB_5881.qs;74;48;13067.0;13067.0;0.157216;6.980773;13067.0
7349;MSTS;QPLIB_5881.qs;74;49;13067.0;13067.0;0.118889;7.0996619999999995;13067.0
7350;MSTS;QPLIB_5881.qs;74;50;13067.0;13067.0;0.146961;7.246623;13067.0
7351;MSTS;QPLIB_5881.qs;74;51;13067.0;13067.0;0.14815;7.394773;13067.0
7352;MSTS;QPLIB_5881.qs;74;52;13067.0;13067.0;0.158791;7.553564;13067.0
7353;MSTS;QPLIB_5881.qs;74;53;13051.0;13067.0;0.112639;7.666203;13067.0
7354;MSTS;QPLIB_5881.qs;74;54;13067.0;13067.0;0.116319;7.782522;13067.0
7355;MSTS;QPLIB_5881.qs;74;55;13067.0;13067.0;0.138217;7.920739;13067.0
7356;MSTS;QPLIB_5881.qs;74;56;13067.0;13067.0;0.122859;8.043598;13067.0
7357;MSTS;QPLIB_5881.qs;74;57;13067.0;13067.0;0.164726;8.208324;13067.0
7358;MSTS;QPLIB_5881.qs;74;58;13067.0;13067.0;0.121116;8.32944;13067.0
7359;MSTS;QPLIB_5881.qs;74;59;13067.0;13067.0;0.182943;8.512383;13067.0
7360;MSTS;QPLIB_5881.qs;74;60;13067.0;13067.0;0.148606;8.660989;13067.0
7361;MSTS;QPLIB_5881.qs;74;61;13067.0;13067.0;0.169016;8.830005;13067.0
7362;MSTS;QPLIB_5881.qs;74;62;13067.0;13067.0;0.116389;8.946394;13067.0
7363;MSTS;QPLIB_5881.qs;74;63;13067.0;13067.0;0.129115;9.075509;13067.0
7364;MSTS;QPLIB_5881.qs;74;64;13067.0;13067.0;0.16149;9.236998999999999;13067.0
7365;MSTS;QPLIB_5881.qs;74;65;13067.0;13067.0;0.120207;9.357206;13067.0
7366;MSTS;QPLIB_5881.qs;74;66;13051.0;13067.0;0.113866;9.471072;13067.0
7367;MSTS;QPLIB_5881.qs;74;67;13067.0;13067.0;0.127483;9.598555;13067.0
7368;MSTS;QPLIB_5881.qs;74;68;13067.0;13067.0;0.121697;9.720252;13067.0
7369;MSTS;QPLIB_5881.qs;74;69;13067.0;13067.0;0.131647;9.851899;13067.0
7370;MSTS;QPLIB_5881.qs;74;70;13067.0;13067.0;0.118219;9.970118;13067.0
7371;MSTS;QPLIB_5881.qs;74;71;13067.0;13067.0;0.119341;10.089459;13067.0
7372;MSTS;QPLIB_5881.qs;74;72;13067.0;13067.0;0.116574;10.206033;13067.0
7373;MSTS;QPLIB_5881.qs;74;73;13067.0;13067.0;0.158407;10.36444;13067.0
7374;MSTS;QPLIB_5881.qs;74;74;13067.0;13067.0;0.137749;10.502189;13067.0
7375;MSTS;QPLIB_5881.qs;74;75;13067.0;13067.0;0.130243;10.632432;13067.0
7376;MSTS;QPLIB_5881.qs;74;76;13067.0;13067.0;0.12358;10.756012;13067.0
7377;MSTS;QPLIB_5881.qs;74;77;13051.0;13067.0;0.110026;10.866038;13067.0
7378;MSTS;QPLIB_5881.qs;74;78;13067.0;13067.0;0.124308;10.990346;13067.0
7379;MSTS;QPLIB_5881.qs;74;79;13067.0;13067.0;0.166824;11.15717;13067.0
7380;MSTS;QPLIB_5881.qs;74;80;13067.0;13067.0;0.146001;11.303171;13067.0
7381;MSTS;QPLIB_5881.qs;74;81;13067.0;13067.0;0.121736;11.424907;13067.0
7382;MSTS;QPLIB_5881.qs;74;82;13067.0;13067.0;0.114641;11.539548;13067.0
7383;MSTS;QPLIB_5881.qs;74;83;13067.0;13067.0;0.182165;11.721713;13067.0
7384;MSTS;QPLIB_5881.qs;74;84;13051.0;13067.0;0.11323;11.834942999999999;13067.0
7385;MSTS;QPLIB_5881.qs;74;85;13067.0;13067.0;0.117102;11.952045;13067.0
7386;MSTS;QPLIB_5881.qs;74;86;13067.0;13067.0;0.12402;12.076065;13067.0
7387;MSTS;QPLIB_5881.qs;74;87;13051.0;13067.0;0.114035;12.1901;13067.0
7388;MSTS;QPLIB_5881.qs;74;88;13067.0;13067.0;0.161115;12.351215;13067.0
7389;MSTS;QPLIB_5881.qs;74;89;13067.0;13067.0;0.126411;12.477626;13067.0
7390;MSTS;QPLIB_5881.qs;74;90;13067.0;13067.0;0.162243;12.639869;13067.0
7391;MSTS;QPLIB_5881.qs;74;91;13067.0;13067.0;0.142099;12.781967999999999;13067.0
7392;MSTS;QPLIB_5881.qs;74;92;13067.0;13067.0;0.209594;12.991562;13067.0
7393;MSTS;QPLIB_5881.qs;74;93;13067.0;13067.0;0.171522;13.163084;13067.0
7394;MSTS;QPLIB_5881.qs;74;94;13067.0;13067.0;0.191454;13.354538;13067.0
7395;MSTS;QPLIB_5881.qs;74;95;13067.0;13067.0;0.13938;13.493918;13067.0
7396;MSTS;QPLIB_5881.qs;74;96;13051.0;13067.0;0.117048;13.610966;13067.0
7397;MSTS;QPLIB_5881.qs;74;97;13067.0;13067.0;0.200417;13.811383;13067.0
7398;MSTS;QPLIB_5881.qs;74;98;13067.0;13067.0;0.116095;13.927478;13067.0
7399;MSTS;QPLIB_5881.qs;74;99;13067.0;13067.0;0.133346;14.060824;13067.0
7400;MSTS;QPLIB_5881.qs;74;100;13067.0;13067.0;0.165302;14.226126;13067.0
7401;MSTS;QPLIB_5881.qs;75;1;13067.0;13067.0;0.293779;0.293779;13067.0
7402;MSTS;QPLIB_5881.qs;75;2;13067.0;13067.0;0.156618;0.45039700000000005;13067.0
7403;MSTS;QPLIB_5881.qs;75;3;13067.0;13067.0;0.118474;0.568871;13067.0
7404;MSTS;QPLIB_5881.qs;75;4;13067.0;13067.0;0.178679;0.74755;13067.0
7405;MSTS;QPLIB_5881.qs;75;5;13067.0;13067.0;0.179212;0.9267620000000001;13067.0
7406;MSTS;QPLIB_5881.qs;75;6;13067.0;13067.0;0.134777;1.061539;13067.0
7407;MSTS;QPLIB_5881.qs;75;7;13067.0;13067.0;0.15544;1.216979;13067.0
7408;MSTS;QPLIB_5881.qs;75;8;13067.0;13067.0;0.125635;1.342614;13067.0
7409;MSTS;QPLIB_5881.qs;75;9;13067.0;13067.0;0.170297;1.5129110000000001;13067.0
7410;MSTS;QPLIB_5881.qs;75;10;13067.0;13067.0;0.117008;1.6299190000000001;13067.0
7411;MSTS;QPLIB_5881.qs;75;11;13067.0;13067.0;0.149108;1.7790270000000001;13067.0
7412;MSTS;QPLIB_5881.qs;75;12;13067.0;13067.0;0.150355;1.929382;13067.0
7413;MSTS;QPLIB_5881.qs;75;13;13067.0;13067.0;0.166945;2.096327;13067.0
7414;MSTS;QPLIB_5881.qs;75;14;13067.0;13067.0;0.147006;2.243333;13067.0
7415;MSTS;QPLIB_5881.qs;75;15;13067.0;13067.0;0.2;2.443333;13067.0
7416;MSTS;QPLIB_5881.qs;75;16;13067.0;13067.0;0.120792;2.564125;13067.0
7417;MSTS;QPLIB_5881.qs;75;17;13067.0;13067.0;0.138628;2.702753;13067.0
7418;MSTS;QPLIB_5881.qs;75;18;13051.0;13067.0;0.114794;2.817547;13067.0
7419;MSTS;QPLIB_5881.qs;75;19;13067.0;13067.0;0.118024;2.935571;13067.0
7420;MSTS;QPLIB_5881.qs;75;20;13067.0;13067.0;0.13098;3.066551;13067.0
7421;MSTS;QPLIB_5881.qs;75;21;13067.0;13067.0;0.136194;3.202745;13067.0
7422;MSTS;QPLIB_5881.qs;75;22;13067.0;13067.0;0.119982;3.322727;13067.0
7423;MSTS;QPLIB_5881.qs;75;23;13067.0;13067.0;0.131118;3.4538450000000003;13067.0
7424;MSTS;QPLIB_5881.qs;75;24;13067.0;13067.0;0.151553;3.605398;13067.0
7425;MSTS;QPLIB_5881.qs;75;25;13067.0;13067.0;0.127339;3.732737;13067.0
7426;MSTS;QPLIB_5881.qs;75;26;13067.0;13067.0;0.126711;3.859448;13067.0
7427;MSTS;QPLIB_5881.qs;75;27;13067.0;13067.0;0.125851;3.985299;13067.0
7428;MSTS;QPLIB_5881.qs;75;28;13067.0;13067.0;0.126816;4.112115;13067.0
7429;MSTS;QPLIB_5881.qs;75;29;13067.0;13067.0;0.133353;4.245468;13067.0
7430;MSTS;QPLIB_5881.qs;75;30;13067.0;13067.0;0.177373;4.422841;13067.0
7431;MSTS;QPLIB_5881.qs;75;31;13067.0;13067.0;0.164717;4.5875580000000005;13067.0
7432;MSTS;QPLIB_5881.qs;75;32;13067.0;13067.0;0.134974;4.722532;13067.0
7433;MSTS;QPLIB_5881.qs;75;33;13067.0;13067.0;0.13015;4.852682;13067.0
7434;MSTS;QPLIB_5881.qs;75;34;13067.0;13067.0;0.153257;5.005939;13067.0
7435;MSTS;QPLIB_5881.qs;75;35;13067.0;13067.0;0.116088;5.122027;13067.0
7436;MSTS;QPLIB_5881.qs;75;36;13067.0;13067.0;0.117075;5.239102;13067.0
7437;MSTS;QPLIB_5881.qs;75;37;13067.0;13067.0;0.14428;5.383382;13067.0
7438;MSTS;QPLIB_5881.qs;75;38;13067.0;13067.0;0.174278;5.55766;13067.0
7439;MSTS;QPLIB_5881.qs;75;39;13067.0;13067.0;0.144667;5.702327;13067.0
7440;MSTS;QPLIB_5881.qs;75;40;13067.0;13067.0;0.119698;5.822025;13067.0
7441;MSTS;QPLIB_5881.qs;75;41;13067.0;13067.0;0.129842;5.951867;13067.0
7442;MSTS;QPLIB_5881.qs;75;42;13067.0;13067.0;0.150206;6.102073;13067.0
7443;MSTS;QPLIB_5881.qs;75;43;13067.0;13067.0;0.145292;6.247365;13067.0
7444;MSTS;QPLIB_5881.qs;75;44;13067.0;13067.0;0.167852;6.415217;13067.0
7445;MSTS;QPLIB_5881.qs;75;45;13067.0;13067.0;0.149967;6.565184;13067.0
7446;MSTS;QPLIB_5881.qs;75;46;13067.0;13067.0;0.12317;6.688354;13067.0
7447;MSTS;QPLIB_5881.qs;75;47;13067.0;13067.0;0.120583;6.808937;13067.0
7448;MSTS;QPLIB_5881.qs;75;48;13067.0;13067.0;0.139818;6.948755;13067.0
7449;MSTS;QPLIB_5881.qs;75;49;13067.0;13067.0;0.131159;7.0799140000000005;13067.0
7450;MSTS;QPLIB_5881.qs;75;50;13067.0;13067.0;0.130372;7.210286;13067.0
7451;MSTS;QPLIB_5881.qs;75;51;13067.0;13067.0;0.115984;7.32627;13067.0
7452;MSTS;QPLIB_5881.qs;75;52;13067.0;13067.0;0.139991;7.466261;13067.0
7453;MSTS;QPLIB_5881.qs;75;53;13067.0;13067.0;0.129997;7.596258;13067.0
7454;MSTS;QPLIB_5881.qs;75;54;13067.0;13067.0;0.131155;7.727413;13067.0
7455;MSTS;QPLIB_5881.qs;75;55;13067.0;13067.0;0.185204;7.912617;13067.0
7456;MSTS;QPLIB_5881.qs;75;56;13067.0;13067.0;0.12105;8.033667;13067.0
7457;MSTS;QPLIB_5881.qs;75;57;13067.0;13067.0;0.117099;8.150766;13067.0
7458;MSTS;QPLIB_5881.qs;75;58;13067.0;13067.0;0.144749;8.295515;13067.0
7459;MSTS;QPLIB_5881.qs;75;59;13067.0;13067.0;0.181838;8.477353;13067.0
7460;MSTS;QPLIB_5881.qs;75;60;13060.0;13067.0;0.121356;8.598709;13067.0
7461;MSTS;QPLIB_5881.qs;75;61;13067.0;13067.0;0.114053;8.712762;13067.0
7462;MSTS;QPLIB_5881.qs;75;62;13067.0;13067.0;0.127587;8.840349;13067.0
7463;MSTS;QPLIB_5881.qs;75;63;13067.0;13067.0;0.120678;8.961027;13067.0
7464;MSTS;QPLIB_5881.qs;75;64;13067.0;13067.0;0.120058;9.081085;13067.0
7465;MSTS;QPLIB_5881.qs;75;65;13067.0;13067.0;0.122413;9.203498;13067.0
7466;MSTS;QPLIB_5881.qs;75;66;13067.0;13067.0;0.127056;9.330554;13067.0
7467;MSTS;QPLIB_5881.qs;75;67;13067.0;13067.0;0.125168;9.455722;13067.0
7468;MSTS;QPLIB_5881.qs;75;68;13067.0;13067.0;0.134043;9.589765;13067.0
7469;MSTS;QPLIB_5881.qs;75;69;13067.0;13067.0;0.119615;9.70938;13067.0
7470;MSTS;QPLIB_5881.qs;75;70;13067.0;13067.0;0.134862;9.844242;13067.0
7471;MSTS;QPLIB_5881.qs;75;71;13067.0;13067.0;0.176377;10.020619;13067.0
7472;MSTS;QPLIB_5881.qs;75;72;13067.0;13067.0;0.13251;10.153129;13067.0
7473;MSTS;QPLIB_5881.qs;75;73;13067.0;13067.0;0.125183;10.278312;13067.0
7474;MSTS;QPLIB_5881.qs;75;74;13067.0;13067.0;0.129133;10.407445;13067.0
7475;MSTS;QPLIB_5881.qs;75;75;13051.0;13067.0;0.117473;10.524918;13067.0
7476;MSTS;QPLIB_5881.qs;75;76;13067.0;13067.0;0.122093;10.647011;13067.0
7477;MSTS;QPLIB_5881.qs;75;77;13051.0;13067.0;0.111483;10.758494;13067.0
7478;MSTS;QPLIB_5881.qs;75;78;13067.0;13067.0;0.153164;10.911658;13067.0
7479;MSTS;QPLIB_5881.qs;75;79;13067.0;13067.0;0.11402;11.025678;13067.0
7480;MSTS;QPLIB_5881.qs;75;80;13067.0;13067.0;0.134181;11.159859;13067.0
7481;MSTS;QPLIB_5881.qs;75;81;13067.0;13067.0;0.174828;11.334687;13067.0
7482;MSTS;QPLIB_5881.qs;75;82;13067.0;13067.0;0.128504;11.463191;13067.0
7483;MSTS;QPLIB_5881.qs;75;83;13067.0;13067.0;0.151673;11.614864;13067.0
7484;MSTS;QPLIB_5881.qs;75;84;13067.0;13067.0;0.157873;11.772737;13067.0
7485;MSTS;QPLIB_5881.qs;75;85;13051.0;13067.0;0.112051;11.884788;13067.0
7486;MSTS;QPLIB_5881.qs;75;86;13067.0;13067.0;0.117798;12.002586;13067.0
7487;MSTS;QPLIB_5881.qs;75;87;13067.0;13067.0;0.146214;12.1488;13067.0
7488;MSTS;QPLIB_5881.qs;75;88;13067.0;13067.0;0.134526;12.283326;13067.0
7489;MSTS;QPLIB_5881.qs;75;89;13067.0;13067.0;0.132016;12.415342;13067.0
7490;MSTS;QPLIB_5881.qs;75;90;13067.0;13067.0;0.150763;12.566105;13067.0
7491;MSTS;QPLIB_5881.qs;75;91;13067.0;13067.0;0.188474;12.754579;13067.0
7492;MSTS;QPLIB_5881.qs;75;92;13051.0;13067.0;0.114294;12.868873;13067.0
7493;MSTS;QPLIB_5881.qs;75;93;13067.0;13067.0;0.112463;12.981336;13067.0
7494;MSTS;QPLIB_5881.qs;75;94;13067.0;13067.0;0.176717;13.158053;13067.0
7495;MSTS;QPLIB_5881.qs;75;95;13067.0;13067.0;0.142288;13.300341;13067.0
7496;MSTS;QPLIB_5881.qs;75;96;13067.0;13067.0;0.160766;13.461107;13067.0
7497;MSTS;QPLIB_5881.qs;75;97;13067.0;13067.0;0.198844;13.659951;13067.0
7498;MSTS;QPLIB_5881.qs;75;98;13067.0;13067.0;0.12159;13.781541;13067.0
7499;MSTS;QPLIB_5881.qs;75;99;13067.0;13067.0;0.114944;13.896485;13067.0
7500;MSTS;QPLIB_5881.qs;75;100;13067.0;13067.0;0.113181;14.009666;13067.0
7501;MSTS;QPLIB_5881.qs;76;1;13067.0;13067.0;0.287344;0.287344;13067.0
7502;MSTS;QPLIB_5881.qs;76;2;13067.0;13067.0;0.120977;0.408321;13067.0
7503;MSTS;QPLIB_5881.qs;76;3;13051.0;13067.0;0.113343;0.521664;13067.0
7504;MSTS;QPLIB_5881.qs;76;4;13067.0;13067.0;0.116625;0.638289;13067.0
7505;MSTS;QPLIB_5881.qs;76;5;13067.0;13067.0;0.183859;0.822148;13067.0
7506;MSTS;QPLIB_5881.qs;76;6;13067.0;13067.0;0.191524;1.013672;13067.0
7507;MSTS;QPLIB_5881.qs;76;7;13067.0;13067.0;0.112558;1.12623;13067.0
7508;MSTS;QPLIB_5881.qs;76;8;13067.0;13067.0;0.155877;1.2821069999999999;13067.0
7509;MSTS;QPLIB_5881.qs;76;9;13067.0;13067.0;0.12461;1.406717;13067.0
7510;MSTS;QPLIB_5881.qs;76;10;13067.0;13067.0;0.183051;1.589768;13067.0
7511;MSTS;QPLIB_5881.qs;76;11;13067.0;13067.0;0.119871;1.709639;13067.0
7512;MSTS;QPLIB_5881.qs;76;12;13051.0;13067.0;0.11214;1.821779;13067.0
7513;MSTS;QPLIB_5881.qs;76;13;13067.0;13067.0;0.117541;1.93932;13067.0
7514;MSTS;QPLIB_5881.qs;76;14;13067.0;13067.0;0.126281;2.065601;13067.0
7515;MSTS;QPLIB_5881.qs;76;15;13051.0;13067.0;0.11414;2.179741;13067.0
7516;MSTS;QPLIB_5881.qs;76;16;13067.0;13067.0;0.200503;2.3802440000000002;13067.0
7517;MSTS;QPLIB_5881.qs;76;17;13067.0;13067.0;0.136136;2.51638;13067.0
7518;MSTS;QPLIB_5881.qs;76;18;13067.0;13067.0;0.151911;2.668291;13067.0
7519;MSTS;QPLIB_5881.qs;76;19;13067.0;13067.0;0.117902;2.786193;13067.0
7520;MSTS;QPLIB_5881.qs;76;20;13060.0;13067.0;0.15611;2.942303;13067.0
7521;MSTS;QPLIB_5881.qs;76;21;13067.0;13067.0;0.111972;3.054275;13067.0
7522;MSTS;QPLIB_5881.qs;76;22;13067.0;13067.0;0.154906;3.209181;13067.0
7523;MSTS;QPLIB_5881.qs;76;23;13067.0;13067.0;0.179881;3.389062;13067.0
7524;MSTS;QPLIB_5881.qs;76;24;13067.0;13067.0;0.116983;3.506045;13067.0
7525;MSTS;QPLIB_5881.qs;76;25;13067.0;13067.0;0.128092;3.634137;13067.0
7526;MSTS;QPLIB_5881.qs;76;26;13067.0;13067.0;0.203202;3.837339;13067.0
7527;MSTS;QPLIB_5881.qs;76;27;13051.0;13067.0;0.114127;3.951466;13067.0
7528;MSTS;QPLIB_5881.qs;76;28;13067.0;13067.0;0.226041;4.177507;13067.0
7529;MSTS;QPLIB_5881.qs;76;29;13067.0;13067.0;0.136297;4.313804;13067.0
7530;MSTS;QPLIB_5881.qs;76;30;13067.0;13067.0;0.143017;4.456821;13067.0
7531;MSTS;QPLIB_5881.qs;76;31;13067.0;13067.0;0.114979;4.5718;13067.0
7532;MSTS;QPLIB_5881.qs;76;32;13067.0;13067.0;0.151961;4.723761;13067.0
7533;MSTS;QPLIB_5881.qs;76;33;13067.0;13067.0;0.187295;4.911056;13067.0
7534;MSTS;QPLIB_5881.qs;76;34;13067.0;13067.0;0.123079;5.034135;13067.0
7535;MSTS;QPLIB_5881.qs;76;35;13053.0;13067.0;0.132185;5.16632;13067.0
7536;MSTS;QPLIB_5881.qs;76;36;13067.0;13067.0;0.129987;5.296307;13067.0
7537;MSTS;QPLIB_5881.qs;76;37;13067.0;13067.0;0.132461;5.428768;13067.0
7538;MSTS;QPLIB_5881.qs;76;38;13051.0;13067.0;0.11793;5.546698;13067.0
7539;MSTS;QPLIB_5881.qs;76;39;13067.0;13067.0;0.114765;5.661463;13067.0
7540;MSTS;QPLIB_5881.qs;76;40;13067.0;13067.0;0.117387;5.77885;13067.0
7541;MSTS;QPLIB_5881.qs;76;41;13067.0;13067.0;0.119327;5.8981770000000004;13067.0
7542;MSTS;QPLIB_5881.qs;76;42;13067.0;13067.0;0.144287;6.042464;13067.0
7543;MSTS;QPLIB_5881.qs;76;43;13067.0;13067.0;0.161587;6.204051;13067.0
7544;MSTS;QPLIB_5881.qs;76;44;13067.0;13067.0;0.166041;6.370092;13067.0
7545;MSTS;QPLIB_5881.qs;76;45;13067.0;13067.0;0.123482;6.493574;13067.0
7546;MSTS;QPLIB_5881.qs;76;46;13067.0;13067.0;0.117498;6.611072;13067.0
7547;MSTS;QPLIB_5881.qs;76;47;13067.0;13067.0;0.112914;6.723986;13067.0
7548;MSTS;QPLIB_5881.qs;76;48;13067.0;13067.0;0.133215;6.857201;13067.0
7549;MSTS;QPLIB_5881.qs;76;49;13067.0;13067.0;0.147029;7.00423;13067.0
7550;MSTS;QPLIB_5881.qs;76;50;13067.0;13067.0;0.115877;7.120107;13067.0
7551;MSTS;QPLIB_5881.qs;76;51;13067.0;13067.0;0.112453;7.23256;13067.0
7552;MSTS;QPLIB_5881.qs;76;52;13067.0;13067.0;0.124837;7.357397;13067.0
7553;MSTS;QPLIB_5881.qs;76;53;13067.0;13067.0;0.115353;7.47275;13067.0
7554;MSTS;QPLIB_5881.qs;76;54;13067.0;13067.0;0.117906;7.590656;13067.0
7555;MSTS;QPLIB_5881.qs;76;55;13067.0;13067.0;0.174117;7.764773;13067.0
7556;MSTS;QPLIB_5881.qs;76;56;13067.0;13067.0;0.122023;7.886796;13067.0
7557;MSTS;QPLIB_5881.qs;76;57;13067.0;13067.0;0.1822;8.068996;13067.0
7558;MSTS;QPLIB_5881.qs;76;58;13067.0;13067.0;0.125689;8.194685;13067.0
7559;MSTS;QPLIB_5881.qs;76;59;13067.0;13067.0;0.122508;8.317193;13067.0
7560;MSTS;QPLIB_5881.qs;76;60;13067.0;13067.0;0.196822;8.514015;13067.0
7561;MSTS;QPLIB_5881.qs;76;61;13067.0;13067.0;0.158324;8.672339;13067.0
7562;MSTS;QPLIB_5881.qs;76;62;13067.0;13067.0;0.157793;8.830132;13067.0
7563;MSTS;QPLIB_5881.qs;76;63;13067.0;13067.0;0.121374;8.951506;13067.0
7564;MSTS;QPLIB_5881.qs;76;64;13067.0;13067.0;0.139781;9.091287;13067.0
7565;MSTS;QPLIB_5881.qs;76;65;13067.0;13067.0;0.15925;9.250537;13067.0
7566;MSTS;QPLIB_5881.qs;76;66;13067.0;13067.0;0.150723;9.40126;13067.0
7567;MSTS;QPLIB_5881.qs;76;67;13067.0;13067.0;0.128638;9.529898;13067.0
7568;MSTS;QPLIB_5881.qs;76;68;13067.0;13067.0;0.130056;9.659954;13067.0
7569;MSTS;QPLIB_5881.qs;76;69;13067.0;13067.0;0.117126;9.77708;13067.0
7570;MSTS;QPLIB_5881.qs;76;70;13067.0;13067.0;0.12494;9.90202;13067.0
7571;MSTS;QPLIB_5881.qs;76;71;13067.0;13067.0;0.13812;10.04014;13067.0
7572;MSTS;QPLIB_5881.qs;76;72;13067.0;13067.0;0.187504;10.227644;13067.0
7573;MSTS;QPLIB_5881.qs;76;73;13067.0;13067.0;0.130189;10.357833;13067.0
7574;MSTS;QPLIB_5881.qs;76;74;13067.0;13067.0;0.123398;10.481231;13067.0
7575;MSTS;QPLIB_5881.qs;76;75;13051.0;13067.0;0.110961;10.592192;13067.0
7576;MSTS;QPLIB_5881.qs;76;76;13067.0;13067.0;0.112038;10.70423;13067.0
7577;MSTS;QPLIB_5881.qs;76;77;13067.0;13067.0;0.138341;10.842571;13067.0
7578;MSTS;QPLIB_5881.qs;76;78;13067.0;13067.0;0.177609;11.02018;13067.0
7579;MSTS;QPLIB_5881.qs;76;79;13067.0;13067.0;0.122196;11.142376;13067.0
7580;MSTS;QPLIB_5881.qs;76;80;13067.0;13067.0;0.161025;11.303401;13067.0
7581;MSTS;QPLIB_5881.qs;76;81;13067.0;13067.0;0.132796;11.436197;13067.0
7582;MSTS;QPLIB_5881.qs;76;82;13051.0;13067.0;0.114426;11.550623;13067.0
7583;MSTS;QPLIB_5881.qs;76;83;13067.0;13067.0;0.114455;11.665078;13067.0
7584;MSTS;QPLIB_5881.qs;76;84;13067.0;13067.0;0.13023;11.795308;13067.0
7585;MSTS;QPLIB_5881.qs;76;85;13051.0;13067.0;0.114998;11.910306;13067.0
7586;MSTS;QPLIB_5881.qs;76;86;13067.0;13067.0;0.119746;12.030052;13067.0
7587;MSTS;QPLIB_5881.qs;76;87;13067.0;13067.0;0.122562;12.152614;13067.0
7588;MSTS;QPLIB_5881.qs;76;88;13067.0;13067.0;0.193032;12.345646;13067.0
7589;MSTS;QPLIB_5881.qs;76;89;13067.0;13067.0;0.119716;12.465362;13067.0
7590;MSTS;QPLIB_5881.qs;76;90;13067.0;13067.0;0.192831;12.658193;13067.0
7591;MSTS;QPLIB_5881.qs;76;91;13067.0;13067.0;0.137167;12.79536;13067.0
7592;MSTS;QPLIB_5881.qs;76;92;13067.0;13067.0;0.116337;12.911697;13067.0
7593;MSTS;QPLIB_5881.qs;76;93;13067.0;13067.0;0.14542;13.057117;13067.0
7594;MSTS;QPLIB_5881.qs;76;94;13067.0;13067.0;0.123828;13.180945;13067.0
7595;MSTS;QPLIB_5881.qs;76;95;13051.0;13067.0;0.112869;13.293814;13067.0
7596;MSTS;QPLIB_5881.qs;76;96;13060.0;13067.0;0.12217;13.415984;13067.0
7597;MSTS;QPLIB_5881.qs;76;97;13067.0;13067.0;0.111505;13.527489;13067.0
7598;MSTS;QPLIB_5881.qs;76;98;13067.0;13067.0;0.117663;13.645152;13067.0
7599;MSTS;QPLIB_5881.qs;76;99;13067.0;13067.0;0.115127;13.760279;13067.0
7600;MSTS;QPLIB_5881.qs;76;100;13067.0;13067.0;0.131814;13.892093;13067.0
7601;MSTS;QPLIB_5881.qs;77;1;13067.0;13067.0;0.310428;0.310428;13067.0
7602;MSTS;QPLIB_5881.qs;77;2;13067.0;13067.0;0.12471;0.43513799999999997;13067.0
7603;MSTS;QPLIB_5881.qs;77;3;13067.0;13067.0;0.29794;0.7330779999999999;13067.0
7604;MSTS;QPLIB_5881.qs;77;4;13067.0;13067.0;0.141355;0.874433;13067.0
7605;MSTS;QPLIB_5881.qs;77;5;13067.0;13067.0;0.220488;1.094921;13067.0
7606;MSTS;QPLIB_5881.qs;77;6;13067.0;13067.0;0.177618;1.2725389999999999;13067.0
7607;MSTS;QPLIB_5881.qs;77;7;13067.0;13067.0;0.170647;1.4431859999999999;13067.0
7608;MSTS;QPLIB_5881.qs;77;8;13067.0;13067.0;0.137099;1.580285;13067.0
7609;MSTS;QPLIB_5881.qs;77;9;13067.0;13067.0;0.12546;1.7057449999999998;13067.0
7610;MSTS;QPLIB_5881.qs;77;10;13067.0;13067.0;0.198598;1.904343;13067.0
7611;MSTS;QPLIB_5881.qs;77;11;13067.0;13067.0;0.162894;2.067237;13067.0
7612;MSTS;QPLIB_5881.qs;77;12;13067.0;13067.0;0.124563;2.1917999999999997;13067.0
7613;MSTS;QPLIB_5881.qs;77;13;13067.0;13067.0;0.142256;2.334056;13067.0
7614;MSTS;QPLIB_5881.qs;77;14;13067.0;13067.0;0.121591;2.455647;13067.0
7615;MSTS;QPLIB_5881.qs;77;15;13067.0;13067.0;0.12695;2.582597;13067.0
7616;MSTS;QPLIB_5881.qs;77;16;13067.0;13067.0;0.149187;2.7317839999999998;13067.0
7617;MSTS;QPLIB_5881.qs;77;17;13067.0;13067.0;0.151836;2.88362;13067.0
7618;MSTS;QPLIB_5881.qs;77;18;13067.0;13067.0;0.130461;3.014081;13067.0
7619;MSTS;QPLIB_5881.qs;77;19;13067.0;13067.0;0.139971;3.154052;13067.0
7620;MSTS;QPLIB_5881.qs;77;20;13067.0;13067.0;0.146932;3.3009839999999997;13067.0
7621;MSTS;QPLIB_5881.qs;77;21;13067.0;13067.0;0.144635;3.4456189999999998;13067.0
7622;MSTS;QPLIB_5881.qs;77;22;13067.0;13067.0;0.184685;3.6303039999999998;13067.0
7623;MSTS;QPLIB_5881.qs;77;23;13067.0;13067.0;0.118851;3.749155;13067.0
7624;MSTS;QPLIB_5881.qs;77;24;13067.0;13067.0;0.129999;3.8791539999999998;13067.0
7625;MSTS;QPLIB_5881.qs;77;25;13067.0;13067.0;0.174947;4.054101;13067.0
7626;MSTS;QPLIB_5881.qs;77;26;13067.0;13067.0;0.154996;4.209097;13067.0
7627;MSTS;QPLIB_5881.qs;77;27;13067.0;13067.0;0.121161;4.330258;13067.0
7628;MSTS;QPLIB_5881.qs;77;28;13067.0;13067.0;0.132231;4.462489;13067.0
7629;MSTS;QPLIB_5881.qs;77;29;13067.0;13067.0;0.183807;4.6462959999999995;13067.0
7630;MSTS;QPLIB_5881.qs;77;30;13067.0;13067.0;0.129056;4.775352;13067.0
7631;MSTS;QPLIB_5881.qs;77;31;13067.0;13067.0;0.146809;4.922161;13067.0
7632;MSTS;QPLIB_5881.qs;77;32;13067.0;13067.0;0.169058;5.091219;13067.0
7633;MSTS;QPLIB_5881.qs;77;33;13067.0;13067.0;0.125169;5.216388;13067.0
7634;MSTS;QPLIB_5881.qs;77;34;13067.0;13067.0;0.12707;5.343458;13067.0
7635;MSTS;QPLIB_5881.qs;77;35;13051.0;13067.0;0.111267;5.454725;13067.0
7636;MSTS;QPLIB_5881.qs;77;36;13060.0;13067.0;0.117088;5.571813;13067.0
7637;MSTS;QPLIB_5881.qs;77;37;13067.0;13067.0;0.11182;5.683633;13067.0
7638;MSTS;QPLIB_5881.qs;77;38;13067.0;13067.0;0.131325;5.814958;13067.0
7639;MSTS;QPLIB_5881.qs;77;39;13067.0;13067.0;0.121423;5.936381;13067.0
7640;MSTS;QPLIB_5881.qs;77;40;13067.0;13067.0;0.149085;6.085466;13067.0
7641;MSTS;QPLIB_5881.qs;77;41;13067.0;13067.0;0.168197;6.2536629999999995;13067.0
7642;MSTS;QPLIB_5881.qs;77;42;13067.0;13067.0;0.146557;6.40022;13067.0
7643;MSTS;QPLIB_5881.qs;77;43;13067.0;13067.0;0.134857;6.535077;13067.0
7644;MSTS;QPLIB_5881.qs;77;44;13067.0;13067.0;0.117485;6.652562;13067.0
7645;MSTS;QPLIB_5881.qs;77;45;13067.0;13067.0;0.184177;6.836739;13067.0
7646;MSTS;QPLIB_5881.qs;77;46;13067.0;13067.0;0.177219;7.013958;13067.0
7647;MSTS;QPLIB_5881.qs;77;47;13067.0;13067.0;0.134619;7.1485769999999995;13067.0
7648;MSTS;QPLIB_5881.qs;77;48;13051.0;13067.0;0.114866;7.263443;13067.0
7649;MSTS;QPLIB_5881.qs;77;49;13067.0;13067.0;0.150812;7.414255;13067.0
7650;MSTS;QPLIB_5881.qs;77;50;13067.0;13067.0;0.167952;7.582207;13067.0
7651;MSTS;QPLIB_5881.qs;77;51;13067.0;13067.0;0.177692;7.759899;13067.0
7652;MSTS;QPLIB_5881.qs;77;52;13067.0;13067.0;0.154236;7.914135;13067.0
7653;MSTS;QPLIB_5881.qs;77;53;13067.0;13067.0;0.131109;8.045244;13067.0
7654;MSTS;QPLIB_5881.qs;77;54;13067.0;13067.0;0.218982;8.264226;13067.0
7655;MSTS;QPLIB_5881.qs;77;55;13067.0;13067.0;0.114809;8.379035;13067.0
7656;MSTS;QPLIB_5881.qs;77;56;13067.0;13067.0;0.124324;8.503359;13067.0
7657;MSTS;QPLIB_5881.qs;77;57;13067.0;13067.0;0.158578;8.661937;13067.0
7658;MSTS;QPLIB_5881.qs;77;58;13067.0;13067.0;0.11706;8.778997;13067.0
7659;MSTS;QPLIB_5881.qs;77;59;13067.0;13067.0;0.118547;8.897544;13067.0
7660;MSTS;QPLIB_5881.qs;77;60;13051.0;13067.0;0.113844;9.011388;13067.0
7661;MSTS;QPLIB_5881.qs;77;61;13067.0;13067.0;0.122695;9.134083;13067.0
7662;MSTS;QPLIB_5881.qs;77;62;13067.0;13067.0;0.154168;9.288251;13067.0
7663;MSTS;QPLIB_5881.qs;77;63;13067.0;13067.0;0.147351;9.435602;13067.0
7664;MSTS;QPLIB_5881.qs;77;64;13067.0;13067.0;0.135442;9.571044;13067.0
7665;MSTS;QPLIB_5881.qs;77;65;13067.0;13067.0;0.129579;9.700623;13067.0
7666;MSTS;QPLIB_5881.qs;77;66;13067.0;13067.0;0.226256;9.926879;13067.0
7667;MSTS;QPLIB_5881.qs;77;67;13067.0;13067.0;0.116744;10.043623;13067.0
7668;MSTS;QPLIB_5881.qs;77;68;13067.0;13067.0;0.158713;10.202336;13067.0
7669;MSTS;QPLIB_5881.qs;77;69;13067.0;13067.0;0.156512;10.358848;13067.0
7670;MSTS;QPLIB_5881.qs;77;70;13067.0;13067.0;0.135032;10.49388;13067.0
7671;MSTS;QPLIB_5881.qs;77;71;13067.0;13067.0;0.122169;10.616049;13067.0
7672;MSTS;QPLIB_5881.qs;77;72;13067.0;13067.0;0.171511;10.78756;13067.0
7673;MSTS;QPLIB_5881.qs;77;73;13067.0;13067.0;0.115759;10.903319;13067.0
7674;MSTS;QPLIB_5881.qs;77;74;13051.0;13067.0;0.115387;11.018706;13067.0
7675;MSTS;QPLIB_5881.qs;77;75;13067.0;13067.0;0.118668;11.137374;13067.0
7676;MSTS;QPLIB_5881.qs;77;76;13060.0;13067.0;0.117074;11.254448;13067.0
7677;MSTS;QPLIB_5881.qs;77;77;13067.0;13067.0;0.114349;11.368797;13067.0
7678;MSTS;QPLIB_5881.qs;77;78;13067.0;13067.0;0.126549;11.495346;13067.0
7679;MSTS;QPLIB_5881.qs;77;79;13051.0;13067.0;0.112409;11.607755;13067.0
7680;MSTS;QPLIB_5881.qs;77;80;13067.0;13067.0;0.121412;11.729167;13067.0
7681;MSTS;QPLIB_5881.qs;77;81;13067.0;13067.0;0.193988;11.923155;13067.0
7682;MSTS;QPLIB_5881.qs;77;82;13067.0;13067.0;0.151631;12.074786;13067.0
7683;MSTS;QPLIB_5881.qs;77;83;13067.0;13067.0;0.140897;12.215683;13067.0
7684;MSTS;QPLIB_5881.qs;77;84;13067.0;13067.0;0.123607;12.33929;13067.0
7685;MSTS;QPLIB_5881.qs;77;85;13060.0;13067.0;0.147466;12.486756;13067.0
7686;MSTS;QPLIB_5881.qs;77;86;13067.0;13067.0;0.114252;12.601008;13067.0
7687;MSTS;QPLIB_5881.qs;77;87;13067.0;13067.0;0.114488;12.715496;13067.0
7688;MSTS;QPLIB_5881.qs;77;88;13067.0;13067.0;0.123122;12.838618;13067.0
7689;MSTS;QPLIB_5881.qs;77;89;13067.0;13067.0;0.117696;12.956314;13067.0
7690;MSTS;QPLIB_5881.qs;77;90;13051.0;13067.0;0.110996;13.067309999999999;13067.0
7691;MSTS;QPLIB_5881.qs;77;91;13067.0;13067.0;0.11858;13.18589;13067.0
7692;MSTS;QPLIB_5881.qs;77;92;13067.0;13067.0;0.165596;13.351486;13067.0
7693;MSTS;QPLIB_5881.qs;77;93;13067.0;13067.0;0.176882;13.528368;13067.0
7694;MSTS;QPLIB_5881.qs;77;94;13067.0;13067.0;0.114021;13.642389;13067.0
7695;MSTS;QPLIB_5881.qs;77;95;13067.0;13067.0;0.120697;13.763086;13067.0
7696;MSTS;QPLIB_5881.qs;77;96;13067.0;13067.0;0.170424;13.93351;13067.0
7697;MSTS;QPLIB_5881.qs;77;97;13067.0;13067.0;0.158941;14.092451;13067.0
7698;MSTS;QPLIB_5881.qs;77;98;13067.0;13067.0;0.155962;14.248413;13067.0
7699;MSTS;QPLIB_5881.qs;77;99;13067.0;13067.0;0.133939;14.382352;13067.0
7700;MSTS;QPLIB_5881.qs;77;100;13067.0;13067.0;0.140818;14.52317;13067.0
7701;MSTS;QPLIB_5881.qs;78;1;13060.0;13060.0;0.227843;0.227843;13067.0
7702;MSTS;QPLIB_5881.qs;78;2;13067.0;13067.0;0.114461;0.342304;13067.0
7703;MSTS;QPLIB_5881.qs;78;3;13067.0;13067.0;0.124738;0.46704199999999996;13067.0
7704;MSTS;QPLIB_5881.qs;78;4;13067.0;13067.0;0.115519;0.582561;13067.0
7705;MSTS;QPLIB_5881.qs;78;5;13067.0;13067.0;0.118035;0.700596;13067.0
7706;MSTS;QPLIB_5881.qs;78;6;13067.0;13067.0;0.149249;0.849845;13067.0
7707;MSTS;QPLIB_5881.qs;78;7;13067.0;13067.0;0.139506;0.989351;13067.0
7708;MSTS;QPLIB_5881.qs;78;8;13067.0;13067.0;0.142267;1.131618;13067.0
7709;MSTS;QPLIB_5881.qs;78;9;13067.0;13067.0;0.181242;1.31286;13067.0
7710;MSTS;QPLIB_5881.qs;78;10;13067.0;13067.0;0.117235;1.430095;13067.0
7711;MSTS;QPLIB_5881.qs;78;11;13067.0;13067.0;0.118284;1.548379;13067.0
7712;MSTS;QPLIB_5881.qs;78;12;13067.0;13067.0;0.17241;1.720789;13067.0
7713;MSTS;QPLIB_5881.qs;78;13;13051.0;13067.0;0.108685;1.829474;13067.0
7714;MSTS;QPLIB_5881.qs;78;14;13060.0;13067.0;0.113;1.942474;13067.0
7715;MSTS;QPLIB_5881.qs;78;15;13067.0;13067.0;0.19485;2.137324;13067.0
7716;MSTS;QPLIB_5881.qs;78;16;13067.0;13067.0;0.135845;2.2731689999999998;13067.0
7717;MSTS;QPLIB_5881.qs;78;17;13067.0;13067.0;0.124393;2.3975619999999997;13067.0
7718;MSTS;QPLIB_5881.qs;78;18;13067.0;13067.0;0.156327;2.553889;13067.0
7719;MSTS;QPLIB_5881.qs;78;19;13067.0;13067.0;0.165394;2.719283;13067.0
7720;MSTS;QPLIB_5881.qs;78;20;13067.0;13067.0;0.127759;2.847042;13067.0
7721;MSTS;QPLIB_5881.qs;78;21;13067.0;13067.0;0.16059;3.007632;13067.0
7722;MSTS;QPLIB_5881.qs;78;22;13067.0;13067.0;0.121371;3.129003;13067.0
7723;MSTS;QPLIB_5881.qs;78;23;13067.0;13067.0;0.134503;3.263506;13067.0
7724;MSTS;QPLIB_5881.qs;78;24;13067.0;13067.0;0.208339;3.471845;13067.0
7725;MSTS;QPLIB_5881.qs;78;25;13067.0;13067.0;0.131321;3.603166;13067.0
7726;MSTS;QPLIB_5881.qs;78;26;13067.0;13067.0;0.127317;3.730483;13067.0
7727;MSTS;QPLIB_5881.qs;78;27;13067.0;13067.0;0.11884;3.849323;13067.0
7728;MSTS;QPLIB_5881.qs;78;28;13067.0;13067.0;0.159115;4.008438;13067.0
7729;MSTS;QPLIB_5881.qs;78;29;13067.0;13067.0;0.152773;4.161211;13067.0
7730;MSTS;QPLIB_5881.qs;78;30;13067.0;13067.0;0.17217;4.333381;13067.0
7731;MSTS;QPLIB_5881.qs;78;31;13067.0;13067.0;0.131715;4.465096;13067.0
7732;MSTS;QPLIB_5881.qs;78;32;13051.0;13067.0;0.113987;4.579083;13067.0
7733;MSTS;QPLIB_5881.qs;78;33;13067.0;13067.0;0.126142;4.705225;13067.0
7734;MSTS;QPLIB_5881.qs;78;34;13067.0;13067.0;0.12253;4.827755;13067.0
7735;MSTS;QPLIB_5881.qs;78;35;13067.0;13067.0;0.192801;5.020556;13067.0
7736;MSTS;QPLIB_5881.qs;78;36;13067.0;13067.0;0.142587;5.163143;13067.0
7737;MSTS;QPLIB_5881.qs;78;37;13067.0;13067.0;0.127139;5.290282;13067.0
7738;MSTS;QPLIB_5881.qs;78;38;13067.0;13067.0;0.14709;5.437372;13067.0
7739;MSTS;QPLIB_5881.qs;78;39;13067.0;13067.0;0.118322;5.555694;13067.0
7740;MSTS;QPLIB_5881.qs;78;40;13067.0;13067.0;0.129402;5.685096;13067.0
7741;MSTS;QPLIB_5881.qs;78;41;13067.0;13067.0;0.119282;5.804378;13067.0
7742;MSTS;QPLIB_5881.qs;78;42;13067.0;13067.0;0.11821;5.922588;13067.0
7743;MSTS;QPLIB_5881.qs;78;43;13067.0;13067.0;0.254316;6.176904;13067.0
7744;MSTS;QPLIB_5881.qs;78;44;13067.0;13067.0;0.19325;6.370154;13067.0
7745;MSTS;QPLIB_5881.qs;78;45;13067.0;13067.0;0.148138;6.518292;13067.0
7746;MSTS;QPLIB_5881.qs;78;46;13067.0;13067.0;0.166669;6.684961;13067.0
7747;MSTS;QPLIB_5881.qs;78;47;13067.0;13067.0;0.137808;6.822769;13067.0
7748;MSTS;QPLIB_5881.qs;78;48;13067.0;13067.0;0.135141;6.95791;13067.0
7749;MSTS;QPLIB_5881.qs;78;49;13067.0;13067.0;0.155397;7.113307;13067.0
7750;MSTS;QPLIB_5881.qs;78;50;13067.0;13067.0;0.117181;7.230488;13067.0
7751;MSTS;QPLIB_5881.qs;78;51;13067.0;13067.0;0.126259;7.356747;13067.0
7752;MSTS;QPLIB_5881.qs;78;52;13067.0;13067.0;0.148868;7.505615;13067.0
7753;MSTS;QPLIB_5881.qs;78;53;13067.0;13067.0;0.11503;7.620645;13067.0
7754;MSTS;QPLIB_5881.qs;78;54;13067.0;13067.0;0.14405;7.764695;13067.0
7755;MSTS;QPLIB_5881.qs;78;55;13067.0;13067.0;0.136448;7.901143;13067.0
7756;MSTS;QPLIB_5881.qs;78;56;13067.0;13067.0;0.133177;8.03432;13067.0
7757;MSTS;QPLIB_5881.qs;78;57;13067.0;13067.0;0.119649;8.153969;13067.0
7758;MSTS;QPLIB_5881.qs;78;58;13067.0;13067.0;0.137502;8.291471;13067.0
7759;MSTS;QPLIB_5881.qs;78;59;13067.0;13067.0;0.176128;8.467599;13067.0
7760;MSTS;QPLIB_5881.qs;78;60;13067.0;13067.0;0.123944;8.591543;13067.0
7761;MSTS;QPLIB_5881.qs;78;61;13051.0;13067.0;0.112746;8.704289;13067.0
7762;MSTS;QPLIB_5881.qs;78;62;13067.0;13067.0;0.121012;8.825301;13067.0
7763;MSTS;QPLIB_5881.qs;78;63;13067.0;13067.0;0.136597;8.961898;13067.0
7764;MSTS;QPLIB_5881.qs;78;64;13067.0;13067.0;0.122377;9.084275;13067.0
7765;MSTS;QPLIB_5881.qs;78;65;13067.0;13067.0;0.156248;9.240523;13067.0
7766;MSTS;QPLIB_5881.qs;78;66;13067.0;13067.0;0.154372;9.394895;13067.0
7767;MSTS;QPLIB_5881.qs;78;67;13067.0;13067.0;0.153617;9.548512;13067.0
7768;MSTS;QPLIB_5881.qs;78;68;13067.0;13067.0;0.117618;9.66613;13067.0
7769;MSTS;QPLIB_5881.qs;78;69;13067.0;13067.0;0.127994;9.794124;13067.0
7770;MSTS;QPLIB_5881.qs;78;70;13067.0;13067.0;0.114505;9.908629;13067.0
7771;MSTS;QPLIB_5881.qs;78;71;13067.0;13067.0;0.124534;10.033163;13067.0
7772;MSTS;QPLIB_5881.qs;78;72;13067.0;13067.0;0.1357;10.168863;13067.0
7773;MSTS;QPLIB_5881.qs;78;73;13067.0;13067.0;0.138836;10.307699;13067.0
7774;MSTS;QPLIB_5881.qs;78;74;13067.0;13067.0;0.164404;10.472103;13067.0
7775;MSTS;QPLIB_5881.qs;78;75;13067.0;13067.0;0.133277;10.60538;13067.0
7776;MSTS;QPLIB_5881.qs;78;76;13067.0;13067.0;0.165002;10.770382;13067.0
7777;MSTS;QPLIB_5881.qs;78;77;13067.0;13067.0;0.148938;10.91932;13067.0
7778;MSTS;QPLIB_5881.qs;78;78;13067.0;13067.0;0.139359;11.058679;13067.0
7779;MSTS;QPLIB_5881.qs;78;79;13067.0;13067.0;0.136017;11.194696;13067.0
7780;MSTS;QPLIB_5881.qs;78;80;13067.0;13067.0;0.117863;11.312559;13067.0
7781;MSTS;QPLIB_5881.qs;78;81;13051.0;13067.0;0.11162;11.424179;13067.0
7782;MSTS;QPLIB_5881.qs;78;82;13067.0;13067.0;0.116896;11.541075;13067.0
7783;MSTS;QPLIB_5881.qs;78;83;13067.0;13067.0;0.181688;11.722763;13067.0
7784;MSTS;QPLIB_5881.qs;78;84;13067.0;13067.0;0.198873;11.921636;13067.0
7785;MSTS;QPLIB_5881.qs;78;85;13067.0;13067.0;0.137315;12.058951;13067.0
7786;MSTS;QPLIB_5881.qs;78;86;13067.0;13067.0;0.172119;12.23107;13067.0
7787;MSTS;QPLIB_5881.qs;78;87;13067.0;13067.0;0.148852;12.379922;13067.0
7788;MSTS;QPLIB_5881.qs;78;88;13067.0;13067.0;0.14687;12.526792;13067.0
7789;MSTS;QPLIB_5881.qs;78;89;13067.0;13067.0;0.130167;12.656959;13067.0
7790;MSTS;QPLIB_5881.qs;78;90;13067.0;13067.0;0.134241;12.7912;13067.0
7791;MSTS;QPLIB_5881.qs;78;91;13067.0;13067.0;0.199607;12.990807;13067.0
7792;MSTS;QPLIB_5881.qs;78;92;13067.0;13067.0;0.138796;13.129603;13067.0
7793;MSTS;QPLIB_5881.qs;78;93;13067.0;13067.0;0.121009;13.250612;13067.0
7794;MSTS;QPLIB_5881.qs;78;94;13051.0;13067.0;0.112511;13.363123;13067.0
7795;MSTS;QPLIB_5881.qs;78;95;13060.0;13067.0;0.124112;13.487235;13067.0
7796;MSTS;QPLIB_5881.qs;78;96;13067.0;13067.0;0.115482;13.602717;13067.0
7797;MSTS;QPLIB_5881.qs;78;97;13067.0;13067.0;0.147542;13.750259;13067.0
7798;MSTS;QPLIB_5881.qs;78;98;13067.0;13067.0;0.144689;13.894948;13067.0
7799;MSTS;QPLIB_5881.qs;78;99;13067.0;13067.0;0.187497;14.082445;13067.0
7800;MSTS;QPLIB_5881.qs;78;100;13067.0;13067.0;0.156947;14.239392;13067.0
7801;MSTS;QPLIB_5881.qs;78;101;13067.0;13067.0;0.140471;14.379863;13067.0
7802;MSTS;QPLIB_5881.qs;79;1;13067.0;13067.0;0.223601;0.223601;13067.0
7803;MSTS;QPLIB_5881.qs;79;2;13067.0;13067.0;0.118375;0.341976;13067.0
7804;MSTS;QPLIB_5881.qs;79;3;13067.0;13067.0;0.184125;0.5261009999999999;13067.0
7805;MSTS;QPLIB_5881.qs;79;4;13067.0;13067.0;0.175339;0.70144;13067.0
7806;MSTS;QPLIB_5881.qs;79;5;13067.0;13067.0;0.158991;0.860431;13067.0
7807;MSTS;QPLIB_5881.qs;79;6;13067.0;13067.0;0.125687;0.9861179999999999;13067.0
7808;MSTS;QPLIB_5881.qs;79;7;13067.0;13067.0;0.126402;1.11252;13067.0
7809;MSTS;QPLIB_5881.qs;79;8;13067.0;13067.0;0.129739;1.242259;13067.0
7810;MSTS;QPLIB_5881.qs;79;9;13051.0;13067.0;0.114849;1.357108;13067.0
7811;MSTS;QPLIB_5881.qs;79;10;13067.0;13067.0;0.133049;1.490157;13067.0
7812;MSTS;QPLIB_5881.qs;79;11;13067.0;13067.0;0.183386;1.673543;13067.0
7813;MSTS;QPLIB_5881.qs;79;12;13067.0;13067.0;0.114569;1.788112;13067.0
7814;MSTS;QPLIB_5881.qs;79;13;13067.0;13067.0;0.18084;1.968952;13067.0
7815;MSTS;QPLIB_5881.qs;79;14;13067.0;13067.0;0.182511;2.151463;13067.0
7816;MSTS;QPLIB_5881.qs;79;15;13067.0;13067.0;0.117787;2.26925;13067.0
7817;MSTS;QPLIB_5881.qs;79;16;13067.0;13067.0;0.134516;2.403766;13067.0
7818;MSTS;QPLIB_5881.qs;79;17;13051.0;13067.0;0.113967;2.5177329999999998;13067.0
7819;MSTS;QPLIB_5881.qs;79;18;13067.0;13067.0;0.115465;2.633198;13067.0
7820;MSTS;QPLIB_5881.qs;79;19;13067.0;13067.0;0.171724;2.804922;13067.0
7821;MSTS;QPLIB_5881.qs;79;20;13067.0;13067.0;0.189553;2.994475;13067.0
7822;MSTS;QPLIB_5881.qs;79;21;13067.0;13067.0;0.159435;3.1539099999999998;13067.0
7823;MSTS;QPLIB_5881.qs;79;22;13067.0;13067.0;0.121165;3.2750749999999997;13067.0
7824;MSTS;QPLIB_5881.qs;79;23;13067.0;13067.0;0.139762;3.414837;13067.0
7825;MSTS;QPLIB_5881.qs;79;24;13067.0;13067.0;0.126841;3.541678;13067.0
7826;MSTS;QPLIB_5881.qs;79;25;13067.0;13067.0;0.125637;3.667315;13067.0
7827;MSTS;QPLIB_5881.qs;79;26;13067.0;13067.0;0.119252;3.786567;13067.0
7828;MSTS;QPLIB_5881.qs;79;27;13067.0;13067.0;0.153206;3.9397729999999997;13067.0
7829;MSTS;QPLIB_5881.qs;79;28;13067.0;13067.0;0.146088;4.0858609999999995;13067.0
7830;MSTS;QPLIB_5881.qs;79;29;13067.0;13067.0;0.12669;4.2125509999999995;13067.0
7831;MSTS;QPLIB_5881.qs;79;30;13067.0;13067.0;0.125169;4.33772;13067.0
7832;MSTS;QPLIB_5881.qs;79;31;13067.0;13067.0;0.178556;4.5162759999999995;13067.0
7833;MSTS;QPLIB_5881.qs;79;32;13067.0;13067.0;0.15185;4.668126;13067.0
7834;MSTS;QPLIB_5881.qs;79;33;13067.0;13067.0;0.141243;4.809369;13067.0
7835;MSTS;QPLIB_5881.qs;79;34;13051.0;13067.0;0.114683;4.924052;13067.0
7836;MSTS;QPLIB_5881.qs;79;35;13067.0;13067.0;0.113864;5.037916;13067.0
7837;MSTS;QPLIB_5881.qs;79;36;13067.0;13067.0;0.1178;5.155716;13067.0
7838;MSTS;QPLIB_5881.qs;79;37;13067.0;13067.0;0.185149;5.340865;13067.0
7839;MSTS;QPLIB_5881.qs;79;38;13067.0;13067.0;0.118174;5.459039;13067.0
7840;MSTS;QPLIB_5881.qs;79;39;13067.0;13067.0;0.120709;5.579748;13067.0
7841;MSTS;QPLIB_5881.qs;79;40;13067.0;13067.0;0.154378;5.734126;13067.0
7842;MSTS;QPLIB_5881.qs;79;41;13067.0;13067.0;0.205118;5.9392439999999995;13067.0
7843;MSTS;QPLIB_5881.qs;79;42;13067.0;13067.0;0.114136;6.05338;13067.0
7844;MSTS;QPLIB_5881.qs;79;43;13067.0;13067.0;0.130609;6.183989;13067.0
7845;MSTS;QPLIB_5881.qs;79;44;13067.0;13067.0;0.119483;6.303472;13067.0
7846;MSTS;QPLIB_5881.qs;79;45;13051.0;13067.0;0.115656;6.419128;13067.0
7847;MSTS;QPLIB_5881.qs;79;46;13060.0;13067.0;0.119529;6.538657;13067.0
7848;MSTS;QPLIB_5881.qs;79;47;13067.0;13067.0;0.115026;6.653683;13067.0
7849;MSTS;QPLIB_5881.qs;79;48;13067.0;13067.0;0.172113;6.8257959999999995;13067.0
7850;MSTS;QPLIB_5881.qs;79;49;13067.0;13067.0;0.127859;6.953655;13067.0
7851;MSTS;QPLIB_5881.qs;79;50;13067.0;13067.0;0.142734;7.096389;13067.0
7852;MSTS;QPLIB_5881.qs;79;51;13067.0;13067.0;0.174614;7.271003;13067.0
7853;MSTS;QPLIB_5881.qs;79;52;13051.0;13067.0;0.113925;7.384928;13067.0
7854;MSTS;QPLIB_5881.qs;79;53;13067.0;13067.0;0.145104;7.530032;13067.0
7855;MSTS;QPLIB_5881.qs;79;54;13067.0;13067.0;0.119442;7.649474;13067.0
7856;MSTS;QPLIB_5881.qs;79;55;13067.0;13067.0;0.154802;7.804276;13067.0
7857;MSTS;QPLIB_5881.qs;79;56;13067.0;13067.0;0.146858;7.951134;13067.0
7858;MSTS;QPLIB_5881.qs;79;57;13067.0;13067.0;0.166295;8.117429;13067.0
7859;MSTS;QPLIB_5881.qs;79;58;13067.0;13067.0;0.19026;8.307689;13067.0
7860;MSTS;QPLIB_5881.qs;79;59;13067.0;13067.0;0.181186;8.488875;13067.0
7861;MSTS;QPLIB_5881.qs;79;60;13067.0;13067.0;0.114856;8.603731;13067.0
7862;MSTS;QPLIB_5881.qs;79;61;13067.0;13067.0;0.131079;8.73481;13067.0
7863;MSTS;QPLIB_5881.qs;79;62;13067.0;13067.0;0.156441;8.891251;13067.0
7864;MSTS;QPLIB_5881.qs;79;63;13067.0;13067.0;0.16694;9.058191;13067.0
7865;MSTS;QPLIB_5881.qs;79;64;13067.0;13067.0;0.128819;9.18701;13067.0
7866;MSTS;QPLIB_5881.qs;79;65;13067.0;13067.0;0.11491;9.301919999999999;13067.0
7867;MSTS;QPLIB_5881.qs;79;66;13067.0;13067.0;0.115929;9.417849;13067.0
7868;MSTS;QPLIB_5881.qs;79;67;13067.0;13067.0;0.156215;9.574064;13067.0
7869;MSTS;QPLIB_5881.qs;79;68;13067.0;13067.0;0.115767;9.689831;13067.0
7870;MSTS;QPLIB_5881.qs;79;69;13067.0;13067.0;0.137662;9.827493;13067.0
7871;MSTS;QPLIB_5881.qs;79;70;13067.0;13067.0;0.199482;10.026975;13067.0
7872;MSTS;QPLIB_5881.qs;79;71;13060.0;13067.0;0.114483;10.141458;13067.0
7873;MSTS;QPLIB_5881.qs;79;72;13067.0;13067.0;0.110968;10.252426;13067.0
7874;MSTS;QPLIB_5881.qs;79;73;13067.0;13067.0;0.161512;10.413938;13067.0
7875;MSTS;QPLIB_5881.qs;79;74;13067.0;13067.0;0.131919;10.545857;13067.0
7876;MSTS;QPLIB_5881.qs;79;75;13067.0;13067.0;0.132981;10.678838;13067.0
7877;MSTS;QPLIB_5881.qs;79;76;13067.0;13067.0;0.136606;10.815444;13067.0
7878;MSTS;QPLIB_5881.qs;79;77;13067.0;13067.0;0.1698;10.985244;13067.0
7879;MSTS;QPLIB_5881.qs;79;78;13067.0;13067.0;0.116039;11.101283;13067.0
7880;MSTS;QPLIB_5881.qs;79;79;13067.0;13067.0;0.128019;11.229302;13067.0
7881;MSTS;QPLIB_5881.qs;79;80;13067.0;13067.0;0.193277;11.422579;13067.0
7882;MSTS;QPLIB_5881.qs;79;81;13067.0;13067.0;0.121508;11.544087;13067.0
7883;MSTS;QPLIB_5881.qs;79;82;13067.0;13067.0;0.130461;11.674548;13067.0
7884;MSTS;QPLIB_5881.qs;79;83;13067.0;13067.0;0.134445;11.808993;13067.0
7885;MSTS;QPLIB_5881.qs;79;84;13067.0;13067.0;0.120376;11.929369;13067.0
7886;MSTS;QPLIB_5881.qs;79;85;13067.0;13067.0;0.155038;12.084407;13067.0
7887;MSTS;QPLIB_5881.qs;79;86;13067.0;13067.0;0.137482;12.221889000000001;13067.0
7888;MSTS;QPLIB_5881.qs;79;87;13067.0;13067.0;0.117645;12.339534;13067.0
7889;MSTS;QPLIB_5881.qs;79;88;13060.0;13067.0;0.192767;12.532301;13067.0
7890;MSTS;QPLIB_5881.qs;79;89;13067.0;13067.0;0.113739;12.64604;13067.0
7891;MSTS;QPLIB_5881.qs;79;90;13067.0;13067.0;0.120546;12.766586;13067.0
7892;MSTS;QPLIB_5881.qs;79;91;13067.0;13067.0;0.156284;12.92287;13067.0
7893;MSTS;QPLIB_5881.qs;79;92;13067.0;13067.0;0.146711;13.069581;13067.0
7894;MSTS;QPLIB_5881.qs;79;93;13067.0;13067.0;0.121976;13.191557;13067.0
7895;MSTS;QPLIB_5881.qs;79;94;13051.0;13067.0;0.111343;13.3029;13067.0
7896;MSTS;QPLIB_5881.qs;79;95;13067.0;13067.0;0.114033;13.416933;13067.0
7897;MSTS;QPLIB_5881.qs;79;96;13067.0;13067.0;0.134249;13.551182;13067.0
7898;MSTS;QPLIB_5881.qs;79;97;13067.0;13067.0;0.210653;13.761835;13067.0
7899;MSTS;QPLIB_5881.qs;79;98;13067.0;13067.0;0.130571;13.892406;13067.0
7900;MSTS;QPLIB_5881.qs;79;99;13067.0;13067.0;0.202396;14.094802;13067.0
7901;MSTS;QPLIB_5881.qs;79;100;13067.0;13067.0;0.117551;14.212353;13067.0
7902;MSTS;QPLIB_5881.qs;80;1;13067.0;13067.0;0.273909;0.273909;13067.0
7903;MSTS;QPLIB_5881.qs;80;2;13067.0;13067.0;0.144565;0.418474;13067.0
7904;MSTS;QPLIB_5881.qs;80;3;13067.0;13067.0;0.112852;0.531326;13067.0
7905;MSTS;QPLIB_5881.qs;80;4;13067.0;13067.0;0.11406;0.645386;13067.0
7906;MSTS;QPLIB_5881.qs;80;5;13067.0;13067.0;0.12051;0.765896;13067.0
7907;MSTS;QPLIB_5881.qs;80;6;13051.0;13067.0;0.112052;0.877948;13067.0
7908;MSTS;QPLIB_5881.qs;80;7;13067.0;13067.0;0.135157;1.013105;13067.0
7909;MSTS;QPLIB_5881.qs;80;8;13067.0;13067.0;0.117678;1.130783;13067.0
7910;MSTS;QPLIB_5881.qs;80;9;13067.0;13067.0;0.118013;1.248796;13067.0
7911;MSTS;QPLIB_5881.qs;80;10;13067.0;13067.0;0.165579;1.414375;13067.0
7912;MSTS;QPLIB_5881.qs;80;11;13067.0;13067.0;0.122661;1.537036;13067.0
7913;MSTS;QPLIB_5881.qs;80;12;13067.0;13067.0;0.142877;1.679913;13067.0
7914;MSTS;QPLIB_5881.qs;80;13;13067.0;13067.0;0.154523;1.834436;13067.0
7915;MSTS;QPLIB_5881.qs;80;14;13067.0;13067.0;0.129764;1.9642;13067.0
7916;MSTS;QPLIB_5881.qs;80;15;13067.0;13067.0;0.192378;2.156578;13067.0
7917;MSTS;QPLIB_5881.qs;80;16;13067.0;13067.0;0.122029;2.278607;13067.0
7918;MSTS;QPLIB_5881.qs;80;17;13067.0;13067.0;0.125538;2.404145;13067.0
7919;MSTS;QPLIB_5881.qs;80;18;13067.0;13067.0;0.130624;2.534769;13067.0
7920;MSTS;QPLIB_5881.qs;80;19;13067.0;13067.0;0.15154;2.686309;13067.0
7921;MSTS;QPLIB_5881.qs;80;20;13067.0;13067.0;0.146621;2.83293;13067.0
7922;MSTS;QPLIB_5881.qs;80;21;13067.0;13067.0;0.133349;2.966279;13067.0
7923;MSTS;QPLIB_5881.qs;80;22;13067.0;13067.0;0.130001;3.09628;13067.0
7924;MSTS;QPLIB_5881.qs;80;23;13067.0;13067.0;0.131568;3.227848;13067.0
7925;MSTS;QPLIB_5881.qs;80;24;13067.0;13067.0;0.148321;3.376169;13067.0
7926;MSTS;QPLIB_5881.qs;80;25;13067.0;13067.0;0.146605;3.522774;13067.0
7927;MSTS;QPLIB_5881.qs;80;26;13067.0;13067.0;0.133656;3.65643;13067.0
7928;MSTS;QPLIB_5881.qs;80;27;13067.0;13067.0;0.160927;3.817357;13067.0
7929;MSTS;QPLIB_5881.qs;80;28;13067.0;13067.0;0.122322;3.939679;13067.0
7930;MSTS;QPLIB_5881.qs;80;29;13067.0;13067.0;0.181253;4.120932;13067.0
7931;MSTS;QPLIB_5881.qs;80;30;13067.0;13067.0;0.135541;4.256473;13067.0
7932;MSTS;QPLIB_5881.qs;80;31;13067.0;13067.0;0.160573;4.417046;13067.0
7933;MSTS;QPLIB_5881.qs;80;32;13067.0;13067.0;0.170354;4.5874;13067.0
7934;MSTS;QPLIB_5881.qs;80;33;13067.0;13067.0;0.181106;4.768506;13067.0
7935;MSTS;QPLIB_5881.qs;80;34;13067.0;13067.0;0.149123;4.917629;13067.0
7936;MSTS;QPLIB_5881.qs;80;35;13067.0;13067.0;0.116645;5.034274;13067.0
7937;MSTS;QPLIB_5881.qs;80;36;13067.0;13067.0;0.17692;5.211194;13067.0
7938;MSTS;QPLIB_5881.qs;80;37;13051.0;13067.0;0.113497;5.324691;13067.0
7939;MSTS;QPLIB_5881.qs;80;38;13067.0;13067.0;0.115494;5.440185;13067.0
7940;MSTS;QPLIB_5881.qs;80;39;13067.0;13067.0;0.115695;5.55588;13067.0
7941;MSTS;QPLIB_5881.qs;80;40;13067.0;13067.0;0.208747;5.764627;13067.0
7942;MSTS;QPLIB_5881.qs;80;41;13067.0;13067.0;0.143903;5.90853;13067.0
7943;MSTS;QPLIB_5881.qs;80;42;13067.0;13067.0;0.185423;6.093953;13067.0
7944;MSTS;QPLIB_5881.qs;80;43;13067.0;13067.0;0.116481;6.210434;13067.0
7945;MSTS;QPLIB_5881.qs;80;44;13067.0;13067.0;0.12547;6.335904;13067.0
7946;MSTS;QPLIB_5881.qs;80;45;13067.0;13067.0;0.142171;6.478075;13067.0
7947;MSTS;QPLIB_5881.qs;80;46;13067.0;13067.0;0.140955;6.61903;13067.0
7948;MSTS;QPLIB_5881.qs;80;47;13067.0;13067.0;0.12684;6.74587;13067.0
7949;MSTS;QPLIB_5881.qs;80;48;13067.0;13067.0;0.129134;6.875004;13067.0
7950;MSTS;QPLIB_5881.qs;80;49;13067.0;13067.0;0.132582;7.007586;13067.0
7951;MSTS;QPLIB_5881.qs;80;50;13067.0;13067.0;0.176717;7.184303;13067.0
7952;MSTS;QPLIB_5881.qs;80;51;13067.0;13067.0;0.127934;7.312237;13067.0
7953;MSTS;QPLIB_5881.qs;80;52;13051.0;13067.0;0.115148;7.427385;13067.0
7954;MSTS;QPLIB_5881.qs;80;53;13067.0;13067.0;0.116223;7.543608;13067.0
7955;MSTS;QPLIB_5881.qs;80;54;13051.0;13067.0;0.115486;7.659094;13067.0
7956;MSTS;QPLIB_5881.qs;80;55;13060.0;13067.0;0.115698;7.774792;13067.0
7957;MSTS;QPLIB_5881.qs;80;56;13067.0;13067.0;0.113466;7.888258;13067.0
7958;MSTS;QPLIB_5881.qs;80;57;13067.0;13067.0;0.127769;8.016027;13067.0
7959;MSTS;QPLIB_5881.qs;80;58;13067.0;13067.0;0.130027;8.146054;13067.0
7960;MSTS;QPLIB_5881.qs;80;59;13051.0;13067.0;0.119708;8.265762;13067.0
7961;MSTS;QPLIB_5881.qs;80;60;13067.0;13067.0;0.115387;8.381149;13067.0
7962;MSTS;QPLIB_5881.qs;80;61;13067.0;13067.0;0.200733;8.581882;13067.0
7963;MSTS;QPLIB_5881.qs;80;62;13060.0;13067.0;0.186924;8.768806;13067.0
7964;MSTS;QPLIB_5881.qs;80;63;13067.0;13067.0;0.117912;8.886718;13067.0
7965;MSTS;QPLIB_5881.qs;80;64;13067.0;13067.0;0.159044;9.045762;13067.0
7966;MSTS;QPLIB_5881.qs;80;65;13067.0;13067.0;0.132492;9.178254;13067.0
7967;MSTS;QPLIB_5881.qs;80;66;13067.0;13067.0;0.127187;9.305441;13067.0
7968;MSTS;QPLIB_5881.qs;80;67;13067.0;13067.0;0.127989;9.43343;13067.0
7969;MSTS;QPLIB_5881.qs;80;68;13067.0;13067.0;0.150309;9.583739;13067.0
7970;MSTS;QPLIB_5881.qs;80;69;13067.0;13067.0;0.115209;9.698948;13067.0
7971;MSTS;QPLIB_5881.qs;80;70;13067.0;13067.0;0.147716;9.846664;13067.0
7972;MSTS;QPLIB_5881.qs;80;71;13067.0;13067.0;0.125115;9.971779;13067.0
7973;MSTS;QPLIB_5881.qs;80;72;13051.0;13067.0;0.113737;10.085516;13067.0
7974;MSTS;QPLIB_5881.qs;80;73;13067.0;13067.0;0.116476;10.201992;13067.0
7975;MSTS;QPLIB_5881.qs;80;74;13067.0;13067.0;0.133487;10.335479;13067.0
7976;MSTS;QPLIB_5881.qs;80;75;13067.0;13067.0;0.135426;10.470905;13067.0
7977;MSTS;QPLIB_5881.qs;80;76;13067.0;13067.0;0.125825;10.59673;13067.0
7978;MSTS;QPLIB_5881.qs;80;77;13067.0;13067.0;0.116766;10.713496;13067.0
7979;MSTS;QPLIB_5881.qs;80;78;13051.0;13067.0;0.113508;10.827004;13067.0
7980;MSTS;QPLIB_5881.qs;80;79;13051.0;13067.0;0.113559;10.940563;13067.0
7981;MSTS;QPLIB_5881.qs;80;80;13067.0;13067.0;0.124927;11.06549;13067.0
7982;MSTS;QPLIB_5881.qs;80;81;13067.0;13067.0;0.149145;11.214635;13067.0
7983;MSTS;QPLIB_5881.qs;80;82;13067.0;13067.0;0.141294;11.355929;13067.0
7984;MSTS;QPLIB_5881.qs;80;83;13067.0;13067.0;0.123124;11.479053;13067.0
7985;MSTS;QPLIB_5881.qs;80;84;13067.0;13067.0;0.143788;11.622841;13067.0
7986;MSTS;QPLIB_5881.qs;80;85;13067.0;13067.0;0.125667;11.748508;13067.0
7987;MSTS;QPLIB_5881.qs;80;86;13067.0;13067.0;0.11718;11.865688;13067.0
7988;MSTS;QPLIB_5881.qs;80;87;13067.0;13067.0;0.168896;12.034584;13067.0
7989;MSTS;QPLIB_5881.qs;80;88;13067.0;13067.0;0.126265;12.160849;13067.0
7990;MSTS;QPLIB_5881.qs;80;89;13067.0;13067.0;0.132232;12.293081;13067.0
7991;MSTS;QPLIB_5881.qs;80;90;13067.0;13067.0;0.114931;12.408012;13067.0
7992;MSTS;QPLIB_5881.qs;80;91;13067.0;13067.0;0.177055;12.585067;13067.0
7993;MSTS;QPLIB_5881.qs;80;92;13067.0;13067.0;0.116821;12.701888;13067.0
7994;MSTS;QPLIB_5881.qs;80;93;13067.0;13067.0;0.134021;12.835909;13067.0
7995;MSTS;QPLIB_5881.qs;80;94;13067.0;13067.0;0.146672;12.982581;13067.0
7996;MSTS;QPLIB_5881.qs;80;95;13067.0;13067.0;0.130842;13.113423;13067.0
7997;MSTS;QPLIB_5881.qs;80;96;13067.0;13067.0;0.190543;13.303965999999999;13067.0
7998;MSTS;QPLIB_5881.qs;80;97;13067.0;13067.0;0.156798;13.460764;13067.0
7999;MSTS;QPLIB_5881.qs;80;98;13067.0;13067.0;0.137502;13.598266;13067.0
8000;MSTS;QPLIB_5881.qs;80;99;13067.0;13067.0;0.170694;13.76896;13067.0
8001;MSTS;QPLIB_5881.qs;80;100;13067.0;13067.0;0.198634;13.967594;13067.0
8002;MSTS;QPLIB_5881.qs;81;1;13067.0;13067.0;0.241243;0.241243;13067.0
8003;MSTS;QPLIB_5881.qs;81;2;13067.0;13067.0;0.113601;0.354844;13067.0
8004;MSTS;QPLIB_5881.qs;81;3;13067.0;13067.0;0.116159;0.471003;13067.0
8005;MSTS;QPLIB_5881.qs;81;4;13067.0;13067.0;0.186739;0.657742;13067.0
8006;MSTS;QPLIB_5881.qs;81;5;13067.0;13067.0;0.120155;0.777897;13067.0
8007;MSTS;QPLIB_5881.qs;81;6;13067.0;13067.0;0.14501;0.9229069999999999;13067.0
8008;MSTS;QPLIB_5881.qs;81;7;13067.0;13067.0;0.160181;1.083088;13067.0
8009;MSTS;QPLIB_5881.qs;81;8;13067.0;13067.0;0.162488;1.245576;13067.0
8010;MSTS;QPLIB_5881.qs;81;9;13051.0;13067.0;0.113178;1.358754;13067.0
8011;MSTS;QPLIB_5881.qs;81;10;13067.0;13067.0;0.143267;1.502021;13067.0
8012;MSTS;QPLIB_5881.qs;81;11;13067.0;13067.0;0.135526;1.637547;13067.0
8013;MSTS;QPLIB_5881.qs;81;12;13067.0;13067.0;0.12626;1.763807;13067.0
8014;MSTS;QPLIB_5881.qs;81;13;13067.0;13067.0;0.154265;1.918072;13067.0
8015;MSTS;QPLIB_5881.qs;81;14;13067.0;13067.0;0.157648;2.07572;13067.0
8016;MSTS;QPLIB_5881.qs;81;15;13067.0;13067.0;0.183427;2.259147;13067.0
8017;MSTS;QPLIB_5881.qs;81;16;13067.0;13067.0;0.111975;2.371122;13067.0
8018;MSTS;QPLIB_5881.qs;81;17;13067.0;13067.0;0.135037;2.5061590000000002;13067.0
8019;MSTS;QPLIB_5881.qs;81;18;13067.0;13067.0;0.129911;2.63607;13067.0
8020;MSTS;QPLIB_5881.qs;81;19;13067.0;13067.0;0.179731;2.815801;13067.0
8021;MSTS;QPLIB_5881.qs;81;20;13067.0;13067.0;0.130253;2.946054;13067.0
8022;MSTS;QPLIB_5881.qs;81;21;13060.0;13067.0;0.174835;3.120889;13067.0
8023;MSTS;QPLIB_5881.qs;81;22;13067.0;13067.0;0.112881;3.23377;13067.0
8024;MSTS;QPLIB_5881.qs;81;23;13051.0;13067.0;0.112499;3.346269;13067.0
8025;MSTS;QPLIB_5881.qs;81;24;13060.0;13067.0;0.121195;3.467464;13067.0
8026;MSTS;QPLIB_5881.qs;81;25;13067.0;13067.0;0.115176;3.58264;13067.0
8027;MSTS;QPLIB_5881.qs;81;26;13067.0;13067.0;0.132117;3.714757;13067.0
8028;MSTS;QPLIB_5881.qs;81;27;13067.0;13067.0;0.116312;3.831069;13067.0
8029;MSTS;QPLIB_5881.qs;81;28;13067.0;13067.0;0.185481;4.01655;13067.0
8030;MSTS;QPLIB_5881.qs;81;29;13067.0;13067.0;0.140534;4.157084;13067.0
8031;MSTS;QPLIB_5881.qs;81;30;13051.0;13067.0;0.113799;4.270883;13067.0
8032;MSTS;QPLIB_5881.qs;81;31;13067.0;13067.0;0.166197;4.43708;13067.0
8033;MSTS;QPLIB_5881.qs;81;32;13067.0;13067.0;0.117385;4.554465;13067.0
8034;MSTS;QPLIB_5881.qs;81;33;13067.0;13067.0;0.175339;4.729804;13067.0
8035;MSTS;QPLIB_5881.qs;81;34;13067.0;13067.0;0.131681;4.861485;13067.0
8036;MSTS;QPLIB_5881.qs;81;35;13067.0;13067.0;0.134807;4.996292;13067.0
8037;MSTS;QPLIB_5881.qs;81;36;13067.0;13067.0;0.177773;5.174065;13067.0
8038;MSTS;QPLIB_5881.qs;81;37;13067.0;13067.0;0.180965;5.35503;13067.0
8039;MSTS;QPLIB_5881.qs;81;38;13067.0;13067.0;0.146718;5.501748;13067.0
8040;MSTS;QPLIB_5881.qs;81;39;13067.0;13067.0;0.125971;5.627719;13067.0
8041;MSTS;QPLIB_5881.qs;81;40;13067.0;13067.0;0.185563;5.813282;13067.0
8042;MSTS;QPLIB_5881.qs;81;41;13067.0;13067.0;0.173635;5.986917;13067.0
8043;MSTS;QPLIB_5881.qs;81;42;13067.0;13067.0;0.148;6.134917;13067.0
8044;MSTS;QPLIB_5881.qs;81;43;13067.0;13067.0;0.151336;6.286253;13067.0
8045;MSTS;QPLIB_5881.qs;81;44;13067.0;13067.0;0.180397;6.46665;13067.0
8046;MSTS;QPLIB_5881.qs;81;45;13067.0;13067.0;0.200805;6.667455;13067.0
8047;MSTS;QPLIB_5881.qs;81;46;13067.0;13067.0;0.156866;6.824321;13067.0
8048;MSTS;QPLIB_5881.qs;81;47;13067.0;13067.0;0.115218;6.939539;13067.0
8049;MSTS;QPLIB_5881.qs;81;48;13067.0;13067.0;0.126511;7.06605;13067.0
8050;MSTS;QPLIB_5881.qs;81;49;13067.0;13067.0;0.160087;7.226137;13067.0
8051;MSTS;QPLIB_5881.qs;81;50;13067.0;13067.0;0.144253;7.37039;13067.0
8052;MSTS;QPLIB_5881.qs;81;51;13067.0;13067.0;0.186918;7.557308;13067.0
8053;MSTS;QPLIB_5881.qs;81;52;13067.0;13067.0;0.203252;7.76056;13067.0
8054;MSTS;QPLIB_5881.qs;81;53;13067.0;13067.0;0.114978;7.875538;13067.0
8055;MSTS;QPLIB_5881.qs;81;54;13067.0;13067.0;0.159351;8.034889;13067.0
8056;MSTS;QPLIB_5881.qs;81;55;13067.0;13067.0;0.122959;8.157848;13067.0
8057;MSTS;QPLIB_5881.qs;81;56;13067.0;13067.0;0.121998;8.279846;13067.0
8058;MSTS;QPLIB_5881.qs;81;57;13067.0;13067.0;0.165831;8.445677;13067.0
8059;MSTS;QPLIB_5881.qs;81;58;13051.0;13067.0;0.113899;8.559576;13067.0
8060;MSTS;QPLIB_5881.qs;81;59;13067.0;13067.0;0.15301;8.712586;13067.0
8061;MSTS;QPLIB_5881.qs;81;60;13067.0;13067.0;0.204521;8.917107;13067.0
8062;MSTS;QPLIB_5881.qs;81;61;13067.0;13067.0;0.14508;9.062187;13067.0
8063;MSTS;QPLIB_5881.qs;81;62;13067.0;13067.0;0.165825;9.228012;13067.0
8064;MSTS;QPLIB_5881.qs;81;63;13067.0;13067.0;0.135807;9.363819;13067.0
8065;MSTS;QPLIB_5881.qs;81;64;13067.0;13067.0;0.155256;9.519075;13067.0
8066;MSTS;QPLIB_5881.qs;81;65;13067.0;13067.0;0.126879;9.645954;13067.0
8067;MSTS;QPLIB_5881.qs;81;66;13067.0;13067.0;0.117076;9.76303;13067.0
8068;MSTS;QPLIB_5881.qs;81;67;13067.0;13067.0;0.121592;9.884622;13067.0
8069;MSTS;QPLIB_5881.qs;81;68;13067.0;13067.0;0.149662;10.034284;13067.0
8070;MSTS;QPLIB_5881.qs;81;69;13067.0;13067.0;0.123717;10.158001;13067.0
8071;MSTS;QPLIB_5881.qs;81;70;13067.0;13067.0;0.173182;10.331183;13067.0
8072;MSTS;QPLIB_5881.qs;81;71;13067.0;13067.0;0.13006;10.461243;13067.0
8073;MSTS;QPLIB_5881.qs;81;72;13067.0;13067.0;0.130615;10.591858;13067.0
8074;MSTS;QPLIB_5881.qs;81;73;13067.0;13067.0;0.13769;10.729548;13067.0
8075;MSTS;QPLIB_5881.qs;81;74;13067.0;13067.0;0.156748;10.886296;13067.0
8076;MSTS;QPLIB_5881.qs;81;75;13067.0;13067.0;0.172172;11.058468;13067.0
8077;MSTS;QPLIB_5881.qs;81;76;13067.0;13067.0;0.122609;11.181077;13067.0
8078;MSTS;QPLIB_5881.qs;81;77;13067.0;13067.0;0.125308;11.306385;13067.0
8079;MSTS;QPLIB_5881.qs;81;78;13067.0;13067.0;0.198785;11.50517;13067.0
8080;MSTS;QPLIB_5881.qs;81;79;13051.0;13067.0;0.116454;11.621624;13067.0
8081;MSTS;QPLIB_5881.qs;81;80;13067.0;13067.0;0.133555;11.755179;13067.0
8082;MSTS;QPLIB_5881.qs;81;81;13067.0;13067.0;0.143846;11.899025;13067.0
8083;MSTS;QPLIB_5881.qs;81;82;13067.0;13067.0;0.146638;12.045663;13067.0
8084;MSTS;QPLIB_5881.qs;81;83;13051.0;13067.0;0.116861;12.162524;13067.0
8085;MSTS;QPLIB_5881.qs;81;84;13067.0;13067.0;0.113696;12.27622;13067.0
8086;MSTS;QPLIB_5881.qs;81;85;13051.0;13067.0;0.113981;12.390201;13067.0
8087;MSTS;QPLIB_5881.qs;81;86;13067.0;13067.0;0.132689;12.52289;13067.0
8088;MSTS;QPLIB_5881.qs;81;87;13067.0;13067.0;0.186828;12.709718;13067.0
8089;MSTS;QPLIB_5881.qs;81;88;13067.0;13067.0;0.12025;12.829968;13067.0
8090;MSTS;QPLIB_5881.qs;81;89;13067.0;13067.0;0.125541;12.955509;13067.0
8091;MSTS;QPLIB_5881.qs;81;90;13067.0;13067.0;0.157052;13.112561;13067.0
8092;MSTS;QPLIB_5881.qs;81;91;13067.0;13067.0;0.204389;13.31695;13067.0
8093;MSTS;QPLIB_5881.qs;81;92;13067.0;13067.0;0.134197;13.451147;13067.0
8094;MSTS;QPLIB_5881.qs;81;93;13067.0;13067.0;0.176771;13.627918;13067.0
8095;MSTS;QPLIB_5881.qs;81;94;13067.0;13067.0;0.123464;13.751382;13067.0
8096;MSTS;QPLIB_5881.qs;81;95;13067.0;13067.0;0.147279;13.898661;13067.0
8097;MSTS;QPLIB_5881.qs;81;96;13067.0;13067.0;0.155128;14.053789;13067.0
8098;MSTS;QPLIB_5881.qs;81;97;13067.0;13067.0;0.118489;14.172278;13067.0
8099;MSTS;QPLIB_5881.qs;81;98;13067.0;13067.0;0.160644;14.332922;13067.0
8100;MSTS;QPLIB_5881.qs;81;99;13067.0;13067.0;0.134767;14.467689;13067.0
8101;MSTS;QPLIB_5881.qs;81;100;13067.0;13067.0;0.114344;14.582033;13067.0
8102;MSTS;QPLIB_5881.qs;82;1;13067.0;13067.0;0.34021;0.34021;13067.0
8103;MSTS;QPLIB_5881.qs;82;2;13067.0;13067.0;0.150351;0.490561;13067.0
8104;MSTS;QPLIB_5881.qs;82;3;13067.0;13067.0;0.12594;0.616501;13067.0
8105;MSTS;QPLIB_5881.qs;82;4;13067.0;13067.0;0.12973;0.7462310000000001;13067.0
8106;MSTS;QPLIB_5881.qs;82;5;13067.0;13067.0;0.159051;0.905282;13067.0
8107;MSTS;QPLIB_5881.qs;82;6;13067.0;13067.0;0.162123;1.067405;13067.0
8108;MSTS;QPLIB_5881.qs;82;7;13067.0;13067.0;0.197389;1.264794;13067.0
8109;MSTS;QPLIB_5881.qs;82;8;13067.0;13067.0;0.128908;1.393702;13067.0
8110;MSTS;QPLIB_5881.qs;82;9;13067.0;13067.0;0.120671;1.514373;13067.0
8111;MSTS;QPLIB_5881.qs;82;10;13067.0;13067.0;0.12366;1.638033;13067.0
8112;MSTS;QPLIB_5881.qs;82;11;13067.0;13067.0;0.121772;1.759805;13067.0
8113;MSTS;QPLIB_5881.qs;82;12;13067.0;13067.0;0.181644;1.941449;13067.0
8114;MSTS;QPLIB_5881.qs;82;13;13067.0;13067.0;0.129758;2.0712070000000002;13067.0
8115;MSTS;QPLIB_5881.qs;82;14;13067.0;13067.0;0.168897;2.240104;13067.0
8116;MSTS;QPLIB_5881.qs;82;15;13067.0;13067.0;0.154843;2.394947;13067.0
8117;MSTS;QPLIB_5881.qs;82;16;13067.0;13067.0;0.131241;2.526188;13067.0
8118;MSTS;QPLIB_5881.qs;82;17;13067.0;13067.0;0.146549;2.672737;13067.0
8119;MSTS;QPLIB_5881.qs;82;18;13067.0;13067.0;0.122807;2.795544;13067.0
8120;MSTS;QPLIB_5881.qs;82;19;13067.0;13067.0;0.120172;2.915716;13067.0
8121;MSTS;QPLIB_5881.qs;82;20;13067.0;13067.0;0.147252;3.062968;13067.0
8122;MSTS;QPLIB_5881.qs;82;21;13067.0;13067.0;0.169459;3.232427;13067.0
8123;MSTS;QPLIB_5881.qs;82;22;13067.0;13067.0;0.163202;3.395629;13067.0
8124;MSTS;QPLIB_5881.qs;82;23;13067.0;13067.0;0.140712;3.536341;13067.0
8125;MSTS;QPLIB_5881.qs;82;24;13067.0;13067.0;0.134504;3.670845;13067.0
8126;MSTS;QPLIB_5881.qs;82;25;13067.0;13067.0;0.125751;3.796596;13067.0
8127;MSTS;QPLIB_5881.qs;82;26;13067.0;13067.0;0.167141;3.963737;13067.0
8128;MSTS;QPLIB_5881.qs;82;27;13067.0;13067.0;0.16571;4.129447;13067.0
8129;MSTS;QPLIB_5881.qs;82;28;13067.0;13067.0;0.163098;4.2925450000000005;13067.0
8130;MSTS;QPLIB_5881.qs;82;29;13067.0;13067.0;0.157183;4.449728;13067.0
8131;MSTS;QPLIB_5881.qs;82;30;13067.0;13067.0;0.156996;4.606724;13067.0
8132;MSTS;QPLIB_5881.qs;82;31;13067.0;13067.0;0.169842;4.776566;13067.0
8133;MSTS;QPLIB_5881.qs;82;32;13067.0;13067.0;0.146426;4.922992;13067.0
8134;MSTS;QPLIB_5881.qs;82;33;13067.0;13067.0;0.132127;5.055119;13067.0
8135;MSTS;QPLIB_5881.qs;82;34;13067.0;13067.0;0.259001;5.31412;13067.0
8136;MSTS;QPLIB_5881.qs;82;35;13067.0;13067.0;0.154603;5.468723;13067.0
8137;MSTS;QPLIB_5881.qs;82;36;13067.0;13067.0;0.148691;5.617414;13067.0
8138;MSTS;QPLIB_5881.qs;82;37;13067.0;13067.0;0.216725;5.834139;13067.0
8139;MSTS;QPLIB_5881.qs;82;38;13067.0;13067.0;0.145038;5.979177;13067.0
8140;MSTS;QPLIB_5881.qs;82;39;13067.0;13067.0;0.13325;6.112427;13067.0
8141;MSTS;QPLIB_5881.qs;82;40;13067.0;13067.0;0.120782;6.233209;13067.0
8142;MSTS;QPLIB_5881.qs;82;41;13067.0;13067.0;0.145724;6.378933;13067.0
8143;MSTS;QPLIB_5881.qs;82;42;13067.0;13067.0;0.141543;6.520476;13067.0
8144;MSTS;QPLIB_5881.qs;82;43;13067.0;13067.0;0.128675;6.649151;13067.0
8145;MSTS;QPLIB_5881.qs;82;44;13067.0;13067.0;0.172258;6.821409;13067.0
8146;MSTS;QPLIB_5881.qs;82;45;13067.0;13067.0;0.119948;6.941357;13067.0
8147;MSTS;QPLIB_5881.qs;82;46;13067.0;13067.0;0.154135;7.095492;13067.0
8148;MSTS;QPLIB_5881.qs;82;47;13067.0;13067.0;0.160798;7.25629;13067.0
8149;MSTS;QPLIB_5881.qs;82;48;13067.0;13067.0;0.122086;7.378376;13067.0
8150;MSTS;QPLIB_5881.qs;82;49;13067.0;13067.0;0.171933;7.550309;13067.0
8151;MSTS;QPLIB_5881.qs;82;50;13067.0;13067.0;0.132717;7.683026;13067.0
8152;MSTS;QPLIB_5881.qs;82;51;13051.0;13067.0;0.118578;7.801604;13067.0
8153;MSTS;QPLIB_5881.qs;82;52;13067.0;13067.0;0.193164;7.994768;13067.0
8154;MSTS;QPLIB_5881.qs;82;53;13067.0;13067.0;0.21012;8.204888;13067.0
8155;MSTS;QPLIB_5881.qs;82;54;13067.0;13067.0;0.15368;8.358568;13067.0
8156;MSTS;QPLIB_5881.qs;82;55;13067.0;13067.0;0.170997;8.529565;13067.0
8157;MSTS;QPLIB_5881.qs;82;56;13067.0;13067.0;0.119266;8.648831;13067.0
8158;MSTS;QPLIB_5881.qs;82;57;13067.0;13067.0;0.129274;8.778105;13067.0
8159;MSTS;QPLIB_5881.qs;82;58;13060.0;13067.0;0.141405;8.91951;13067.0
8160;MSTS;QPLIB_5881.qs;82;59;13067.0;13067.0;0.215098;9.134608;13067.0
8161;MSTS;QPLIB_5881.qs;82;60;13067.0;13067.0;0.152883;9.287491;13067.0
8162;MSTS;QPLIB_5881.qs;82;61;13067.0;13067.0;0.136307;9.423798;13067.0
8163;MSTS;QPLIB_5881.qs;82;62;13067.0;13067.0;0.188603;9.612401;13067.0
8164;MSTS;QPLIB_5881.qs;82;63;13051.0;13067.0;0.117367;9.729768;13067.0
8165;MSTS;QPLIB_5881.qs;82;64;13067.0;13067.0;0.118517;9.848285;13067.0
8166;MSTS;QPLIB_5881.qs;82;65;13067.0;13067.0;0.147071;9.995356;13067.0
8167;MSTS;QPLIB_5881.qs;82;66;13051.0;13067.0;0.116145;10.111501;13067.0
8168;MSTS;QPLIB_5881.qs;82;67;13067.0;13067.0;0.140134;10.251635;13067.0
8169;MSTS;QPLIB_5881.qs;82;68;13067.0;13067.0;0.149357;10.400992;13067.0
8170;MSTS;QPLIB_5881.qs;82;69;13067.0;13067.0;0.136423;10.537415;13067.0
8171;MSTS;QPLIB_5881.qs;82;70;13067.0;13067.0;0.142148;10.679563;13067.0
8172;MSTS;QPLIB_5881.qs;82;71;13067.0;13067.0;0.208486;10.888049;13067.0
8173;MSTS;QPLIB_5881.qs;82;72;13067.0;13067.0;0.152139;11.040188;13067.0
8174;MSTS;QPLIB_5881.qs;82;73;13051.0;13067.0;0.117573;11.157761;13067.0
8175;MSTS;QPLIB_5881.qs;82;74;13067.0;13067.0;0.123101;11.280862;13067.0
8176;MSTS;QPLIB_5881.qs;82;75;13067.0;13067.0;0.210398;11.49126;13067.0
8177;MSTS;QPLIB_5881.qs;82;76;13067.0;13067.0;0.133982;11.625242;13067.0
8178;MSTS;QPLIB_5881.qs;82;77;13067.0;13067.0;0.132225;11.757467;13067.0
8179;MSTS;QPLIB_5881.qs;82;78;13067.0;13067.0;0.169955;11.927422;13067.0
8180;MSTS;QPLIB_5881.qs;82;79;13067.0;13067.0;0.12494;12.052362;13067.0
8181;MSTS;QPLIB_5881.qs;82;80;13067.0;13067.0;0.137883;12.190245;13067.0
8182;MSTS;QPLIB_5881.qs;82;81;13067.0;13067.0;0.173376;12.363621;13067.0
8183;MSTS;QPLIB_5881.qs;82;82;13067.0;13067.0;0.194834;12.558455;13067.0
8184;MSTS;QPLIB_5881.qs;82;83;13067.0;13067.0;0.119827;12.678282;13067.0
8185;MSTS;QPLIB_5881.qs;82;84;13067.0;13067.0;0.134773;12.813055;13067.0
8186;MSTS;QPLIB_5881.qs;82;85;13067.0;13067.0;0.164026;12.977081;13067.0
8187;MSTS;QPLIB_5881.qs;82;86;13067.0;13067.0;0.14807;13.125151;13067.0
8188;MSTS;QPLIB_5881.qs;82;87;13067.0;13067.0;0.120641;13.245792;13067.0
8189;MSTS;QPLIB_5881.qs;82;88;13067.0;13067.0;0.133554;13.379346;13067.0
8190;MSTS;QPLIB_5881.qs;82;89;13067.0;13067.0;0.124591;13.503937;13067.0
8191;MSTS;QPLIB_5881.qs;82;90;13067.0;13067.0;0.178774;13.682711;13067.0
8192;MSTS;QPLIB_5881.qs;82;91;13067.0;13067.0;0.150911;13.833622;13067.0
8193;MSTS;QPLIB_5881.qs;82;92;13067.0;13067.0;0.143327;13.976949;13067.0
8194;MSTS;QPLIB_5881.qs;82;93;13067.0;13067.0;0.127043;14.103992;13067.0
8195;MSTS;QPLIB_5881.qs;82;94;13067.0;13067.0;0.134615;14.238607;13067.0
8196;MSTS;QPLIB_5881.qs;82;95;13067.0;13067.0;0.1356;14.374207;13067.0
8197;MSTS;QPLIB_5881.qs;82;96;13067.0;13067.0;0.143314;14.517521;13067.0
8198;MSTS;QPLIB_5881.qs;82;97;13067.0;13067.0;0.171875;14.689396;13067.0
8199;MSTS;QPLIB_5881.qs;82;98;13067.0;13067.0;0.207958;14.897354;13067.0
8200;MSTS;QPLIB_5881.qs;82;99;13067.0;13067.0;0.137753;15.035107;13067.0
8201;MSTS;QPLIB_5881.qs;82;100;13067.0;13067.0;0.17353;15.208637;13067.0
8202;MSTS;QPLIB_5881.qs;83;1;13060.0;13067.0;0.224094;0.224094;13067.0
8203;MSTS;QPLIB_5881.qs;83;2;13067.0;13067.0;0.114411;0.338505;13067.0
8204;MSTS;QPLIB_5881.qs;83;3;13067.0;13067.0;0.142303;0.480808;13067.0
8205;MSTS;QPLIB_5881.qs;83;4;13067.0;13067.0;0.121402;0.60221;13067.0
8206;MSTS;QPLIB_5881.qs;83;5;13067.0;13067.0;0.123829;0.726039;13067.0
8207;MSTS;QPLIB_5881.qs;83;6;13067.0;13067.0;0.135785;0.8618239999999999;13067.0
8208;MSTS;QPLIB_5881.qs;83;7;13067.0;13067.0;0.221538;1.083362;13067.0
8209;MSTS;QPLIB_5881.qs;83;8;13051.0;13067.0;0.114222;1.197584;13067.0
8210;MSTS;QPLIB_5881.qs;83;9;13067.0;13067.0;0.140958;1.338542;13067.0
8211;MSTS;QPLIB_5881.qs;83;10;13067.0;13067.0;0.131603;1.470145;13067.0
8212;MSTS;QPLIB_5881.qs;83;11;13067.0;13067.0;0.129898;1.600043;13067.0
8213;MSTS;QPLIB_5881.qs;83;12;13067.0;13067.0;0.201101;1.801144;13067.0
8214;MSTS;QPLIB_5881.qs;83;13;13067.0;13067.0;0.134334;1.935478;13067.0
8215;MSTS;QPLIB_5881.qs;83;14;13067.0;13067.0;0.143429;2.078907;13067.0
8216;MSTS;QPLIB_5881.qs;83;15;13067.0;13067.0;0.160448;2.239355;13067.0
8217;MSTS;QPLIB_5881.qs;83;16;13067.0;13067.0;0.140629;2.379984;13067.0
8218;MSTS;QPLIB_5881.qs;83;17;13067.0;13067.0;0.120402;2.500386;13067.0
8219;MSTS;QPLIB_5881.qs;83;18;13067.0;13067.0;0.133291;2.633677;13067.0
8220;MSTS;QPLIB_5881.qs;83;19;13067.0;13067.0;0.124316;2.757993;13067.0
8221;MSTS;QPLIB_5881.qs;83;20;13067.0;13067.0;0.16428;2.922273;13067.0
8222;MSTS;QPLIB_5881.qs;83;21;13067.0;13067.0;0.131237;3.05351;13067.0
8223;MSTS;QPLIB_5881.qs;83;22;13067.0;13067.0;0.162793;3.216303;13067.0
8224;MSTS;QPLIB_5881.qs;83;23;13051.0;13067.0;0.118693;3.334996;13067.0
8225;MSTS;QPLIB_5881.qs;83;24;13067.0;13067.0;0.126336;3.461332;13067.0
8226;MSTS;QPLIB_5881.qs;83;25;13067.0;13067.0;0.260279;3.7216110000000002;13067.0
8227;MSTS;QPLIB_5881.qs;83;26;13067.0;13067.0;0.122987;3.844598;13067.0
8228;MSTS;QPLIB_5881.qs;83;27;13067.0;13067.0;0.119805;3.964403;13067.0
8229;MSTS;QPLIB_5881.qs;83;28;13067.0;13067.0;0.176336;4.140739;13067.0
8230;MSTS;QPLIB_5881.qs;83;29;13067.0;13067.0;0.117986;4.258725;13067.0
8231;MSTS;QPLIB_5881.qs;83;30;13067.0;13067.0;0.130995;4.3897200000000005;13067.0
8232;MSTS;QPLIB_5881.qs;83;31;13067.0;13067.0;0.120972;4.510692;13067.0
8233;MSTS;QPLIB_5881.qs;83;32;13067.0;13067.0;0.169646;4.680338;13067.0
8234;MSTS;QPLIB_5881.qs;83;33;13067.0;13067.0;0.161099;4.841437;13067.0
8235;MSTS;QPLIB_5881.qs;83;34;13067.0;13067.0;0.141752;4.983189;13067.0
8236;MSTS;QPLIB_5881.qs;83;35;13067.0;13067.0;0.135634;5.118823;13067.0
8237;MSTS;QPLIB_5881.qs;83;36;13067.0;13067.0;0.127648;5.246471;13067.0
8238;MSTS;QPLIB_5881.qs;83;37;13067.0;13067.0;0.135943;5.382414;13067.0
8239;MSTS;QPLIB_5881.qs;83;38;13067.0;13067.0;0.130313;5.512727;13067.0
8240;MSTS;QPLIB_5881.qs;83;39;13067.0;13067.0;0.118802;5.6315290000000005;13067.0
8241;MSTS;QPLIB_5881.qs;83;40;13067.0;13067.0;0.155477;5.787006;13067.0
8242;MSTS;QPLIB_5881.qs;83;41;13067.0;13067.0;0.124601;5.911607;13067.0
8243;MSTS;QPLIB_5881.qs;83;42;13067.0;13067.0;0.146488;6.058095;13067.0
8244;MSTS;QPLIB_5881.qs;83;43;13067.0;13067.0;0.160238;6.218333;13067.0
8245;MSTS;QPLIB_5881.qs;83;44;13067.0;13067.0;0.172947;6.39128;13067.0
8246;MSTS;QPLIB_5881.qs;83;45;13067.0;13067.0;0.158585;6.5498650000000005;13067.0
8247;MSTS;QPLIB_5881.qs;83;46;13067.0;13067.0;0.151452;6.701317;13067.0
8248;MSTS;QPLIB_5881.qs;83;47;13067.0;13067.0;0.153761;6.855078;13067.0
8249;MSTS;QPLIB_5881.qs;83;48;13067.0;13067.0;0.130266;6.985344;13067.0
8250;MSTS;QPLIB_5881.qs;83;49;13067.0;13067.0;0.133397;7.118741;13067.0
8251;MSTS;QPLIB_5881.qs;83;50;13067.0;13067.0;0.121376;7.240117;13067.0
8252;MSTS;QPLIB_5881.qs;83;51;13067.0;13067.0;0.13782;7.377937;13067.0
8253;MSTS;QPLIB_5881.qs;83;52;13067.0;13067.0;0.144246;7.522183;13067.0
8254;MSTS;QPLIB_5881.qs;83;53;13067.0;13067.0;0.132812;7.654995;13067.0
8255;MSTS;QPLIB_5881.qs;83;54;13067.0;13067.0;0.130904;7.785899;13067.0
8256;MSTS;QPLIB_5881.qs;83;55;13067.0;13067.0;0.120099;7.905998;13067.0
8257;MSTS;QPLIB_5881.qs;83;56;13053.0;13067.0;0.119526;8.025524;13067.0
8258;MSTS;QPLIB_5881.qs;83;57;13067.0;13067.0;0.131794;8.157318;13067.0
8259;MSTS;QPLIB_5881.qs;83;58;13067.0;13067.0;0.159212;8.31653;13067.0
8260;MSTS;QPLIB_5881.qs;83;59;13067.0;13067.0;0.135015;8.451545;13067.0
8261;MSTS;QPLIB_5881.qs;83;60;13067.0;13067.0;0.18735;8.638895;13067.0
8262;MSTS;QPLIB_5881.qs;83;61;13067.0;13067.0;0.131422;8.770317;13067.0
8263;MSTS;QPLIB_5881.qs;83;62;13067.0;13067.0;0.133297;8.903614;13067.0
8264;MSTS;QPLIB_5881.qs;83;63;13051.0;13067.0;0.115807;9.019421;13067.0
8265;MSTS;QPLIB_5881.qs;83;64;13067.0;13067.0;0.138243;9.157664;13067.0
8266;MSTS;QPLIB_5881.qs;83;65;13067.0;13067.0;0.168691;9.326355;13067.0
8267;MSTS;QPLIB_5881.qs;83;66;13067.0;13067.0;0.133154;9.459509;13067.0
8268;MSTS;QPLIB_5881.qs;83;67;13067.0;13067.0;0.17712;9.636629;13067.0
8269;MSTS;QPLIB_5881.qs;83;68;13067.0;13067.0;0.166708;9.803337;13067.0
8270;MSTS;QPLIB_5881.qs;83;69;13067.0;13067.0;0.125912;9.929249;13067.0
8271;MSTS;QPLIB_5881.qs;83;70;13067.0;13067.0;0.151963;10.081212;13067.0
8272;MSTS;QPLIB_5881.qs;83;71;13067.0;13067.0;0.115469;10.196681;13067.0
8273;MSTS;QPLIB_5881.qs;83;72;13067.0;13067.0;0.127657;10.324338000000001;13067.0
8274;MSTS;QPLIB_5881.qs;83;73;13067.0;13067.0;0.132441;10.456779;13067.0
8275;MSTS;QPLIB_5881.qs;83;74;13067.0;13067.0;0.121498;10.578277;13067.0
8276;MSTS;QPLIB_5881.qs;83;75;13067.0;13067.0;0.157248;10.735525;13067.0
8277;MSTS;QPLIB_5881.qs;83;76;13067.0;13067.0;0.128003;10.863528;13067.0
8278;MSTS;QPLIB_5881.qs;83;77;13067.0;13067.0;0.121352;10.98488;13067.0
8279;MSTS;QPLIB_5881.qs;83;78;13067.0;13067.0;0.118485;11.103365;13067.0
8280;MSTS;QPLIB_5881.qs;83;79;13067.0;13067.0;0.116412;11.219777;13067.0
8281;MSTS;QPLIB_5881.qs;83;80;13067.0;13067.0;0.136028;11.355805;13067.0
8282;MSTS;QPLIB_5881.qs;83;81;13067.0;13067.0;0.170919;11.526724;13067.0
8283;MSTS;QPLIB_5881.qs;83;82;13067.0;13067.0;0.14743;11.674154;13067.0
8284;MSTS;QPLIB_5881.qs;83;83;13067.0;13067.0;0.156593;11.830747;13067.0
8285;MSTS;QPLIB_5881.qs;83;84;13060.0;13067.0;0.144071;11.974818;13067.0
8286;MSTS;QPLIB_5881.qs;83;85;13067.0;13067.0;0.115663;12.090481;13067.0
8287;MSTS;QPLIB_5881.qs;83;86;13067.0;13067.0;0.122769;12.21325;13067.0
8288;MSTS;QPLIB_5881.qs;83;87;13067.0;13067.0;0.115834;12.329084;13067.0
8289;MSTS;QPLIB_5881.qs;83;88;13067.0;13067.0;0.11955;12.448634;13067.0
8290;MSTS;QPLIB_5881.qs;83;89;13067.0;13067.0;0.137269;12.585903;13067.0
8291;MSTS;QPLIB_5881.qs;83;90;13067.0;13067.0;0.138142;12.724045;13067.0
8292;MSTS;QPLIB_5881.qs;83;91;13067.0;13067.0;0.120891;12.844936;13067.0
8293;MSTS;QPLIB_5881.qs;83;92;13067.0;13067.0;0.129822;12.974758;13067.0
8294;MSTS;QPLIB_5881.qs;83;93;13067.0;13067.0;0.145934;13.120692;13067.0
8295;MSTS;QPLIB_5881.qs;83;94;13067.0;13067.0;0.160319;13.281011;13067.0
8296;MSTS;QPLIB_5881.qs;83;95;13067.0;13067.0;0.193989;13.475;13067.0
8297;MSTS;QPLIB_5881.qs;83;96;13067.0;13067.0;0.158812;13.633812;13067.0
8298;MSTS;QPLIB_5881.qs;83;97;13067.0;13067.0;0.120926;13.754738;13067.0
8299;MSTS;QPLIB_5881.qs;83;98;13067.0;13067.0;0.176872;13.93161;13067.0
8300;MSTS;QPLIB_5881.qs;83;99;13067.0;13067.0;0.139241;14.070851;13067.0
8301;MSTS;QPLIB_5881.qs;83;100;13067.0;13067.0;0.178654;14.249505;13067.0
8302;MSTS;QPLIB_5881.qs;84;1;13067.0;13067.0;0.286059;0.286059;13067.0
8303;MSTS;QPLIB_5881.qs;84;2;13067.0;13067.0;0.141603;0.427662;13067.0
8304;MSTS;QPLIB_5881.qs;84;3;13067.0;13067.0;0.142561;0.570223;13067.0
8305;MSTS;QPLIB_5881.qs;84;4;13067.0;13067.0;0.122068;0.692291;13067.0
8306;MSTS;QPLIB_5881.qs;84;5;13067.0;13067.0;0.124127;0.816418;13067.0
8307;MSTS;QPLIB_5881.qs;84;6;13067.0;13067.0;0.130058;0.946476;13067.0
8308;MSTS;QPLIB_5881.qs;84;7;13067.0;13067.0;0.123276;1.069752;13067.0
8309;MSTS;QPLIB_5881.qs;84;8;13067.0;13067.0;0.18741;1.2571620000000001;13067.0
8310;MSTS;QPLIB_5881.qs;84;9;13067.0;13067.0;0.135841;1.393003;13067.0
8311;MSTS;QPLIB_5881.qs;84;10;13067.0;13067.0;0.139784;1.532787;13067.0
8312;MSTS;QPLIB_5881.qs;84;11;13067.0;13067.0;0.153134;1.685921;13067.0
8313;MSTS;QPLIB_5881.qs;84;12;13067.0;13067.0;0.128271;1.814192;13067.0
8314;MSTS;QPLIB_5881.qs;84;13;13051.0;13067.0;0.120028;1.93422;13067.0
8315;MSTS;QPLIB_5881.qs;84;14;13067.0;13067.0;0.177565;2.111785;13067.0
8316;MSTS;QPLIB_5881.qs;84;15;13067.0;13067.0;0.176755;2.28854;13067.0
8317;MSTS;QPLIB_5881.qs;84;16;13051.0;13067.0;0.119764;2.408304;13067.0
8318;MSTS;QPLIB_5881.qs;84;17;13067.0;13067.0;0.121439;2.529743;13067.0
8319;MSTS;QPLIB_5881.qs;84;18;13067.0;13067.0;0.136689;2.666432;13067.0
8320;MSTS;QPLIB_5881.qs;84;19;13067.0;13067.0;0.136804;2.803236;13067.0
8321;MSTS;QPLIB_5881.qs;84;20;13067.0;13067.0;0.135512;2.938748;13067.0
8322;MSTS;QPLIB_5881.qs;84;21;13067.0;13067.0;0.126003;3.064751;13067.0
8323;MSTS;QPLIB_5881.qs;84;22;13067.0;13067.0;0.133492;3.198243;13067.0
8324;MSTS;QPLIB_5881.qs;84;23;13067.0;13067.0;0.171894;3.370137;13067.0
8325;MSTS;QPLIB_5881.qs;84;24;13067.0;13067.0;0.149957;3.520094;13067.0
8326;MSTS;QPLIB_5881.qs;84;25;13067.0;13067.0;0.136176;3.65627;13067.0
8327;MSTS;QPLIB_5881.qs;84;26;13067.0;13067.0;0.139708;3.795978;13067.0
8328;MSTS;QPLIB_5881.qs;84;27;13067.0;13067.0;0.123002;3.91898;13067.0
8329;MSTS;QPLIB_5881.qs;84;28;13067.0;13067.0;0.184223;4.103203;13067.0
8330;MSTS;QPLIB_5881.qs;84;29;13067.0;13067.0;0.131013;4.234216;13067.0
8331;MSTS;QPLIB_5881.qs;84;30;13067.0;13067.0;0.167974;4.40219;13067.0
8332;MSTS;QPLIB_5881.qs;84;31;13067.0;13067.0;0.124282;4.526472;13067.0
8333;MSTS;QPLIB_5881.qs;84;32;13067.0;13067.0;0.138151;4.664623;13067.0
8334;MSTS;QPLIB_5881.qs;84;33;13067.0;13067.0;0.149465;4.814088;13067.0
8335;MSTS;QPLIB_5881.qs;84;34;13067.0;13067.0;0.182678;4.996766;13067.0
8336;MSTS;QPLIB_5881.qs;84;35;13067.0;13067.0;0.124928;5.121694;13067.0
8337;MSTS;QPLIB_5881.qs;84;36;13067.0;13067.0;0.145176;5.26687;13067.0
8338;MSTS;QPLIB_5881.qs;84;37;13051.0;13067.0;0.119962;5.386832;13067.0
8339;MSTS;QPLIB_5881.qs;84;38;13067.0;13067.0;0.210618;5.59745;13067.0
8340;MSTS;QPLIB_5881.qs;84;39;13067.0;13067.0;0.119327;5.7167769999999996;13067.0
8341;MSTS;QPLIB_5881.qs;84;40;13067.0;13067.0;0.1583;5.875077;13067.0
8342;MSTS;QPLIB_5881.qs;84;41;13067.0;13067.0;0.129326;6.004403;13067.0
8343;MSTS;QPLIB_5881.qs;84;42;13067.0;13067.0;0.132047;6.13645;13067.0
8344;MSTS;QPLIB_5881.qs;84;43;13067.0;13067.0;0.134977;6.271427;13067.0
8345;MSTS;QPLIB_5881.qs;84;44;13051.0;13067.0;0.117117;6.388544;13067.0
8346;MSTS;QPLIB_5881.qs;84;45;13067.0;13067.0;0.120598;6.509142;13067.0
8347;MSTS;QPLIB_5881.qs;84;46;13067.0;13067.0;0.148643;6.657785;13067.0
8348;MSTS;QPLIB_5881.qs;84;47;13067.0;13067.0;0.123997;6.781782;13067.0
8349;MSTS;QPLIB_5881.qs;84;48;13067.0;13067.0;0.161656;6.9434379999999996;13067.0
8350;MSTS;QPLIB_5881.qs;84;49;13067.0;13067.0;0.125839;7.069277;13067.0
8351;MSTS;QPLIB_5881.qs;84;50;13067.0;13067.0;0.1494;7.218677;13067.0
8352;MSTS;QPLIB_5881.qs;84;51;13067.0;13067.0;0.210914;7.429591;13067.0
8353;MSTS;QPLIB_5881.qs;84;52;13067.0;13067.0;0.128474;7.558065;13067.0
8354;MSTS;QPLIB_5881.qs;84;53;13051.0;13067.0;0.115642;7.673707;13067.0
8355;MSTS;QPLIB_5881.qs;84;54;13067.0;13067.0;0.14311;7.816817;13067.0
8356;MSTS;QPLIB_5881.qs;84;55;13067.0;13067.0;0.124953;7.94177;13067.0
8357;MSTS;QPLIB_5881.qs;84;56;13067.0;13067.0;0.142888;8.084658;13067.0
8358;MSTS;QPLIB_5881.qs;84;57;13067.0;13067.0;0.144652;8.22931;13067.0
8359;MSTS;QPLIB_5881.qs;84;58;13067.0;13067.0;0.160879;8.390189;13067.0
8360;MSTS;QPLIB_5881.qs;84;59;13067.0;13067.0;0.178934;8.569123;13067.0
8361;MSTS;QPLIB_5881.qs;84;60;13067.0;13067.0;0.119275;8.688398;13067.0
8362;MSTS;QPLIB_5881.qs;84;61;13067.0;13067.0;0.143527;8.831925;13067.0
8363;MSTS;QPLIB_5881.qs;84;62;13067.0;13067.0;0.175218;9.007143;13067.0
8364;MSTS;QPLIB_5881.qs;84;63;13067.0;13067.0;0.167121;9.174263999999999;13067.0
8365;MSTS;QPLIB_5881.qs;84;64;13067.0;13067.0;0.148412;9.322676;13067.0
8366;MSTS;QPLIB_5881.qs;84;65;13067.0;13067.0;0.128376;9.451052;13067.0
8367;MSTS;QPLIB_5881.qs;84;66;13051.0;13067.0;0.119689;9.570741;13067.0
8368;MSTS;QPLIB_5881.qs;84;67;13067.0;13067.0;0.121077;9.691818;13067.0
8369;MSTS;QPLIB_5881.qs;84;68;13067.0;13067.0;0.14622;9.838038;13067.0
8370;MSTS;QPLIB_5881.qs;84;69;13067.0;13067.0;0.151908;9.989946;13067.0
8371;MSTS;QPLIB_5881.qs;84;70;13067.0;13067.0;0.199485;10.189430999999999;13067.0
8372;MSTS;QPLIB_5881.qs;84;71;13067.0;13067.0;0.130396;10.319827;13067.0
8373;MSTS;QPLIB_5881.qs;84;72;13067.0;13067.0;0.175966;10.495792999999999;13067.0
8374;MSTS;QPLIB_5881.qs;84;73;13067.0;13067.0;0.13061;10.626403;13067.0
8375;MSTS;QPLIB_5881.qs;84;74;13067.0;13067.0;0.141814;10.768217;13067.0
8376;MSTS;QPLIB_5881.qs;84;75;13067.0;13067.0;0.200764;10.968981;13067.0
8377;MSTS;QPLIB_5881.qs;84;76;13051.0;13067.0;0.117223;11.086204;13067.0
8378;MSTS;QPLIB_5881.qs;84;77;13067.0;13067.0;0.234434;11.320638;13067.0
8379;MSTS;QPLIB_5881.qs;84;78;13067.0;13067.0;0.139889;11.460526999999999;13067.0
8380;MSTS;QPLIB_5881.qs;84;79;13067.0;13067.0;0.12765;11.588177;13067.0
8381;MSTS;QPLIB_5881.qs;84;80;13067.0;13067.0;0.126829;11.715006;13067.0
8382;MSTS;QPLIB_5881.qs;84;81;13067.0;13067.0;0.199473;11.914479;13067.0
8383;MSTS;QPLIB_5881.qs;84;82;13067.0;13067.0;0.15529;12.069768999999999;13067.0
8384;MSTS;QPLIB_5881.qs;84;83;13051.0;13067.0;0.117142;12.186911;13067.0
8385;MSTS;QPLIB_5881.qs;84;84;13067.0;13067.0;0.120073;12.306984;13067.0
8386;MSTS;QPLIB_5881.qs;84;85;13067.0;13067.0;0.128002;12.434986;13067.0
8387;MSTS;QPLIB_5881.qs;84;86;13067.0;13067.0;0.146222;12.581208;13067.0
8388;MSTS;QPLIB_5881.qs;84;87;13067.0;13067.0;0.143205;12.724413;13067.0
8389;MSTS;QPLIB_5881.qs;84;88;13067.0;13067.0;0.142745;12.867158;13067.0
8390;MSTS;QPLIB_5881.qs;84;89;13067.0;13067.0;0.132902;13.00006;13067.0
8391;MSTS;QPLIB_5881.qs;84;90;13067.0;13067.0;0.141242;13.141302;13067.0
8392;MSTS;QPLIB_5881.qs;84;91;13051.0;13067.0;0.116183;13.257484999999999;13067.0
8393;MSTS;QPLIB_5881.qs;84;92;13060.0;13067.0;0.124397;13.381882;13067.0
8394;MSTS;QPLIB_5881.qs;84;93;13067.0;13067.0;0.119445;13.501327;13067.0
8395;MSTS;QPLIB_5881.qs;84;94;13067.0;13067.0;0.155458;13.656785;13067.0
8396;MSTS;QPLIB_5881.qs;84;95;13051.0;13067.0;0.118338;13.775123;13067.0
8397;MSTS;QPLIB_5881.qs;84;96;13060.0;13067.0;0.114808;13.889931;13067.0
8398;MSTS;QPLIB_5881.qs;84;97;13067.0;13067.0;0.115919;14.00585;13067.0
8399;MSTS;QPLIB_5881.qs;84;98;13067.0;13067.0;0.135764;14.141614;13067.0
8400;MSTS;QPLIB_5881.qs;84;99;13067.0;13067.0;0.127553;14.269167;13067.0
8401;MSTS;QPLIB_5881.qs;84;100;13067.0;13067.0;0.176522;14.445689;13067.0
8402;MSTS;QPLIB_5881.qs;85;1;13067.0;13067.0;0.263196;0.263196;13067.0
8403;MSTS;QPLIB_5881.qs;85;2;13067.0;13067.0;0.144559;0.407755;13067.0
8404;MSTS;QPLIB_5881.qs;85;3;13067.0;13067.0;0.124072;0.5318269999999999;13067.0
8405;MSTS;QPLIB_5881.qs;85;4;13067.0;13067.0;0.167633;0.69946;13067.0
8406;MSTS;QPLIB_5881.qs;85;5;13067.0;13067.0;0.112255;0.811715;13067.0
8407;MSTS;QPLIB_5881.qs;85;6;13067.0;13067.0;0.132305;0.94402;13067.0
8408;MSTS;QPLIB_5881.qs;85;7;13067.0;13067.0;0.149472;1.093492;13067.0
8409;MSTS;QPLIB_5881.qs;85;8;13067.0;13067.0;0.155342;1.248834;13067.0
8410;MSTS;QPLIB_5881.qs;85;9;13067.0;13067.0;0.164792;1.413626;13067.0
8411;MSTS;QPLIB_5881.qs;85;10;13067.0;13067.0;0.130019;1.543645;13067.0
8412;MSTS;QPLIB_5881.qs;85;11;13067.0;13067.0;0.180984;1.724629;13067.0
8413;MSTS;QPLIB_5881.qs;85;12;13051.0;13067.0;0.113577;1.838206;13067.0
8414;MSTS;QPLIB_5881.qs;85;13;13067.0;13067.0;0.113957;1.9521629999999999;13067.0
8415;MSTS;QPLIB_5881.qs;85;14;13067.0;13067.0;0.16209;2.114253;13067.0
8416;MSTS;QPLIB_5881.qs;85;15;13067.0;13067.0;0.129741;2.243994;13067.0
8417;MSTS;QPLIB_5881.qs;85;16;13067.0;13067.0;0.13424;2.378234;13067.0
8418;MSTS;QPLIB_5881.qs;85;17;13067.0;13067.0;0.148043;2.526277;13067.0
8419;MSTS;QPLIB_5881.qs;85;18;13067.0;13067.0;0.138173;2.66445;13067.0
8420;MSTS;QPLIB_5881.qs;85;19;13067.0;13067.0;0.18634;2.85079;13067.0
8421;MSTS;QPLIB_5881.qs;85;20;13067.0;13067.0;0.136688;2.987478;13067.0
8422;MSTS;QPLIB_5881.qs;85;21;13067.0;13067.0;0.145161;3.132639;13067.0
8423;MSTS;QPLIB_5881.qs;85;22;13051.0;13067.0;0.116138;3.248777;13067.0
8424;MSTS;QPLIB_5881.qs;85;23;13067.0;13067.0;0.114492;3.363269;13067.0
8425;MSTS;QPLIB_5881.qs;85;24;13067.0;13067.0;0.152589;3.515858;13067.0
8426;MSTS;QPLIB_5881.qs;85;25;13067.0;13067.0;0.131984;3.647842;13067.0
8427;MSTS;QPLIB_5881.qs;85;26;13067.0;13067.0;0.131461;3.779303;13067.0
8428;MSTS;QPLIB_5881.qs;85;27;13067.0;13067.0;0.117744;3.897047;13067.0
8429;MSTS;QPLIB_5881.qs;85;28;13067.0;13067.0;0.117418;4.014465;13067.0
8430;MSTS;QPLIB_5881.qs;85;29;13060.0;13067.0;0.17509;4.189555;13067.0
8431;MSTS;QPLIB_5881.qs;85;30;13067.0;13067.0;0.115732;4.305287;13067.0
8432;MSTS;QPLIB_5881.qs;85;31;13067.0;13067.0;0.14814;4.453427;13067.0
8433;MSTS;QPLIB_5881.qs;85;32;13067.0;13067.0;0.118998;4.572425;13067.0
8434;MSTS;QPLIB_5881.qs;85;33;13067.0;13067.0;0.145648;4.718073;13067.0
8435;MSTS;QPLIB_5881.qs;85;34;13067.0;13067.0;0.133386;4.851459;13067.0
8436;MSTS;QPLIB_5881.qs;85;35;13067.0;13067.0;0.130779;4.982238;13067.0
8437;MSTS;QPLIB_5881.qs;85;36;13067.0;13067.0;0.157743;5.139981;13067.0
8438;MSTS;QPLIB_5881.qs;85;37;13051.0;13067.0;0.117779;5.25776;13067.0
8439;MSTS;QPLIB_5881.qs;85;38;13067.0;13067.0;0.178513;5.436273;13067.0
8440;MSTS;QPLIB_5881.qs;85;39;13067.0;13067.0;0.1552;5.591473;13067.0
8441;MSTS;QPLIB_5881.qs;85;40;13067.0;13067.0;0.131139;5.722612;13067.0
8442;MSTS;QPLIB_5881.qs;85;41;13067.0;13067.0;0.133453;5.856065;13067.0
8443;MSTS;QPLIB_5881.qs;85;42;13067.0;13067.0;0.178946;6.035011;13067.0
8444;MSTS;QPLIB_5881.qs;85;43;13067.0;13067.0;0.170505;6.205516;13067.0
8445;MSTS;QPLIB_5881.qs;85;44;13067.0;13067.0;0.146745;6.352261;13067.0
8446;MSTS;QPLIB_5881.qs;85;45;13067.0;13067.0;0.144952;6.497213;13067.0
8447;MSTS;QPLIB_5881.qs;85;46;13067.0;13067.0;0.128437;6.62565;13067.0
8448;MSTS;QPLIB_5881.qs;85;47;13067.0;13067.0;0.194535;6.820185;13067.0
8449;MSTS;QPLIB_5881.qs;85;48;13067.0;13067.0;0.126311;6.946496;13067.0
8450;MSTS;QPLIB_5881.qs;85;49;13067.0;13067.0;0.165678;7.1121739999999996;13067.0
8451;MSTS;QPLIB_5881.qs;85;50;13067.0;13067.0;0.123412;7.235586;13067.0
8452;MSTS;QPLIB_5881.qs;85;51;13067.0;13067.0;0.180003;7.415589;13067.0
8453;MSTS;QPLIB_5881.qs;85;52;13067.0;13067.0;0.214493;7.630082;13067.0
8454;MSTS;QPLIB_5881.qs;85;53;13060.0;13067.0;0.156297;7.786379;13067.0
8455;MSTS;QPLIB_5881.qs;85;54;13067.0;13067.0;0.114149;7.9005279999999996;13067.0
8456;MSTS;QPLIB_5881.qs;85;55;13067.0;13067.0;0.122965;8.023493;13067.0
8457;MSTS;QPLIB_5881.qs;85;56;13051.0;13067.0;0.115489;8.138982;13067.0
8458;MSTS;QPLIB_5881.qs;85;57;13060.0;13067.0;0.133611;8.272593;13067.0
8459;MSTS;QPLIB_5881.qs;85;58;13067.0;13067.0;0.112574;8.385167;13067.0
8460;MSTS;QPLIB_5881.qs;85;59;13067.0;13067.0;0.132687;8.517854;13067.0
8461;MSTS;QPLIB_5881.qs;85;60;13067.0;13067.0;0.151739;8.669593;13067.0
8462;MSTS;QPLIB_5881.qs;85;61;13067.0;13067.0;0.15764;8.827233;13067.0
8463;MSTS;QPLIB_5881.qs;85;62;13067.0;13067.0;0.11976;8.946992999999999;13067.0
8464;MSTS;QPLIB_5881.qs;85;63;13067.0;13067.0;0.159306;9.106299;13067.0
8465;MSTS;QPLIB_5881.qs;85;64;13067.0;13067.0;0.195018;9.301317;13067.0
8466;MSTS;QPLIB_5881.qs;85;65;13067.0;13067.0;0.162069;9.463386;13067.0
8467;MSTS;QPLIB_5881.qs;85;66;13067.0;13067.0;0.132283;9.595669;13067.0
8468;MSTS;QPLIB_5881.qs;85;67;13067.0;13067.0;0.118627;9.714296;13067.0
8469;MSTS;QPLIB_5881.qs;85;68;13067.0;13067.0;0.126863;9.841159;13067.0
8470;MSTS;QPLIB_5881.qs;85;69;13051.0;13067.0;0.113496;9.954655;13067.0
8471;MSTS;QPLIB_5881.qs;85;70;13067.0;13067.0;0.115889;10.070544;13067.0
8472;MSTS;QPLIB_5881.qs;85;71;13051.0;13067.0;0.117981;10.188525;13067.0
8473;MSTS;QPLIB_5881.qs;85;72;13067.0;13067.0;0.114091;10.302616;13067.0
8474;MSTS;QPLIB_5881.qs;85;73;13067.0;13067.0;0.124736;10.427351999999999;13067.0
8475;MSTS;QPLIB_5881.qs;85;74;13067.0;13067.0;0.153302;10.580654;13067.0
8476;MSTS;QPLIB_5881.qs;85;75;13067.0;13067.0;0.116217;10.696871;13067.0
8477;MSTS;QPLIB_5881.qs;85;76;13067.0;13067.0;0.120921;10.817792;13067.0
8478;MSTS;QPLIB_5881.qs;85;77;13051.0;13067.0;0.113455;10.931247;13067.0
8479;MSTS;QPLIB_5881.qs;85;78;13067.0;13067.0;0.11791;11.049157;13067.0
8480;MSTS;QPLIB_5881.qs;85;79;13067.0;13067.0;0.125108;11.174265;13067.0
8481;MSTS;QPLIB_5881.qs;85;80;13067.0;13067.0;0.124446;11.298711;13067.0
8482;MSTS;QPLIB_5881.qs;85;81;13067.0;13067.0;0.145355;11.444066;13067.0
8483;MSTS;QPLIB_5881.qs;85;82;13067.0;13067.0;0.119827;11.563893;13067.0
8484;MSTS;QPLIB_5881.qs;85;83;13067.0;13067.0;0.127046;11.690939;13067.0
8485;MSTS;QPLIB_5881.qs;85;84;13067.0;13067.0;0.117919;11.808858;13067.0
8486;MSTS;QPLIB_5881.qs;85;85;13067.0;13067.0;0.120745;11.929603;13067.0
8487;MSTS;QPLIB_5881.qs;85;86;13067.0;13067.0;0.122932;12.052535;13067.0
8488;MSTS;QPLIB_5881.qs;85;87;13067.0;13067.0;0.164106;12.216641;13067.0
8489;MSTS;QPLIB_5881.qs;85;88;13067.0;13067.0;0.150982;12.367623;13067.0
8490;MSTS;QPLIB_5881.qs;85;89;13067.0;13067.0;0.14224;12.509863;13067.0
8491;MSTS;QPLIB_5881.qs;85;90;13067.0;13067.0;0.137616;12.647479;13067.0
8492;MSTS;QPLIB_5881.qs;85;91;13051.0;13067.0;0.117055;12.764534;13067.0
8493;MSTS;QPLIB_5881.qs;85;92;13067.0;13067.0;0.112955;12.877489;13067.0
8494;MSTS;QPLIB_5881.qs;85;93;13067.0;13067.0;0.122568;13.000057;13067.0
8495;MSTS;QPLIB_5881.qs;85;94;13067.0;13067.0;0.160461;13.160518;13067.0
8496;MSTS;QPLIB_5881.qs;85;95;13067.0;13067.0;0.130774;13.291292;13067.0
8497;MSTS;QPLIB_5881.qs;85;96;13067.0;13067.0;0.179012;13.470304;13067.0
8498;MSTS;QPLIB_5881.qs;85;97;13067.0;13067.0;0.179354;13.649658;13067.0
8499;MSTS;QPLIB_5881.qs;85;98;13067.0;13067.0;0.12828;13.777938;13067.0
8500;MSTS;QPLIB_5881.qs;85;99;13067.0;13067.0;0.132969;13.910907;13067.0
8501;MSTS;QPLIB_5881.qs;85;100;13067.0;13067.0;0.126736;14.037643;13067.0
8502;MSTS;QPLIB_5881.qs;86;1;13067.0;13067.0;0.335259;0.335259;13067.0
8503;MSTS;QPLIB_5881.qs;86;2;13067.0;13067.0;0.143151;0.47841;13067.0
8504;MSTS;QPLIB_5881.qs;86;3;13067.0;13067.0;0.119121;0.597531;13067.0
8505;MSTS;QPLIB_5881.qs;86;4;13067.0;13067.0;0.130628;0.728159;13067.0
8506;MSTS;QPLIB_5881.qs;86;5;13067.0;13067.0;0.208188;0.936347;13067.0
8507;MSTS;QPLIB_5881.qs;86;6;13051.0;13067.0;0.111834;1.048181;13067.0
8508;MSTS;QPLIB_5881.qs;86;7;13067.0;13067.0;0.124887;1.173068;13067.0
8509;MSTS;QPLIB_5881.qs;86;8;13067.0;13067.0;0.128629;1.3016969999999999;13067.0
8510;MSTS;QPLIB_5881.qs;86;9;13067.0;13067.0;0.199314;1.501011;13067.0
8511;MSTS;QPLIB_5881.qs;86;10;13067.0;13067.0;0.145942;1.646953;13067.0
8512;MSTS;QPLIB_5881.qs;86;11;13067.0;13067.0;0.204134;1.851087;13067.0
8513;MSTS;QPLIB_5881.qs;86;12;13067.0;13067.0;0.12404;1.975127;13067.0
8514;MSTS;QPLIB_5881.qs;86;13;13067.0;13067.0;0.119738;2.094865;13067.0
8515;MSTS;QPLIB_5881.qs;86;14;13067.0;13067.0;0.116878;2.211743;13067.0
8516;MSTS;QPLIB_5881.qs;86;15;13067.0;13067.0;0.122931;2.334674;13067.0
8517;MSTS;QPLIB_5881.qs;86;16;13067.0;13067.0;0.140454;2.4751279999999998;13067.0
8518;MSTS;QPLIB_5881.qs;86;17;13067.0;13067.0;0.119908;2.595036;13067.0
8519;MSTS;QPLIB_5881.qs;86;18;13067.0;13067.0;0.129709;2.724745;13067.0
8520;MSTS;QPLIB_5881.qs;86;19;13067.0;13067.0;0.153285;2.87803;13067.0
8521;MSTS;QPLIB_5881.qs;86;20;13067.0;13067.0;0.133251;3.011281;13067.0
8522;MSTS;QPLIB_5881.qs;86;21;13067.0;13067.0;0.17151;3.182791;13067.0
8523;MSTS;QPLIB_5881.qs;86;22;13067.0;13067.0;0.121842;3.304633;13067.0
8524;MSTS;QPLIB_5881.qs;86;23;13067.0;13067.0;0.119446;3.424079;13067.0
8525;MSTS;QPLIB_5881.qs;86;24;13067.0;13067.0;0.175167;3.599246;13067.0
8526;MSTS;QPLIB_5881.qs;86;25;13067.0;13067.0;0.174369;3.773615;13067.0
8527;MSTS;QPLIB_5881.qs;86;26;13067.0;13067.0;0.149234;3.922849;13067.0
8528;MSTS;QPLIB_5881.qs;86;27;13051.0;13067.0;0.112401;4.03525;13067.0
8529;MSTS;QPLIB_5881.qs;86;28;13067.0;13067.0;0.115685;4.150935;13067.0
8530;MSTS;QPLIB_5881.qs;86;29;13067.0;13067.0;0.13377;4.284705;13067.0
8531;MSTS;QPLIB_5881.qs;86;30;13067.0;13067.0;0.126462;4.411167;13067.0
8532;MSTS;QPLIB_5881.qs;86;31;13067.0;13067.0;0.143702;4.554869;13067.0
8533;MSTS;QPLIB_5881.qs;86;32;13067.0;13067.0;0.18119;4.736059;13067.0
8534;MSTS;QPLIB_5881.qs;86;33;13067.0;13067.0;0.146096;4.882155;13067.0
8535;MSTS;QPLIB_5881.qs;86;34;13067.0;13067.0;0.136343;5.018498;13067.0
8536;MSTS;QPLIB_5881.qs;86;35;13051.0;13067.0;0.11545;5.133948;13067.0
8537;MSTS;QPLIB_5881.qs;86;36;13067.0;13067.0;0.122094;5.256042;13067.0
8538;MSTS;QPLIB_5881.qs;86;37;13067.0;13067.0;0.115457;5.371499;13067.0
8539;MSTS;QPLIB_5881.qs;86;38;13051.0;13067.0;0.117598;5.489097;13067.0
8540;MSTS;QPLIB_5881.qs;86;39;13067.0;13067.0;0.133894;5.622991;13067.0
8541;MSTS;QPLIB_5881.qs;86;40;13067.0;13067.0;0.129677;5.752668;13067.0
8542;MSTS;QPLIB_5881.qs;86;41;13067.0;13067.0;0.139485;5.8921529999999995;13067.0
8543;MSTS;QPLIB_5881.qs;86;42;13067.0;13067.0;0.121236;6.013389;13067.0
8544;MSTS;QPLIB_5881.qs;86;43;13067.0;13067.0;0.187431;6.20082;13067.0
8545;MSTS;QPLIB_5881.qs;86;44;13067.0;13067.0;0.128586;6.329406;13067.0
8546;MSTS;QPLIB_5881.qs;86;45;13067.0;13067.0;0.115751;6.445157;13067.0
8547;MSTS;QPLIB_5881.qs;86;46;13051.0;13067.0;0.113384;6.558541;13067.0
8548;MSTS;QPLIB_5881.qs;86;47;13067.0;13067.0;0.120034;6.678575;13067.0
8549;MSTS;QPLIB_5881.qs;86;48;13067.0;13067.0;0.212437;6.891012;13067.0
8550;MSTS;QPLIB_5881.qs;86;49;13067.0;13067.0;0.130476;7.021488;13067.0
8551;MSTS;QPLIB_5881.qs;86;50;13067.0;13067.0;0.125775;7.147263;13067.0
8552;MSTS;QPLIB_5881.qs;86;51;13067.0;13067.0;0.153527;7.30079;13067.0
8553;MSTS;QPLIB_5881.qs;86;52;13067.0;13067.0;0.165844;7.466634;13067.0
8554;MSTS;QPLIB_5881.qs;86;53;13067.0;13067.0;0.201009;7.667643;13067.0
8555;MSTS;QPLIB_5881.qs;86;54;13067.0;13067.0;0.138222;7.805865;13067.0
8556;MSTS;QPLIB_5881.qs;86;55;13067.0;13067.0;0.114596;7.9204609999999995;13067.0
8557;MSTS;QPLIB_5881.qs;86;56;13067.0;13067.0;0.119535;8.039996;13067.0
8558;MSTS;QPLIB_5881.qs;86;57;13067.0;13067.0;0.12715;8.167146;13067.0
8559;MSTS;QPLIB_5881.qs;86;58;13067.0;13067.0;0.21019;8.377336;13067.0
8560;MSTS;QPLIB_5881.qs;86;59;13067.0;13067.0;0.146401;8.523737;13067.0
8561;MSTS;QPLIB_5881.qs;86;60;13067.0;13067.0;0.163241;8.686978;13067.0
8562;MSTS;QPLIB_5881.qs;86;61;13067.0;13067.0;0.120105;8.807083;13067.0
8563;MSTS;QPLIB_5881.qs;86;62;13067.0;13067.0;0.185836;8.992919;13067.0
8564;MSTS;QPLIB_5881.qs;86;63;13060.0;13067.0;0.152373;9.145292;13067.0
8565;MSTS;QPLIB_5881.qs;86;64;13067.0;13067.0;0.112811;9.258103;13067.0
8566;MSTS;QPLIB_5881.qs;86;65;13067.0;13067.0;0.121251;9.379354;13067.0
8567;MSTS;QPLIB_5881.qs;86;66;13067.0;13067.0;0.115421;9.494775;13067.0
8568;MSTS;QPLIB_5881.qs;86;67;13067.0;13067.0;0.145745;9.64052;13067.0
8569;MSTS;QPLIB_5881.qs;86;68;13067.0;13067.0;0.135126;9.775646;13067.0
8570;MSTS;QPLIB_5881.qs;86;69;13067.0;13067.0;0.137295;9.912941;13067.0
8571;MSTS;QPLIB_5881.qs;86;70;13067.0;13067.0;0.132737;10.045678;13067.0
8572;MSTS;QPLIB_5881.qs;86;71;13067.0;13067.0;0.127127;10.172805;13067.0
8573;MSTS;QPLIB_5881.qs;86;72;13067.0;13067.0;0.150309;10.323114;13067.0
8574;MSTS;QPLIB_5881.qs;86;73;13067.0;13067.0;0.129531;10.452645;13067.0
8575;MSTS;QPLIB_5881.qs;86;74;13067.0;13067.0;0.11885;10.571495;13067.0
8576;MSTS;QPLIB_5881.qs;86;75;13067.0;13067.0;0.17327;10.744765;13067.0
8577;MSTS;QPLIB_5881.qs;86;76;13051.0;13067.0;0.113412;10.858177;13067.0
8578;MSTS;QPLIB_5881.qs;86;77;13067.0;13067.0;0.116948;10.975125;13067.0
8579;MSTS;QPLIB_5881.qs;86;78;13067.0;13067.0;0.122001;11.097126;13067.0
8580;MSTS;QPLIB_5881.qs;86;79;13067.0;13067.0;0.125229;11.222355;13067.0
8581;MSTS;QPLIB_5881.qs;86;80;13060.0;13067.0;0.1909;11.413255;13067.0
8582;MSTS;QPLIB_5881.qs;86;81;13067.0;13067.0;0.11129;11.524545;13067.0
8583;MSTS;QPLIB_5881.qs;86;82;13067.0;13067.0;0.140377;11.664922;13067.0
8584;MSTS;QPLIB_5881.qs;86;83;13067.0;13067.0;0.131789;11.796711;13067.0
8585;MSTS;QPLIB_5881.qs;86;84;13067.0;13067.0;0.197187;11.993898;13067.0
8586;MSTS;QPLIB_5881.qs;86;85;13067.0;13067.0;0.117213;12.111111;13067.0
8587;MSTS;QPLIB_5881.qs;86;86;13067.0;13067.0;0.120447;12.231558;13067.0
8588;MSTS;QPLIB_5881.qs;86;87;13067.0;13067.0;0.122132;12.35369;13067.0
8589;MSTS;QPLIB_5881.qs;86;88;13067.0;13067.0;0.118061;12.471751;13067.0
8590;MSTS;QPLIB_5881.qs;86;89;13067.0;13067.0;0.143517;12.615268;13067.0
8591;MSTS;QPLIB_5881.qs;86;90;13067.0;13067.0;0.214537;12.829805;13067.0
8592;MSTS;QPLIB_5881.qs;86;91;13060.0;13067.0;0.113866;12.943671;13067.0
8593;MSTS;QPLIB_5881.qs;86;92;13067.0;13067.0;0.113172;13.056843;13067.0
8594;MSTS;QPLIB_5881.qs;86;93;13067.0;13067.0;0.120716;13.177559;13067.0
8595;MSTS;QPLIB_5881.qs;86;94;13067.0;13067.0;0.118967;13.296526;13067.0
8596;MSTS;QPLIB_5881.qs;86;95;13067.0;13067.0;0.174655;13.471181;13067.0
8597;MSTS;QPLIB_5881.qs;86;96;13067.0;13067.0;0.116565;13.587746;13067.0
8598;MSTS;QPLIB_5881.qs;86;97;13067.0;13067.0;0.137177;13.724923;13067.0
8599;MSTS;QPLIB_5881.qs;86;98;13067.0;13067.0;0.150573;13.875496;13067.0
8600;MSTS;QPLIB_5881.qs;86;99;13067.0;13067.0;0.128472;14.003968;13067.0
8601;MSTS;QPLIB_5881.qs;86;100;13067.0;13067.0;0.18194;14.185908;13067.0
8602;MSTS;QPLIB_5881.qs;87;1;13067.0;13067.0;0.213917;0.213917;13067.0
8603;MSTS;QPLIB_5881.qs;87;2;13067.0;13067.0;0.125448;0.339365;13067.0
8604;MSTS;QPLIB_5881.qs;87;3;13067.0;13067.0;0.138684;0.478049;13067.0
8605;MSTS;QPLIB_5881.qs;87;4;13067.0;13067.0;0.166235;0.644284;13067.0
8606;MSTS;QPLIB_5881.qs;87;5;13051.0;13067.0;0.114261;0.758545;13067.0
8607;MSTS;QPLIB_5881.qs;87;6;13067.0;13067.0;0.126157;0.884702;13067.0
8608;MSTS;QPLIB_5881.qs;87;7;13067.0;13067.0;0.115381;1.000083;13067.0
8609;MSTS;QPLIB_5881.qs;87;8;13067.0;13067.0;0.147476;1.147559;13067.0
8610;MSTS;QPLIB_5881.qs;87;9;13067.0;13067.0;0.152163;1.299722;13067.0
8611;MSTS;QPLIB_5881.qs;87;10;13067.0;13067.0;0.114425;1.414147;13067.0
8612;MSTS;QPLIB_5881.qs;87;11;13067.0;13067.0;0.122083;1.53623;13067.0
8613;MSTS;QPLIB_5881.qs;87;12;13067.0;13067.0;0.135349;1.671579;13067.0
8614;MSTS;QPLIB_5881.qs;87;13;13067.0;13067.0;0.117057;1.788636;13067.0
8615;MSTS;QPLIB_5881.qs;87;14;13067.0;13067.0;0.130434;1.91907;13067.0
8616;MSTS;QPLIB_5881.qs;87;15;13067.0;13067.0;0.132748;2.051818;13067.0
8617;MSTS;QPLIB_5881.qs;87;16;13067.0;13067.0;0.115463;2.167281;13067.0
8618;MSTS;QPLIB_5881.qs;87;17;13067.0;13067.0;0.121922;2.289203;13067.0
8619;MSTS;QPLIB_5881.qs;87;18;13051.0;13067.0;0.118067;2.40727;13067.0
8620;MSTS;QPLIB_5881.qs;87;19;13051.0;13067.0;0.124827;2.532097;13067.0
8621;MSTS;QPLIB_5881.qs;87;20;13067.0;13067.0;0.124056;2.6561529999999998;13067.0
8622;MSTS;QPLIB_5881.qs;87;21;13067.0;13067.0;0.14431;2.800463;13067.0
8623;MSTS;QPLIB_5881.qs;87;22;13060.0;13067.0;0.131311;2.931774;13067.0
8624;MSTS;QPLIB_5881.qs;87;23;13067.0;13067.0;0.113186;3.04496;13067.0
8625;MSTS;QPLIB_5881.qs;87;24;13067.0;13067.0;0.132201;3.177161;13067.0
8626;MSTS;QPLIB_5881.qs;87;25;13067.0;13067.0;0.118312;3.295473;13067.0
8627;MSTS;QPLIB_5881.qs;87;26;13067.0;13067.0;0.170427;3.4659;13067.0
8628;MSTS;QPLIB_5881.qs;87;27;13067.0;13067.0;0.121958;3.587858;13067.0
8629;MSTS;QPLIB_5881.qs;87;28;13067.0;13067.0;0.139818;3.7276759999999998;13067.0
8630;MSTS;QPLIB_5881.qs;87;29;13067.0;13067.0;0.173862;3.901538;13067.0
8631;MSTS;QPLIB_5881.qs;87;30;13067.0;13067.0;0.200117;4.101655;13067.0
8632;MSTS;QPLIB_5881.qs;87;31;13067.0;13067.0;0.170317;4.271972;13067.0
8633;MSTS;QPLIB_5881.qs;87;32;13067.0;13067.0;0.130156;4.402128;13067.0
8634;MSTS;QPLIB_5881.qs;87;33;13067.0;13067.0;0.187046;4.589174;13067.0
8635;MSTS;QPLIB_5881.qs;87;34;13067.0;13067.0;0.126151;4.715325;13067.0
8636;MSTS;QPLIB_5881.qs;87;35;13067.0;13067.0;0.180916;4.896241;13067.0
8637;MSTS;QPLIB_5881.qs;87;36;13067.0;13067.0;0.113017;5.009258;13067.0
8638;MSTS;QPLIB_5881.qs;87;37;13067.0;13067.0;0.138238;5.147496;13067.0
8639;MSTS;QPLIB_5881.qs;87;38;13067.0;13067.0;0.134304;5.2818;13067.0
8640;MSTS;QPLIB_5881.qs;87;39;13067.0;13067.0;0.119773;5.401573;13067.0
8641;MSTS;QPLIB_5881.qs;87;40;13067.0;13067.0;0.149337;5.55091;13067.0
8642;MSTS;QPLIB_5881.qs;87;41;13051.0;13067.0;0.113757;5.664667;13067.0
8643;MSTS;QPLIB_5881.qs;87;42;13067.0;13067.0;0.147135;5.811802;13067.0
8644;MSTS;QPLIB_5881.qs;87;43;13067.0;13067.0;0.163933;5.975735;13067.0
8645;MSTS;QPLIB_5881.qs;87;44;13067.0;13067.0;0.125388;6.101123;13067.0
8646;MSTS;QPLIB_5881.qs;87;45;13067.0;13067.0;0.186754;6.287877;13067.0
8647;MSTS;QPLIB_5881.qs;87;46;13067.0;13067.0;0.200992;6.488869;13067.0
8648;MSTS;QPLIB_5881.qs;87;47;13067.0;13067.0;0.157842;6.646711;13067.0
8649;MSTS;QPLIB_5881.qs;87;48;13067.0;13067.0;0.126102;6.772813;13067.0
8650;MSTS;QPLIB_5881.qs;87;49;13067.0;13067.0;0.198599;6.971412;13067.0
8651;MSTS;QPLIB_5881.qs;87;50;13067.0;13067.0;0.123799;7.095211;13067.0
8652;MSTS;QPLIB_5881.qs;87;51;13067.0;13067.0;0.128776;7.223987;13067.0
8653;MSTS;QPLIB_5881.qs;87;52;13067.0;13067.0;0.188862;7.412849;13067.0
8654;MSTS;QPLIB_5881.qs;87;53;13051.0;13067.0;0.111488;7.524337;13067.0
8655;MSTS;QPLIB_5881.qs;87;54;13067.0;13067.0;0.121142;7.645479;13067.0
8656;MSTS;QPLIB_5881.qs;87;55;13067.0;13067.0;0.117297;7.762776;13067.0
8657;MSTS;QPLIB_5881.qs;87;56;13067.0;13067.0;0.204034;7.96681;13067.0
8658;MSTS;QPLIB_5881.qs;87;57;13060.0;13067.0;0.162701;8.129511;13067.0
8659;MSTS;QPLIB_5881.qs;87;58;13067.0;13067.0;0.136635;8.266145999999999;13067.0
8660;MSTS;QPLIB_5881.qs;87;59;13067.0;13067.0;0.173268;8.439414;13067.0
8661;MSTS;QPLIB_5881.qs;87;60;13067.0;13067.0;0.127035;8.566449;13067.0
8662;MSTS;QPLIB_5881.qs;87;61;13067.0;13067.0;0.124503;8.690952;13067.0
8663;MSTS;QPLIB_5881.qs;87;62;13051.0;13067.0;0.114641;8.805593;13067.0
8664;MSTS;QPLIB_5881.qs;87;63;13067.0;13067.0;0.140092;8.945685;13067.0
8665;MSTS;QPLIB_5881.qs;87;64;13067.0;13067.0;0.167889;9.113574;13067.0
8666;MSTS;QPLIB_5881.qs;87;65;13067.0;13067.0;0.150318;9.263892;13067.0
8667;MSTS;QPLIB_5881.qs;87;66;13067.0;13067.0;0.151357;9.415249;13067.0
8668;MSTS;QPLIB_5881.qs;87;67;13067.0;13067.0;0.15426;9.569509;13067.0
8669;MSTS;QPLIB_5881.qs;87;68;13067.0;13067.0;0.142847;9.712356;13067.0
8670;MSTS;QPLIB_5881.qs;87;69;13067.0;13067.0;0.148366;9.860722;13067.0
8671;MSTS;QPLIB_5881.qs;87;70;13067.0;13067.0;0.211126;10.071848;13067.0
8672;MSTS;QPLIB_5881.qs;87;71;13067.0;13067.0;0.132295;10.204143;13067.0
8673;MSTS;QPLIB_5881.qs;87;72;13067.0;13067.0;0.152647;10.35679;13067.0
8674;MSTS;QPLIB_5881.qs;87;73;13067.0;13067.0;0.173122;10.529912;13067.0
8675;MSTS;QPLIB_5881.qs;87;74;13067.0;13067.0;0.130428;10.66034;13067.0
8676;MSTS;QPLIB_5881.qs;87;75;13067.0;13067.0;0.174532;10.834872;13067.0
8677;MSTS;QPLIB_5881.qs;87;76;13067.0;13067.0;0.129634;10.964506;13067.0
8678;MSTS;QPLIB_5881.qs;87;77;13067.0;13067.0;0.131556;11.096062;13067.0
8679;MSTS;QPLIB_5881.qs;87;78;13067.0;13067.0;0.122758;11.218820000000001;13067.0
8680;MSTS;QPLIB_5881.qs;87;79;13067.0;13067.0;0.176598;11.395418;13067.0
8681;MSTS;QPLIB_5881.qs;87;80;13067.0;13067.0;0.171508;11.566926;13067.0
8682;MSTS;QPLIB_5881.qs;87;81;13067.0;13067.0;0.121387;11.688313;13067.0
8683;MSTS;QPLIB_5881.qs;87;82;13067.0;13067.0;0.159634;11.847947;13067.0
8684;MSTS;QPLIB_5881.qs;87;83;13067.0;13067.0;0.134459;11.982406;13067.0
8685;MSTS;QPLIB_5881.qs;87;84;13067.0;13067.0;0.162018;12.144424;13067.0
8686;MSTS;QPLIB_5881.qs;87;85;13067.0;13067.0;0.126489;12.270913;13067.0
8687;MSTS;QPLIB_5881.qs;87;86;13067.0;13067.0;0.130509;12.401422;13067.0
8688;MSTS;QPLIB_5881.qs;87;87;13067.0;13067.0;0.131935;12.533357;13067.0
8689;MSTS;QPLIB_5881.qs;87;88;13067.0;13067.0;0.16174;12.695097;13067.0
8690;MSTS;QPLIB_5881.qs;87;89;13067.0;13067.0;0.157853;12.85295;13067.0
8691;MSTS;QPLIB_5881.qs;87;90;13051.0;13067.0;0.113256;12.966206;13067.0
8692;MSTS;QPLIB_5881.qs;87;91;13067.0;13067.0;0.113374;13.07958;13067.0
8693;MSTS;QPLIB_5881.qs;87;92;13067.0;13067.0;0.121082;13.200662;13067.0
8694;MSTS;QPLIB_5881.qs;87;93;13067.0;13067.0;0.168605;13.369267;13067.0
8695;MSTS;QPLIB_5881.qs;87;94;13067.0;13067.0;0.165925;13.535192;13067.0
8696;MSTS;QPLIB_5881.qs;87;95;13067.0;13067.0;0.122165;13.657357;13067.0
8697;MSTS;QPLIB_5881.qs;87;96;13067.0;13067.0;0.16036;13.817717;13067.0
8698;MSTS;QPLIB_5881.qs;87;97;13067.0;13067.0;0.160889;13.978606;13067.0
8699;MSTS;QPLIB_5881.qs;87;98;13067.0;13067.0;0.128304;14.10691;13067.0
8700;MSTS;QPLIB_5881.qs;87;99;13067.0;13067.0;0.115599;14.222509;13067.0
8701;MSTS;QPLIB_5881.qs;87;100;13067.0;13067.0;0.165222;14.387731;13067.0
8702;MSTS;QPLIB_5881.qs;88;1;13067.0;13067.0;0.270253;0.270253;13067.0
8703;MSTS;QPLIB_5881.qs;88;2;13067.0;13067.0;0.122396;0.392649;13067.0
8704;MSTS;QPLIB_5881.qs;88;3;13067.0;13067.0;0.11539;0.508039;13067.0
8705;MSTS;QPLIB_5881.qs;88;4;13067.0;13067.0;0.120726;0.628765;13067.0
8706;MSTS;QPLIB_5881.qs;88;5;13067.0;13067.0;0.125681;0.754446;13067.0
8707;MSTS;QPLIB_5881.qs;88;6;13067.0;13067.0;0.119572;0.874018;13067.0
8708;MSTS;QPLIB_5881.qs;88;7;13067.0;13067.0;0.124037;0.998055;13067.0
8709;MSTS;QPLIB_5881.qs;88;8;13067.0;13067.0;0.184886;1.182941;13067.0
8710;MSTS;QPLIB_5881.qs;88;9;13067.0;13067.0;0.114703;1.297644;13067.0
8711;MSTS;QPLIB_5881.qs;88;10;13067.0;13067.0;0.122124;1.419768;13067.0
8712;MSTS;QPLIB_5881.qs;88;11;13067.0;13067.0;0.116674;1.536442;13067.0
8713;MSTS;QPLIB_5881.qs;88;12;13067.0;13067.0;0.125687;1.662129;13067.0
8714;MSTS;QPLIB_5881.qs;88;13;13067.0;13067.0;0.141934;1.804063;13067.0
8715;MSTS;QPLIB_5881.qs;88;14;13067.0;13067.0;0.12549;1.9295529999999999;13067.0
8716;MSTS;QPLIB_5881.qs;88;15;13067.0;13067.0;0.149123;2.0786759999999997;13067.0
8717;MSTS;QPLIB_5881.qs;88;16;13067.0;13067.0;0.123835;2.202511;13067.0
8718;MSTS;QPLIB_5881.qs;88;17;13067.0;13067.0;0.178696;2.381207;13067.0
8719;MSTS;QPLIB_5881.qs;88;18;13067.0;13067.0;0.123593;2.5048;13067.0
8720;MSTS;QPLIB_5881.qs;88;19;13067.0;13067.0;0.152325;2.6571249999999997;13067.0
8721;MSTS;QPLIB_5881.qs;88;20;13067.0;13067.0;0.14363;2.800755;13067.0
8722;MSTS;QPLIB_5881.qs;88;21;13067.0;13067.0;0.183232;2.983987;13067.0
8723;MSTS;QPLIB_5881.qs;88;22;13067.0;13067.0;0.122164;3.106151;13067.0
8724;MSTS;QPLIB_5881.qs;88;23;13067.0;13067.0;0.12445;3.230601;13067.0
8725;MSTS;QPLIB_5881.qs;88;24;13067.0;13067.0;0.147339;3.37794;13067.0
8726;MSTS;QPLIB_5881.qs;88;25;13067.0;13067.0;0.186772;3.564712;13067.0
8727;MSTS;QPLIB_5881.qs;88;26;13067.0;13067.0;0.145495;3.710207;13067.0
8728;MSTS;QPLIB_5881.qs;88;27;13067.0;13067.0;0.122066;3.832273;13067.0
8729;MSTS;QPLIB_5881.qs;88;28;13067.0;13067.0;0.139588;3.971861;13067.0
8730;MSTS;QPLIB_5881.qs;88;29;13067.0;13067.0;0.207086;4.178947;13067.0
8731;MSTS;QPLIB_5881.qs;88;30;13067.0;13067.0;0.11373;4.292677;13067.0
8732;MSTS;QPLIB_5881.qs;88;31;13067.0;13067.0;0.167215;4.459892;13067.0
8733;MSTS;QPLIB_5881.qs;88;32;13067.0;13067.0;0.15441;4.614302;13067.0
8734;MSTS;QPLIB_5881.qs;88;33;13067.0;13067.0;0.157884;4.772186;13067.0
8735;MSTS;QPLIB_5881.qs;88;34;13067.0;13067.0;0.120124;4.89231;13067.0
8736;MSTS;QPLIB_5881.qs;88;35;13067.0;13067.0;0.120402;5.012712;13067.0
8737;MSTS;QPLIB_5881.qs;88;36;13067.0;13067.0;0.128758;5.14147;13067.0
8738;MSTS;QPLIB_5881.qs;88;37;13067.0;13067.0;0.167766;5.309236;13067.0
8739;MSTS;QPLIB_5881.qs;88;38;13067.0;13067.0;0.121261;5.430497;13067.0
8740;MSTS;QPLIB_5881.qs;88;39;13067.0;13067.0;0.118173;5.5486699999999995;13067.0
8741;MSTS;QPLIB_5881.qs;88;40;13067.0;13067.0;0.12304;5.67171;13067.0
8742;MSTS;QPLIB_5881.qs;88;41;13051.0;13067.0;0.113072;5.784782;13067.0
8743;MSTS;QPLIB_5881.qs;88;42;13051.0;13067.0;0.118035;5.902817;13067.0
8744;MSTS;QPLIB_5881.qs;88;43;13067.0;13067.0;0.124646;6.027463;13067.0
8745;MSTS;QPLIB_5881.qs;88;44;13067.0;13067.0;0.129849;6.157312;13067.0
8746;MSTS;QPLIB_5881.qs;88;45;13067.0;13067.0;0.129212;6.286524;13067.0
8747;MSTS;QPLIB_5881.qs;88;46;13067.0;13067.0;0.142088;6.428612;13067.0
8748;MSTS;QPLIB_5881.qs;88;47;13067.0;13067.0;0.165085;6.593697;13067.0
8749;MSTS;QPLIB_5881.qs;88;48;13067.0;13067.0;0.127838;6.721535;13067.0
8750;MSTS;QPLIB_5881.qs;88;49;13067.0;13067.0;0.124789;6.846324;13067.0
8751;MSTS;QPLIB_5881.qs;88;50;13067.0;13067.0;0.136302;6.982626;13067.0
8752;MSTS;QPLIB_5881.qs;88;51;13067.0;13067.0;0.114945;7.097571;13067.0
8753;MSTS;QPLIB_5881.qs;88;52;13067.0;13067.0;0.128965;7.226536;13067.0
8754;MSTS;QPLIB_5881.qs;88;53;13067.0;13067.0;0.119788;7.346324;13067.0
8755;MSTS;QPLIB_5881.qs;88;54;13067.0;13067.0;0.142144;7.488468;13067.0
8756;MSTS;QPLIB_5881.qs;88;55;13051.0;13067.0;0.110478;7.598946;13067.0
8757;MSTS;QPLIB_5881.qs;88;56;13067.0;13067.0;0.135765;7.734711;13067.0
8758;MSTS;QPLIB_5881.qs;88;57;13067.0;13067.0;0.196459;7.93117;13067.0
8759;MSTS;QPLIB_5881.qs;88;58;13067.0;13067.0;0.1629;8.09407;13067.0
8760;MSTS;QPLIB_5881.qs;88;59;13067.0;13067.0;0.141011;8.235081;13067.0
8761;MSTS;QPLIB_5881.qs;88;60;13067.0;13067.0;0.131436;8.366517;13067.0
8762;MSTS;QPLIB_5881.qs;88;61;13067.0;13067.0;0.141953;8.508469999999999;13067.0
8763;MSTS;QPLIB_5881.qs;88;62;13067.0;13067.0;0.12151;8.62998;13067.0
8764;MSTS;QPLIB_5881.qs;88;63;13067.0;13067.0;0.186884;8.816864;13067.0
8765;MSTS;QPLIB_5881.qs;88;64;13067.0;13067.0;0.121836;8.9387;13067.0
8766;MSTS;QPLIB_5881.qs;88;65;13067.0;13067.0;0.122261;9.060961;13067.0
8767;MSTS;QPLIB_5881.qs;88;66;13067.0;13067.0;0.140145;9.201106;13067.0
8768;MSTS;QPLIB_5881.qs;88;67;13067.0;13067.0;0.128365;9.329471;13067.0
8769;MSTS;QPLIB_5881.qs;88;68;13067.0;13067.0;0.137172;9.466643;13067.0
8770;MSTS;QPLIB_5881.qs;88;69;13067.0;13067.0;0.120242;9.586885;13067.0
8771;MSTS;QPLIB_5881.qs;88;70;13067.0;13067.0;0.128055;9.71494;13067.0
8772;MSTS;QPLIB_5881.qs;88;71;13067.0;13067.0;0.125578;9.840518;13067.0
8773;MSTS;QPLIB_5881.qs;88;72;13067.0;13067.0;0.122532;9.963049999999999;13067.0
8774;MSTS;QPLIB_5881.qs;88;73;13067.0;13067.0;0.116564;10.079614;13067.0
8775;MSTS;QPLIB_5881.qs;88;74;13067.0;13067.0;0.121016;10.20063;13067.0
8776;MSTS;QPLIB_5881.qs;88;75;13067.0;13067.0;0.144081;10.344711;13067.0
8777;MSTS;QPLIB_5881.qs;88;76;13067.0;13067.0;0.136717;10.481428;13067.0
8778;MSTS;QPLIB_5881.qs;88;77;13067.0;13067.0;0.126373;10.607801;13067.0
8779;MSTS;QPLIB_5881.qs;88;78;13067.0;13067.0;0.120866;10.728667;13067.0
8780;MSTS;QPLIB_5881.qs;88;79;13067.0;13067.0;0.123293;10.85196;13067.0
8781;MSTS;QPLIB_5881.qs;88;80;13067.0;13067.0;0.114148;10.966108;13067.0
8782;MSTS;QPLIB_5881.qs;88;81;13067.0;13067.0;0.123038;11.089146;13067.0
8783;MSTS;QPLIB_5881.qs;88;82;13067.0;13067.0;0.118343;11.207489;13067.0
8784;MSTS;QPLIB_5881.qs;88;83;13067.0;13067.0;0.179553;11.387042;13067.0
8785;MSTS;QPLIB_5881.qs;88;84;13067.0;13067.0;0.131447;11.518489;13067.0
8786;MSTS;QPLIB_5881.qs;88;85;13067.0;13067.0;0.12983;11.648319;13067.0
8787;MSTS;QPLIB_5881.qs;88;86;13067.0;13067.0;0.122242;11.770561;13067.0
8788;MSTS;QPLIB_5881.qs;88;87;13067.0;13067.0;0.156445;11.927006;13067.0
8789;MSTS;QPLIB_5881.qs;88;88;13067.0;13067.0;0.154708;12.081714;13067.0
8790;MSTS;QPLIB_5881.qs;88;89;13067.0;13067.0;0.211824;12.293538;13067.0
8791;MSTS;QPLIB_5881.qs;88;90;13067.0;13067.0;0.139896;12.433434;13067.0
8792;MSTS;QPLIB_5881.qs;88;91;13067.0;13067.0;0.149219;12.582653;13067.0
8793;MSTS;QPLIB_5881.qs;88;92;13067.0;13067.0;0.130806;12.713459;13067.0
8794;MSTS;QPLIB_5881.qs;88;93;13051.0;13067.0;0.11357;12.827029;13067.0
8795;MSTS;QPLIB_5881.qs;88;94;13067.0;13067.0;0.115276;12.942305;13067.0
8796;MSTS;QPLIB_5881.qs;88;95;13067.0;13067.0;0.174059;13.116364;13067.0
8797;MSTS;QPLIB_5881.qs;88;96;13067.0;13067.0;0.134364;13.250728;13067.0
8798;MSTS;QPLIB_5881.qs;88;97;13067.0;13067.0;0.135477;13.386205;13067.0
8799;MSTS;QPLIB_5881.qs;88;98;13067.0;13067.0;0.121253;13.507458;13067.0
8800;MSTS;QPLIB_5881.qs;88;99;13051.0;13067.0;0.114622;13.62208;13067.0
8801;MSTS;QPLIB_5881.qs;88;100;13067.0;13067.0;0.114306;13.736386;13067.0
8802;MSTS;QPLIB_5881.qs;89;1;13067.0;13067.0;0.207511;0.207511;13067.0
8803;MSTS;QPLIB_5881.qs;89;2;13067.0;13067.0;0.120506;0.328017;13067.0
8804;MSTS;QPLIB_5881.qs;89;3;13067.0;13067.0;0.119493;0.44751;13067.0
8805;MSTS;QPLIB_5881.qs;89;4;13067.0;13067.0;0.145215;0.592725;13067.0
8806;MSTS;QPLIB_5881.qs;89;5;13067.0;13067.0;0.128586;0.721311;13067.0
8807;MSTS;QPLIB_5881.qs;89;6;13067.0;13067.0;0.123994;0.845305;13067.0
8808;MSTS;QPLIB_5881.qs;89;7;13067.0;13067.0;0.18107;1.026375;13067.0
8809;MSTS;QPLIB_5881.qs;89;8;13067.0;13067.0;0.138069;1.164444;13067.0
8810;MSTS;QPLIB_5881.qs;89;9;13067.0;13067.0;0.127744;1.292188;13067.0
8811;MSTS;QPLIB_5881.qs;89;10;13067.0;13067.0;0.12345;1.415638;13067.0
8812;MSTS;QPLIB_5881.qs;89;11;13067.0;13067.0;0.118854;1.534492;13067.0
8813;MSTS;QPLIB_5881.qs;89;12;13067.0;13067.0;0.132171;1.666663;13067.0
8814;MSTS;QPLIB_5881.qs;89;13;13051.0;13067.0;0.112981;1.779644;13067.0
8815;MSTS;QPLIB_5881.qs;89;14;13067.0;13067.0;0.116609;1.896253;13067.0
8816;MSTS;QPLIB_5881.qs;89;15;13067.0;13067.0;0.162622;2.058875;13067.0
8817;MSTS;QPLIB_5881.qs;89;16;13060.0;13067.0;0.130674;2.189549;13067.0
8818;MSTS;QPLIB_5881.qs;89;17;13067.0;13067.0;0.115943;2.305492;13067.0
8819;MSTS;QPLIB_5881.qs;89;18;13067.0;13067.0;0.154568;2.46006;13067.0
8820;MSTS;QPLIB_5881.qs;89;19;13051.0;13067.0;0.116471;2.576531;13067.0
8821;MSTS;QPLIB_5881.qs;89;20;13067.0;13067.0;0.118679;2.69521;13067.0
8822;MSTS;QPLIB_5881.qs;89;21;13051.0;13067.0;0.116029;2.811239;13067.0
8823;MSTS;QPLIB_5881.qs;89;22;13067.0;13067.0;0.11508;2.926319;13067.0
8824;MSTS;QPLIB_5881.qs;89;23;13060.0;13067.0;0.116824;3.043143;13067.0
8825;MSTS;QPLIB_5881.qs;89;24;13067.0;13067.0;0.113949;3.157092;13067.0
8826;MSTS;QPLIB_5881.qs;89;25;13067.0;13067.0;0.129249;3.286341;13067.0
8827;MSTS;QPLIB_5881.qs;89;26;13067.0;13067.0;0.152683;3.439024;13067.0
8828;MSTS;QPLIB_5881.qs;89;27;13067.0;13067.0;0.146265;3.585289;13067.0
8829;MSTS;QPLIB_5881.qs;89;28;13060.0;13067.0;0.195628;3.780917;13067.0
8830;MSTS;QPLIB_5881.qs;89;29;13067.0;13067.0;0.112276;3.893193;13067.0
8831;MSTS;QPLIB_5881.qs;89;30;13067.0;13067.0;0.122239;4.015432;13067.0
8832;MSTS;QPLIB_5881.qs;89;31;13067.0;13067.0;0.141987;4.157419;13067.0
8833;MSTS;QPLIB_5881.qs;89;32;13067.0;13067.0;0.127316;4.284735;13067.0
8834;MSTS;QPLIB_5881.qs;89;33;13067.0;13067.0;0.170755;4.45549;13067.0
8835;MSTS;QPLIB_5881.qs;89;34;13067.0;13067.0;0.11679;4.57228;13067.0
8836;MSTS;QPLIB_5881.qs;89;35;13051.0;13067.0;0.118833;4.691113;13067.0
8837;MSTS;QPLIB_5881.qs;89;36;13067.0;13067.0;0.178562;4.869675;13067.0
8838;MSTS;QPLIB_5881.qs;89;37;13067.0;13067.0;0.158425;5.0281;13067.0
8839;MSTS;QPLIB_5881.qs;89;38;13067.0;13067.0;0.11349;5.14159;13067.0
8840;MSTS;QPLIB_5881.qs;89;39;13067.0;13067.0;0.144712;5.286302;13067.0
8841;MSTS;QPLIB_5881.qs;89;40;13051.0;13067.0;0.113875;5.400177;13067.0
8842;MSTS;QPLIB_5881.qs;89;41;13067.0;13067.0;0.19722;5.597397;13067.0
8843;MSTS;QPLIB_5881.qs;89;42;13067.0;13067.0;0.18616;5.783557;13067.0
8844;MSTS;QPLIB_5881.qs;89;43;13067.0;13067.0;0.121816;5.905373;13067.0
8845;MSTS;QPLIB_5881.qs;89;44;13067.0;13067.0;0.124811;6.030184;13067.0
8846;MSTS;QPLIB_5881.qs;89;45;13067.0;13067.0;0.139689;6.169873;13067.0
8847;MSTS;QPLIB_5881.qs;89;46;13067.0;13067.0;0.12018;6.290053;13067.0
8848;MSTS;QPLIB_5881.qs;89;47;13067.0;13067.0;0.11291;6.402963;13067.0
8849;MSTS;QPLIB_5881.qs;89;48;13067.0;13067.0;0.120974;6.523937;13067.0
8850;MSTS;QPLIB_5881.qs;89;49;13067.0;13067.0;0.157986;6.681923;13067.0
8851;MSTS;QPLIB_5881.qs;89;50;13067.0;13067.0;0.193121;6.875044;13067.0
8852;MSTS;QPLIB_5881.qs;89;51;13067.0;13067.0;0.119586;6.99463;13067.0
8853;MSTS;QPLIB_5881.qs;89;52;13067.0;13067.0;0.131203;7.125833;13067.0
8854;MSTS;QPLIB_5881.qs;89;53;13051.0;13067.0;0.114861;7.240694;13067.0
8855;MSTS;QPLIB_5881.qs;89;54;13067.0;13067.0;0.116807;7.357501;13067.0
8856;MSTS;QPLIB_5881.qs;89;55;13067.0;13067.0;0.164425;7.521926;13067.0
8857;MSTS;QPLIB_5881.qs;89;56;13067.0;13067.0;0.157388;7.679314;13067.0
8858;MSTS;QPLIB_5881.qs;89;57;13067.0;13067.0;0.119348;7.798662;13067.0
8859;MSTS;QPLIB_5881.qs;89;58;13067.0;13067.0;0.203996;8.002658;13067.0
8860;MSTS;QPLIB_5881.qs;89;59;13067.0;13067.0;0.159149;8.161807;13067.0
8861;MSTS;QPLIB_5881.qs;89;60;13067.0;13067.0;0.141679;8.303486;13067.0
8862;MSTS;QPLIB_5881.qs;89;61;13051.0;13067.0;0.114821;8.418307;13067.0
8863;MSTS;QPLIB_5881.qs;89;62;13051.0;13067.0;0.118645;8.536952;13067.0
8864;MSTS;QPLIB_5881.qs;89;63;13067.0;13067.0;0.122678;8.65963;13067.0
8865;MSTS;QPLIB_5881.qs;89;64;13067.0;13067.0;0.175695;8.835325;13067.0
8866;MSTS;QPLIB_5881.qs;89;65;13067.0;13067.0;0.142338;8.977663;13067.0
8867;MSTS;QPLIB_5881.qs;89;66;13067.0;13067.0;0.124975;9.102638;13067.0
8868;MSTS;QPLIB_5881.qs;89;67;13067.0;13067.0;0.133404;9.236042;13067.0
8869;MSTS;QPLIB_5881.qs;89;68;13067.0;13067.0;0.15521;9.391252;13067.0
8870;MSTS;QPLIB_5881.qs;89;69;13067.0;13067.0;0.139426;9.530678;13067.0
8871;MSTS;QPLIB_5881.qs;89;70;13067.0;13067.0;0.131877;9.662555;13067.0
8872;MSTS;QPLIB_5881.qs;89;71;13067.0;13067.0;0.138629;9.801184;13067.0
8873;MSTS;QPLIB_5881.qs;89;72;13067.0;13067.0;0.139463;9.940647;13067.0
8874;MSTS;QPLIB_5881.qs;89;73;13067.0;13067.0;0.120396;10.061043;13067.0
8875;MSTS;QPLIB_5881.qs;89;74;13067.0;13067.0;0.113583;10.174626;13067.0
8876;MSTS;QPLIB_5881.qs;89;75;13067.0;13067.0;0.115794;10.29042;13067.0
8877;MSTS;QPLIB_5881.qs;89;76;13067.0;13067.0;0.1415;10.43192;13067.0
8878;MSTS;QPLIB_5881.qs;89;77;13067.0;13067.0;0.128781;10.560701;13067.0
8879;MSTS;QPLIB_5881.qs;89;78;13067.0;13067.0;0.142978;10.703679;13067.0
8880;MSTS;QPLIB_5881.qs;89;79;13067.0;13067.0;0.127337;10.831016;13067.0
8881;MSTS;QPLIB_5881.qs;89;80;13067.0;13067.0;0.201509;11.032525;13067.0
8882;MSTS;QPLIB_5881.qs;89;81;13067.0;13067.0;0.147114;11.179639;13067.0
8883;MSTS;QPLIB_5881.qs;89;82;13067.0;13067.0;0.152281;11.33192;13067.0
8884;MSTS;QPLIB_5881.qs;89;83;13067.0;13067.0;0.117791;11.449711;13067.0
8885;MSTS;QPLIB_5881.qs;89;84;13051.0;13067.0;0.115453;11.565164;13067.0
8886;MSTS;QPLIB_5881.qs;89;85;13067.0;13067.0;0.11541;11.680574;13067.0
8887;MSTS;QPLIB_5881.qs;89;86;13067.0;13067.0;0.147253;11.827827;13067.0
8888;MSTS;QPLIB_5881.qs;89;87;13067.0;13067.0;0.159267;11.987093999999999;13067.0
8889;MSTS;QPLIB_5881.qs;89;88;13067.0;13067.0;0.147022;12.134116;13067.0
8890;MSTS;QPLIB_5881.qs;89;89;13067.0;13067.0;0.192051;12.326167;13067.0
8891;MSTS;QPLIB_5881.qs;89;90;13067.0;13067.0;0.1487;12.474867;13067.0
8892;MSTS;QPLIB_5881.qs;89;91;13067.0;13067.0;0.130416;12.605283;13067.0
8893;MSTS;QPLIB_5881.qs;89;92;13067.0;13067.0;0.119353;12.724636;13067.0
8894;MSTS;QPLIB_5881.qs;89;93;13067.0;13067.0;0.162372;12.887008;13067.0
8895;MSTS;QPLIB_5881.qs;89;94;13067.0;13067.0;0.126503;13.013511;13067.0
8896;MSTS;QPLIB_5881.qs;89;95;13051.0;13067.0;0.113397;13.126908;13067.0
8897;MSTS;QPLIB_5881.qs;89;96;13067.0;13067.0;0.159429;13.286337;13067.0
8898;MSTS;QPLIB_5881.qs;89;97;13067.0;13067.0;0.115828;13.402165;13067.0
8899;MSTS;QPLIB_5881.qs;89;98;13067.0;13067.0;0.120721;13.522886;13067.0
8900;MSTS;QPLIB_5881.qs;89;99;13067.0;13067.0;0.193865;13.716751;13067.0
8901;MSTS;QPLIB_5881.qs;89;100;13067.0;13067.0;0.157025;13.873776;13067.0
8902;MSTS;QPLIB_5881.qs;90;1;13067.0;13067.0;0.300779;0.300779;13067.0
8903;MSTS;QPLIB_5881.qs;90;2;13067.0;13067.0;0.183548;0.484327;13067.0
8904;MSTS;QPLIB_5881.qs;90;3;13067.0;13067.0;0.116672;0.6009990000000001;13067.0
8905;MSTS;QPLIB_5881.qs;90;4;13067.0;13067.0;0.159947;0.760946;13067.0
8906;MSTS;QPLIB_5881.qs;90;5;13067.0;13067.0;0.131103;0.892049;13067.0
8907;MSTS;QPLIB_5881.qs;90;6;13067.0;13067.0;0.195027;1.087076;13067.0
8908;MSTS;QPLIB_5881.qs;90;7;13067.0;13067.0;0.219974;1.30705;13067.0
8909;MSTS;QPLIB_5881.qs;90;8;13067.0;13067.0;0.136639;1.443689;13067.0
8910;MSTS;QPLIB_5881.qs;90;9;13067.0;13067.0;0.120137;1.563826;13067.0
8911;MSTS;QPLIB_5881.qs;90;10;13067.0;13067.0;0.169737;1.733563;13067.0
8912;MSTS;QPLIB_5881.qs;90;11;13051.0;13067.0;0.115563;1.849126;13067.0
8913;MSTS;QPLIB_5881.qs;90;12;13067.0;13067.0;0.164339;2.013465;13067.0
8914;MSTS;QPLIB_5881.qs;90;13;13067.0;13067.0;0.152826;2.166291;13067.0
8915;MSTS;QPLIB_5881.qs;90;14;13067.0;13067.0;0.167421;2.3337120000000002;13067.0
8916;MSTS;QPLIB_5881.qs;90;15;13067.0;13067.0;0.1541;2.487812;13067.0
8917;MSTS;QPLIB_5881.qs;90;16;13067.0;13067.0;0.114958;2.60277;13067.0
8918;MSTS;QPLIB_5881.qs;90;17;13067.0;13067.0;0.196625;2.799395;13067.0
8919;MSTS;QPLIB_5881.qs;90;18;13067.0;13067.0;0.118721;2.918116;13067.0
8920;MSTS;QPLIB_5881.qs;90;19;13051.0;13067.0;0.114076;3.0321919999999998;13067.0
8921;MSTS;QPLIB_5881.qs;90;20;13067.0;13067.0;0.137044;3.169236;13067.0
8922;MSTS;QPLIB_5881.qs;90;21;13067.0;13067.0;0.143202;3.312438;13067.0
8923;MSTS;QPLIB_5881.qs;90;22;13067.0;13067.0;0.136166;3.448604;13067.0
8924;MSTS;QPLIB_5881.qs;90;23;13067.0;13067.0;0.129558;3.578162;13067.0
8925;MSTS;QPLIB_5881.qs;90;24;13067.0;13067.0;0.128695;3.706857;13067.0
8926;MSTS;QPLIB_5881.qs;90;25;13060.0;13067.0;0.152243;3.8591;13067.0
8927;MSTS;QPLIB_5881.qs;90;26;13067.0;13067.0;0.121057;3.980157;13067.0
8928;MSTS;QPLIB_5881.qs;90;27;13067.0;13067.0;0.132646;4.1128029999999995;13067.0
8929;MSTS;QPLIB_5881.qs;90;28;13067.0;13067.0;0.142156;4.254959;13067.0
8930;MSTS;QPLIB_5881.qs;90;29;13067.0;13067.0;0.122804;4.377763;13067.0
8931;MSTS;QPLIB_5881.qs;90;30;13067.0;13067.0;0.122782;4.500545;13067.0
8932;MSTS;QPLIB_5881.qs;90;31;13067.0;13067.0;0.115537;4.616082;13067.0
8933;MSTS;QPLIB_5881.qs;90;32;13067.0;13067.0;0.125371;4.741453;13067.0
8934;MSTS;QPLIB_5881.qs;90;33;13067.0;13067.0;0.121032;4.862485;13067.0
8935;MSTS;QPLIB_5881.qs;90;34;13067.0;13067.0;0.126029;4.988514;13067.0
8936;MSTS;QPLIB_5881.qs;90;35;13067.0;13067.0;0.135301;5.1238150000000005;13067.0
8937;MSTS;QPLIB_5881.qs;90;36;13067.0;13067.0;0.12149;5.245305;13067.0
8938;MSTS;QPLIB_5881.qs;90;37;13067.0;13067.0;0.183146;5.428451;13067.0
8939;MSTS;QPLIB_5881.qs;90;38;13051.0;13067.0;0.112475;5.540926;13067.0
8940;MSTS;QPLIB_5881.qs;90;39;13067.0;13067.0;0.116503;5.657429;13067.0
8941;MSTS;QPLIB_5881.qs;90;40;13067.0;13067.0;0.183838;5.841267;13067.0
8942;MSTS;QPLIB_5881.qs;90;41;13067.0;13067.0;0.127311;5.968578;13067.0
8943;MSTS;QPLIB_5881.qs;90;42;13067.0;13067.0;0.135991;6.104569;13067.0
8944;MSTS;QPLIB_5881.qs;90;43;13067.0;13067.0;0.137238;6.241807;13067.0
8945;MSTS;QPLIB_5881.qs;90;44;13067.0;13067.0;0.172041;6.413848;13067.0
8946;MSTS;QPLIB_5881.qs;90;45;13067.0;13067.0;0.125783;6.539631;13067.0
8947;MSTS;QPLIB_5881.qs;90;46;13067.0;13067.0;0.124423;6.664054;13067.0
8948;MSTS;QPLIB_5881.qs;90;47;13067.0;13067.0;0.134262;6.798316;13067.0
8949;MSTS;QPLIB_5881.qs;90;48;13067.0;13067.0;0.123017;6.921333;13067.0
8950;MSTS;QPLIB_5881.qs;90;49;13067.0;13067.0;0.125818;7.047151;13067.0
8951;MSTS;QPLIB_5881.qs;90;50;13067.0;13067.0;0.149645;7.196796;13067.0
8952;MSTS;QPLIB_5881.qs;90;51;13067.0;13067.0;0.120528;7.317324;13067.0
8953;MSTS;QPLIB_5881.qs;90;52;13067.0;13067.0;0.177649;7.494973;13067.0
8954;MSTS;QPLIB_5881.qs;90;53;13060.0;13067.0;0.159604;7.654577;13067.0
8955;MSTS;QPLIB_5881.qs;90;54;13067.0;13067.0;0.131654;7.786231;13067.0
8956;MSTS;QPLIB_5881.qs;90;55;13067.0;13067.0;0.127837;7.914068;13067.0
8957;MSTS;QPLIB_5881.qs;90;56;13067.0;13067.0;0.164239;8.078307;13067.0
8958;MSTS;QPLIB_5881.qs;90;57;13067.0;13067.0;0.12877;8.207077;13067.0
8959;MSTS;QPLIB_5881.qs;90;58;13067.0;13067.0;0.138746;8.345823;13067.0
8960;MSTS;QPLIB_5881.qs;90;59;13067.0;13067.0;0.145693;8.491516;13067.0
8961;MSTS;QPLIB_5881.qs;90;60;13067.0;13067.0;0.138721;8.630237;13067.0
8962;MSTS;QPLIB_5881.qs;90;61;13067.0;13067.0;0.180571;8.810808;13067.0
8963;MSTS;QPLIB_5881.qs;90;62;13067.0;13067.0;0.166863;8.977671;13067.0
8964;MSTS;QPLIB_5881.qs;90;63;13067.0;13067.0;0.146874;9.124545;13067.0
8965;MSTS;QPLIB_5881.qs;90;64;13060.0;13067.0;0.146238;9.270783;13067.0
8966;MSTS;QPLIB_5881.qs;90;65;13067.0;13067.0;0.112687;9.38347;13067.0
8967;MSTS;QPLIB_5881.qs;90;66;13067.0;13067.0;0.142701;9.526171;13067.0
8968;MSTS;QPLIB_5881.qs;90;67;13067.0;13067.0;0.142216;9.668387;13067.0
8969;MSTS;QPLIB_5881.qs;90;68;13067.0;13067.0;0.154757;9.823144;13067.0
8970;MSTS;QPLIB_5881.qs;90;69;13067.0;13067.0;0.139988;9.963132;13067.0
8971;MSTS;QPLIB_5881.qs;90;70;13067.0;13067.0;0.135099;10.098231;13067.0
8972;MSTS;QPLIB_5881.qs;90;71;13067.0;13067.0;0.187832;10.286063;13067.0
8973;MSTS;QPLIB_5881.qs;90;72;13067.0;13067.0;0.137172;10.423235;13067.0
8974;MSTS;QPLIB_5881.qs;90;73;13067.0;13067.0;0.148778;10.572013;13067.0
8975;MSTS;QPLIB_5881.qs;90;74;13067.0;13067.0;0.154875;10.726888;13067.0
8976;MSTS;QPLIB_5881.qs;90;75;13067.0;13067.0;0.133779;10.860667;13067.0
8977;MSTS;QPLIB_5881.qs;90;76;13067.0;13067.0;0.20117;11.061837;13067.0
8978;MSTS;QPLIB_5881.qs;90;77;13067.0;13067.0;0.121477;11.183314;13067.0
8979;MSTS;QPLIB_5881.qs;90;78;13051.0;13067.0;0.11348;11.296794;13067.0
8980;MSTS;QPLIB_5881.qs;90;79;13067.0;13067.0;0.118947;11.415741;13067.0
8981;MSTS;QPLIB_5881.qs;90;80;13067.0;13067.0;0.134358;11.550099;13067.0
8982;MSTS;QPLIB_5881.qs;90;81;13067.0;13067.0;0.130225;11.680324;13067.0
8983;MSTS;QPLIB_5881.qs;90;82;13067.0;13067.0;0.130383;11.810707;13067.0
8984;MSTS;QPLIB_5881.qs;90;83;13067.0;13067.0;0.164899;11.975606;13067.0
8985;MSTS;QPLIB_5881.qs;90;84;13067.0;13067.0;0.139672;12.115278;13067.0
8986;MSTS;QPLIB_5881.qs;90;85;13067.0;13067.0;0.147539;12.262817;13067.0
8987;MSTS;QPLIB_5881.qs;90;86;13067.0;13067.0;0.157999;12.420816;13067.0
8988;MSTS;QPLIB_5881.qs;90;87;13067.0;13067.0;0.130792;12.551608;13067.0
8989;MSTS;QPLIB_5881.qs;90;88;13067.0;13067.0;0.169225;12.720833;13067.0
8990;MSTS;QPLIB_5881.qs;90;89;13067.0;13067.0;0.143131;12.863964;13067.0
8991;MSTS;QPLIB_5881.qs;90;90;13067.0;13067.0;0.126055;12.990019;13067.0
8992;MSTS;QPLIB_5881.qs;90;91;13053.0;13067.0;0.163535;13.153554;13067.0
8993;MSTS;QPLIB_5881.qs;90;92;13067.0;13067.0;0.176672;13.330226;13067.0
8994;MSTS;QPLIB_5881.qs;90;93;13067.0;13067.0;0.120138;13.450364;13067.0
8995;MSTS;QPLIB_5881.qs;90;94;13067.0;13067.0;0.161055;13.611419;13067.0
8996;MSTS;QPLIB_5881.qs;90;95;13067.0;13067.0;0.187646;13.799065;13067.0
8997;MSTS;QPLIB_5881.qs;90;96;13067.0;13067.0;0.140748;13.939813000000001;13067.0
8998;MSTS;QPLIB_5881.qs;90;97;13067.0;13067.0;0.147715;14.087528;13067.0
8999;MSTS;QPLIB_5881.qs;90;98;13067.0;13067.0;0.144903;14.232431;13067.0
9000;MSTS;QPLIB_5881.qs;90;99;13067.0;13067.0;0.115629;14.34806;13067.0
9001;MSTS;QPLIB_5881.qs;90;100;13067.0;13067.0;0.131253;14.479313;13067.0
9002;MSTS;QPLIB_5881.qs;91;1;13067.0;13067.0;0.281538;0.281538;13067.0
9003;MSTS;QPLIB_5881.qs;91;2;13067.0;13067.0;0.129779;0.41131700000000004;13067.0
9004;MSTS;QPLIB_5881.qs;91;3;13067.0;13067.0;0.164662;0.575979;13067.0
9005;MSTS;QPLIB_5881.qs;91;4;13067.0;13067.0;0.152401;0.72838;13067.0
9006;MSTS;QPLIB_5881.qs;91;5;13067.0;13067.0;0.152483;0.8808630000000001;13067.0
9007;MSTS;QPLIB_5881.qs;91;6;13067.0;13067.0;0.172448;1.053311;13067.0
9008;MSTS;QPLIB_5881.qs;91;7;13067.0;13067.0;0.135034;1.188345;13067.0
9009;MSTS;QPLIB_5881.qs;91;8;13067.0;13067.0;0.20105;1.389395;13067.0
9010;MSTS;QPLIB_5881.qs;91;9;13051.0;13067.0;0.112679;1.502074;13067.0
9011;MSTS;QPLIB_5881.qs;91;10;13067.0;13067.0;0.120724;1.622798;13067.0
9012;MSTS;QPLIB_5881.qs;91;11;13067.0;13067.0;0.133709;1.756507;13067.0
9013;MSTS;QPLIB_5881.qs;91;12;13067.0;13067.0;0.129815;1.886322;13067.0
9014;MSTS;QPLIB_5881.qs;91;13;13067.0;13067.0;0.159406;2.045728;13067.0
9015;MSTS;QPLIB_5881.qs;91;14;13067.0;13067.0;0.131254;2.176982;13067.0
9016;MSTS;QPLIB_5881.qs;91;15;13067.0;13067.0;0.148614;2.325596;13067.0
9017;MSTS;QPLIB_5881.qs;91;16;13067.0;13067.0;0.207933;2.533529;13067.0
9018;MSTS;QPLIB_5881.qs;91;17;13067.0;13067.0;0.132077;2.665606;13067.0
9019;MSTS;QPLIB_5881.qs;91;18;13067.0;13067.0;0.150426;2.816032;13067.0
9020;MSTS;QPLIB_5881.qs;91;19;13067.0;13067.0;0.151678;2.96771;13067.0
9021;MSTS;QPLIB_5881.qs;91;20;13067.0;13067.0;0.122368;3.090078;13067.0
9022;MSTS;QPLIB_5881.qs;91;21;13051.0;13067.0;0.115955;3.206033;13067.0
9023;MSTS;QPLIB_5881.qs;91;22;13067.0;13067.0;0.208849;3.414882;13067.0
9024;MSTS;QPLIB_5881.qs;91;23;13067.0;13067.0;0.127721;3.542603;13067.0
9025;MSTS;QPLIB_5881.qs;91;24;13067.0;13067.0;0.147667;3.69027;13067.0
9026;MSTS;QPLIB_5881.qs;91;25;13067.0;13067.0;0.132934;3.823204;13067.0
9027;MSTS;QPLIB_5881.qs;91;26;13067.0;13067.0;0.13392;3.957124;13067.0
9028;MSTS;QPLIB_5881.qs;91;27;13067.0;13067.0;0.137198;4.094322;13067.0
9029;MSTS;QPLIB_5881.qs;91;28;13067.0;13067.0;0.165798;4.26012;13067.0
9030;MSTS;QPLIB_5881.qs;91;29;13067.0;13067.0;0.138726;4.398846;13067.0
9031;MSTS;QPLIB_5881.qs;91;30;13067.0;13067.0;0.17244;4.571286;13067.0
9032;MSTS;QPLIB_5881.qs;91;31;13067.0;13067.0;0.114894;4.68618;13067.0
9033;MSTS;QPLIB_5881.qs;91;32;13067.0;13067.0;0.154336;4.840516;13067.0
9034;MSTS;QPLIB_5881.qs;91;33;13067.0;13067.0;0.12331;4.963826;13067.0
9035;MSTS;QPLIB_5881.qs;91;34;13067.0;13067.0;0.129311;5.0931370000000005;13067.0
9036;MSTS;QPLIB_5881.qs;91;35;13067.0;13067.0;0.134005;5.227142;13067.0
9037;MSTS;QPLIB_5881.qs;91;36;13067.0;13067.0;0.122532;5.349674;13067.0
9038;MSTS;QPLIB_5881.qs;91;37;13067.0;13067.0;0.163937;5.513611;13067.0
9039;MSTS;QPLIB_5881.qs;91;38;13051.0;13067.0;0.114986;5.628597;13067.0
9040;MSTS;QPLIB_5881.qs;91;39;13067.0;13067.0;0.131295;5.759892;13067.0
9041;MSTS;QPLIB_5881.qs;91;40;13067.0;13067.0;0.168891;5.928783;13067.0
9042;MSTS;QPLIB_5881.qs;91;41;13067.0;13067.0;0.16713;6.095913;13067.0
9043;MSTS;QPLIB_5881.qs;91;42;13051.0;13067.0;0.115586;6.211499;13067.0
9044;MSTS;QPLIB_5881.qs;91;43;13067.0;13067.0;0.147926;6.359425;13067.0
9045;MSTS;QPLIB_5881.qs;91;44;13067.0;13067.0;0.125475;6.4849;13067.0
9046;MSTS;QPLIB_5881.qs;91;45;13067.0;13067.0;0.119278;6.604178;13067.0
9047;MSTS;QPLIB_5881.qs;91;46;13067.0;13067.0;0.118781;6.722959;13067.0
9048;MSTS;QPLIB_5881.qs;91;47;13067.0;13067.0;0.118569;6.841528;13067.0
9049;MSTS;QPLIB_5881.qs;91;48;13067.0;13067.0;0.122399;6.963927;13067.0
9050;MSTS;QPLIB_5881.qs;91;49;13067.0;13067.0;0.136257;7.1001840000000005;13067.0
9051;MSTS;QPLIB_5881.qs;91;50;13067.0;13067.0;0.120709;7.220893;13067.0
9052;MSTS;QPLIB_5881.qs;91;51;13067.0;13067.0;0.165831;7.386724;13067.0
9053;MSTS;QPLIB_5881.qs;91;52;13067.0;13067.0;0.126229;7.512953;13067.0
9054;MSTS;QPLIB_5881.qs;91;53;13067.0;13067.0;0.147972;7.660925;13067.0
9055;MSTS;QPLIB_5881.qs;91;54;13067.0;13067.0;0.153007;7.813932;13067.0
9056;MSTS;QPLIB_5881.qs;91;55;13067.0;13067.0;0.116969;7.930901;13067.0
9057;MSTS;QPLIB_5881.qs;91;56;13067.0;13067.0;0.129217;8.060118;13067.0
9058;MSTS;QPLIB_5881.qs;91;57;13067.0;13067.0;0.207004;8.267122;13067.0
9059;MSTS;QPLIB_5881.qs;91;58;13067.0;13067.0;0.200875;8.467997;13067.0
9060;MSTS;QPLIB_5881.qs;91;59;13067.0;13067.0;0.12985;8.597847;13067.0
9061;MSTS;QPLIB_5881.qs;91;60;13067.0;13067.0;0.131839;8.729686000000001;13067.0
9062;MSTS;QPLIB_5881.qs;91;61;13067.0;13067.0;0.126824;8.85651;13067.0
9063;MSTS;QPLIB_5881.qs;91;62;13067.0;13067.0;0.114719;8.971229;13067.0
9064;MSTS;QPLIB_5881.qs;91;63;13067.0;13067.0;0.1481;9.119329;13067.0
9065;MSTS;QPLIB_5881.qs;91;64;13067.0;13067.0;0.129503;9.248832;13067.0
9066;MSTS;QPLIB_5881.qs;91;65;13067.0;13067.0;0.201781;9.450613;13067.0
9067;MSTS;QPLIB_5881.qs;91;66;13067.0;13067.0;0.113123;9.563736;13067.0
9068;MSTS;QPLIB_5881.qs;91;67;13067.0;13067.0;0.126225;9.689961;13067.0
9069;MSTS;QPLIB_5881.qs;91;68;13067.0;13067.0;0.176743;9.866704;13067.0
9070;MSTS;QPLIB_5881.qs;91;69;13067.0;13067.0;0.117229;9.983933;13067.0
9071;MSTS;QPLIB_5881.qs;91;70;13067.0;13067.0;0.112456;10.096389;13067.0
9072;MSTS;QPLIB_5881.qs;91;71;13067.0;13067.0;0.164336;10.260725;13067.0
9073;MSTS;QPLIB_5881.qs;91;72;13053.0;13067.0;0.1207;10.381425;13067.0
9074;MSTS;QPLIB_5881.qs;91;73;13067.0;13067.0;0.18625;10.567675;13067.0
9075;MSTS;QPLIB_5881.qs;91;74;13067.0;13067.0;0.115548;10.683223;13067.0
9076;MSTS;QPLIB_5881.qs;91;75;13067.0;13067.0;0.139709;10.822932;13067.0
9077;MSTS;QPLIB_5881.qs;91;76;13067.0;13067.0;0.166809;10.989741;13067.0
9078;MSTS;QPLIB_5881.qs;91;77;13067.0;13067.0;0.14342;11.133161;13067.0
9079;MSTS;QPLIB_5881.qs;91;78;13067.0;13067.0;0.126601;11.259762;13067.0
9080;MSTS;QPLIB_5881.qs;91;79;13067.0;13067.0;0.135039;11.394801;13067.0
9081;MSTS;QPLIB_5881.qs;91;80;13067.0;13067.0;0.114071;11.508872;13067.0
9082;MSTS;QPLIB_5881.qs;91;81;13051.0;13067.0;0.112699;11.621571;13067.0
9083;MSTS;QPLIB_5881.qs;91;82;13060.0;13067.0;0.114119;11.73569;13067.0
9084;MSTS;QPLIB_5881.qs;91;83;13067.0;13067.0;0.115895;11.851585;13067.0
9085;MSTS;QPLIB_5881.qs;91;84;13067.0;13067.0;0.155572;12.007157;13067.0
9086;MSTS;QPLIB_5881.qs;91;85;13067.0;13067.0;0.131342;12.138499;13067.0
9087;MSTS;QPLIB_5881.qs;91;86;13067.0;13067.0;0.213592;12.352091;13067.0
9088;MSTS;QPLIB_5881.qs;91;87;13067.0;13067.0;0.119647;12.471738;13067.0
9089;MSTS;QPLIB_5881.qs;91;88;13067.0;13067.0;0.13316;12.604898;13067.0
9090;MSTS;QPLIB_5881.qs;91;89;13067.0;13067.0;0.116222;12.72112;13067.0
9091;MSTS;QPLIB_5881.qs;91;90;13051.0;13067.0;0.117118;12.838238;13067.0
9092;MSTS;QPLIB_5881.qs;91;91;13067.0;13067.0;0.15157;12.989808;13067.0
9093;MSTS;QPLIB_5881.qs;91;92;13067.0;13067.0;0.198879;13.188687;13067.0
9094;MSTS;QPLIB_5881.qs;91;93;13067.0;13067.0;0.114248;13.302935;13067.0
9095;MSTS;QPLIB_5881.qs;91;94;13067.0;13067.0;0.127129;13.430064;13067.0
9096;MSTS;QPLIB_5881.qs;91;95;13067.0;13067.0;0.174086;13.60415;13067.0
9097;MSTS;QPLIB_5881.qs;91;96;13067.0;13067.0;0.181533;13.785683;13067.0
9098;MSTS;QPLIB_5881.qs;91;97;13067.0;13067.0;0.14702;13.932703;13067.0
9099;MSTS;QPLIB_5881.qs;91;98;13067.0;13067.0;0.133755;14.066458;13067.0
9100;MSTS;QPLIB_5881.qs;91;99;13067.0;13067.0;0.15235;14.218808;13067.0
9101;MSTS;QPLIB_5881.qs;91;100;13067.0;13067.0;0.126739;14.345547;13067.0
9102;MSTS;QPLIB_5881.qs;92;1;13067.0;13067.0;0.2615;0.2615;13067.0
9103;MSTS;QPLIB_5881.qs;92;2;13053.0;13067.0;0.18244;0.44394;13067.0
9104;MSTS;QPLIB_5881.qs;92;3;13067.0;13067.0;0.148601;0.592541;13067.0
9105;MSTS;QPLIB_5881.qs;92;4;13067.0;13067.0;0.131615;0.724156;13067.0
9106;MSTS;QPLIB_5881.qs;92;5;13051.0;13067.0;0.115572;0.839728;13067.0
9107;MSTS;QPLIB_5881.qs;92;6;13067.0;13067.0;0.143199;0.982927;13067.0
9108;MSTS;QPLIB_5881.qs;92;7;13067.0;13067.0;0.12493;1.107857;13067.0
9109;MSTS;QPLIB_5881.qs;92;8;13067.0;13067.0;0.122448;1.230305;13067.0
9110;MSTS;QPLIB_5881.qs;92;9;13067.0;13067.0;0.158072;1.388377;13067.0
9111;MSTS;QPLIB_5881.qs;92;10;13067.0;13067.0;0.187554;1.575931;13067.0
9112;MSTS;QPLIB_5881.qs;92;11;13067.0;13067.0;0.116777;1.6927079999999999;13067.0
9113;MSTS;QPLIB_5881.qs;92;12;13067.0;13067.0;0.125409;1.818117;13067.0
9114;MSTS;QPLIB_5881.qs;92;13;13067.0;13067.0;0.132689;1.950806;13067.0
9115;MSTS;QPLIB_5881.qs;92;14;13067.0;13067.0;0.16348;2.114286;13067.0
9116;MSTS;QPLIB_5881.qs;92;15;13051.0;13067.0;0.111811;2.2260969999999998;13067.0
9117;MSTS;QPLIB_5881.qs;92;16;13067.0;13067.0;0.11602;2.342117;13067.0
9118;MSTS;QPLIB_5881.qs;92;17;13067.0;13067.0;0.173386;2.515503;13067.0
9119;MSTS;QPLIB_5881.qs;92;18;13067.0;13067.0;0.118448;2.633951;13067.0
9120;MSTS;QPLIB_5881.qs;92;19;13060.0;13067.0;0.113956;2.747907;13067.0
9121;MSTS;QPLIB_5881.qs;92;20;13067.0;13067.0;0.111965;2.859872;13067.0
9122;MSTS;QPLIB_5881.qs;92;21;13067.0;13067.0;0.145673;3.005545;13067.0
9123;MSTS;QPLIB_5881.qs;92;22;13067.0;13067.0;0.119802;3.125347;13067.0
9124;MSTS;QPLIB_5881.qs;92;23;13067.0;13067.0;0.120394;3.2457409999999998;13067.0
9125;MSTS;QPLIB_5881.qs;92;24;13067.0;13067.0;0.181669;3.42741;13067.0
9126;MSTS;QPLIB_5881.qs;92;25;13067.0;13067.0;0.19394;3.62135;13067.0
9127;MSTS;QPLIB_5881.qs;92;26;13067.0;13067.0;0.179849;3.801199;13067.0
9128;MSTS;QPLIB_5881.qs;92;27;13067.0;13067.0;0.150626;3.951825;13067.0
9129;MSTS;QPLIB_5881.qs;92;28;13067.0;13067.0;0.11913;4.070955;13067.0
9130;MSTS;QPLIB_5881.qs;92;29;13067.0;13067.0;0.164976;4.235931;13067.0
9131;MSTS;QPLIB_5881.qs;92;30;13067.0;13067.0;0.121605;4.357536;13067.0
9132;MSTS;QPLIB_5881.qs;92;31;13067.0;13067.0;0.151806;4.509342;13067.0
9133;MSTS;QPLIB_5881.qs;92;32;13067.0;13067.0;0.117614;4.626956;13067.0
9134;MSTS;QPLIB_5881.qs;92;33;13067.0;13067.0;0.139802;4.766758;13067.0
9135;MSTS;QPLIB_5881.qs;92;34;13067.0;13067.0;0.138957;4.905715;13067.0
9136;MSTS;QPLIB_5881.qs;92;35;13067.0;13067.0;0.138969;5.044684;13067.0
9137;MSTS;QPLIB_5881.qs;92;36;13067.0;13067.0;0.136481;5.181165;13067.0
9138;MSTS;QPLIB_5881.qs;92;37;13051.0;13067.0;0.113067;5.294232;13067.0
9139;MSTS;QPLIB_5881.qs;92;38;13067.0;13067.0;0.134777;5.429009;13067.0
9140;MSTS;QPLIB_5881.qs;92;39;13067.0;13067.0;0.136334;5.565343;13067.0
9141;MSTS;QPLIB_5881.qs;92;40;13067.0;13067.0;0.186271;5.751614;13067.0
9142;MSTS;QPLIB_5881.qs;92;41;13067.0;13067.0;0.143797;5.895411;13067.0
9143;MSTS;QPLIB_5881.qs;92;42;13067.0;13067.0;0.175576;6.070987;13067.0
9144;MSTS;QPLIB_5881.qs;92;43;13067.0;13067.0;0.188917;6.259904;13067.0
9145;MSTS;QPLIB_5881.qs;92;44;13067.0;13067.0;0.130105;6.390009;13067.0
9146;MSTS;QPLIB_5881.qs;92;45;13067.0;13067.0;0.142645;6.532654;13067.0
9147;MSTS;QPLIB_5881.qs;92;46;13067.0;13067.0;0.20455;6.737204;13067.0
9148;MSTS;QPLIB_5881.qs;92;47;13067.0;13067.0;0.125521;6.862725;13067.0
9149;MSTS;QPLIB_5881.qs;92;48;13067.0;13067.0;0.153002;7.015727;13067.0
9150;MSTS;QPLIB_5881.qs;92;49;13067.0;13067.0;0.137284;7.153011;13067.0
9151;MSTS;QPLIB_5881.qs;92;50;13067.0;13067.0;0.128535;7.281546;13067.0
9152;MSTS;QPLIB_5881.qs;92;51;13067.0;13067.0;0.164828;7.4463740000000005;13067.0
9153;MSTS;QPLIB_5881.qs;92;52;13067.0;13067.0;0.162915;7.609289;13067.0
9154;MSTS;QPLIB_5881.qs;92;53;13067.0;13067.0;0.12385;7.733139;13067.0
9155;MSTS;QPLIB_5881.qs;92;54;13067.0;13067.0;0.168453;7.901592;13067.0
9156;MSTS;QPLIB_5881.qs;92;55;13067.0;13067.0;0.124653;8.026245;13067.0
9157;MSTS;QPLIB_5881.qs;92;56;13067.0;13067.0;0.133965;8.16021;13067.0
9158;MSTS;QPLIB_5881.qs;92;57;13067.0;13067.0;0.117887;8.278097;13067.0
9159;MSTS;QPLIB_5881.qs;92;58;13067.0;13067.0;0.12889;8.406987;13067.0
9160;MSTS;QPLIB_5881.qs;92;59;13067.0;13067.0;0.161517;8.568504;13067.0
9161;MSTS;QPLIB_5881.qs;92;60;13067.0;13067.0;0.203478;8.771982;13067.0
9162;MSTS;QPLIB_5881.qs;92;61;13067.0;13067.0;0.147608;8.91959;13067.0
9163;MSTS;QPLIB_5881.qs;92;62;13067.0;13067.0;0.145935;9.065525000000001;13067.0
9164;MSTS;QPLIB_5881.qs;92;63;13067.0;13067.0;0.120536;9.186061;13067.0
9165;MSTS;QPLIB_5881.qs;92;64;13067.0;13067.0;0.132153;9.318214;13067.0
9166;MSTS;QPLIB_5881.qs;92;65;13067.0;13067.0;0.123401;9.441615;13067.0
9167;MSTS;QPLIB_5881.qs;92;66;13067.0;13067.0;0.138483;9.580098;13067.0
9168;MSTS;QPLIB_5881.qs;92;67;13051.0;13067.0;0.115249;9.695347;13067.0
9169;MSTS;QPLIB_5881.qs;92;68;13067.0;13067.0;0.114383;9.80973;13067.0
9170;MSTS;QPLIB_5881.qs;92;69;13067.0;13067.0;0.127178;9.936908;13067.0
9171;MSTS;QPLIB_5881.qs;92;70;13067.0;13067.0;0.147538;10.084446;13067.0
9172;MSTS;QPLIB_5881.qs;92;71;13067.0;13067.0;0.116493;10.200939;13067.0
9173;MSTS;QPLIB_5881.qs;92;72;13067.0;13067.0;0.126227;10.327166;13067.0
9174;MSTS;QPLIB_5881.qs;92;73;13067.0;13067.0;0.126744;10.45391;13067.0
9175;MSTS;QPLIB_5881.qs;92;74;13067.0;13067.0;0.134686;10.588596;13067.0
9176;MSTS;QPLIB_5881.qs;92;75;13067.0;13067.0;0.12849;10.717086;13067.0
9177;MSTS;QPLIB_5881.qs;92;76;13067.0;13067.0;0.172541;10.889627;13067.0
9178;MSTS;QPLIB_5881.qs;92;77;13067.0;13067.0;0.120152;11.009779;13067.0
9179;MSTS;QPLIB_5881.qs;92;78;13067.0;13067.0;0.145996;11.155775;13067.0
9180;MSTS;QPLIB_5881.qs;92;79;13067.0;13067.0;0.128207;11.283982;13067.0
9181;MSTS;QPLIB_5881.qs;92;80;13067.0;13067.0;0.172831;11.456813;13067.0
9182;MSTS;QPLIB_5881.qs;92;81;13067.0;13067.0;0.127589;11.584402;13067.0
9183;MSTS;QPLIB_5881.qs;92;82;13067.0;13067.0;0.140126;11.724528;13067.0
9184;MSTS;QPLIB_5881.qs;92;83;13067.0;13067.0;0.124601;11.849129;13067.0
9185;MSTS;QPLIB_5881.qs;92;84;13051.0;13067.0;0.116375;11.965504;13067.0
9186;MSTS;QPLIB_5881.qs;92;85;13067.0;13067.0;0.149942;12.115446;13067.0
9187;MSTS;QPLIB_5881.qs;92;86;13067.0;13067.0;0.147716;12.263162;13067.0
9188;MSTS;QPLIB_5881.qs;92;87;13067.0;13067.0;0.118063;12.381225;13067.0
9189;MSTS;QPLIB_5881.qs;92;88;13067.0;13067.0;0.113978;12.495203;13067.0
9190;MSTS;QPLIB_5881.qs;92;89;13067.0;13067.0;0.14141;12.636613;13067.0
9191;MSTS;QPLIB_5881.qs;92;90;13060.0;13067.0;0.177892;12.814505;13067.0
9192;MSTS;QPLIB_5881.qs;92;91;13067.0;13067.0;0.114978;12.929483;13067.0
9193;MSTS;QPLIB_5881.qs;92;92;13051.0;13067.0;0.120236;13.049719;13067.0
9194;MSTS;QPLIB_5881.qs;92;93;13067.0;13067.0;0.125604;13.175323;13067.0
9195;MSTS;QPLIB_5881.qs;92;94;13067.0;13067.0;0.117756;13.293079;13067.0
9196;MSTS;QPLIB_5881.qs;92;95;13067.0;13067.0;0.125559;13.418638;13067.0
9197;MSTS;QPLIB_5881.qs;92;96;13051.0;13067.0;0.114277;13.532915;13067.0
9198;MSTS;QPLIB_5881.qs;92;97;13067.0;13067.0;0.185122;13.718037;13067.0
9199;MSTS;QPLIB_5881.qs;92;98;13067.0;13067.0;0.124584;13.842621;13067.0
9200;MSTS;QPLIB_5881.qs;92;99;13067.0;13067.0;0.114987;13.957608;13067.0
9201;MSTS;QPLIB_5881.qs;92;100;13067.0;13067.0;0.12919;14.086798;13067.0
9202;MSTS;QPLIB_5881.qs;93;1;13051.0;13067.0;0.20765;0.20765;13067.0
9203;MSTS;QPLIB_5881.qs;93;2;13067.0;13067.0;0.136162;0.343812;13067.0
9204;MSTS;QPLIB_5881.qs;93;3;13067.0;13067.0;0.169191;0.513003;13067.0
9205;MSTS;QPLIB_5881.qs;93;4;13067.0;13067.0;0.122685;0.635688;13067.0
9206;MSTS;QPLIB_5881.qs;93;5;13067.0;13067.0;0.117209;0.752897;13067.0
9207;MSTS;QPLIB_5881.qs;93;6;13067.0;13067.0;0.251608;1.004505;13067.0
9208;MSTS;QPLIB_5881.qs;93;7;13067.0;13067.0;0.1521;1.1566049999999999;13067.0
9209;MSTS;QPLIB_5881.qs;93;8;13067.0;13067.0;0.138878;1.295483;13067.0
9210;MSTS;QPLIB_5881.qs;93;9;13051.0;13067.0;0.113259;1.408742;13067.0
9211;MSTS;QPLIB_5881.qs;93;10;13067.0;13067.0;0.119061;1.527803;13067.0
9212;MSTS;QPLIB_5881.qs;93;11;13067.0;13067.0;0.135612;1.663415;13067.0
9213;MSTS;QPLIB_5881.qs;93;12;13067.0;13067.0;0.1214;1.784815;13067.0
9214;MSTS;QPLIB_5881.qs;93;13;13067.0;13067.0;0.195003;1.979818;13067.0
9215;MSTS;QPLIB_5881.qs;93;14;13067.0;13067.0;0.118954;2.098772;13067.0
9216;MSTS;QPLIB_5881.qs;93;15;13067.0;13067.0;0.198469;2.297241;13067.0
9217;MSTS;QPLIB_5881.qs;93;16;13067.0;13067.0;0.140655;2.437896;13067.0
9218;MSTS;QPLIB_5881.qs;93;17;13067.0;13067.0;0.166524;2.60442;13067.0
9219;MSTS;QPLIB_5881.qs;93;18;13067.0;13067.0;0.208716;2.813136;13067.0
9220;MSTS;QPLIB_5881.qs;93;19;13067.0;13067.0;0.174374;2.98751;13067.0
9221;MSTS;QPLIB_5881.qs;93;20;13067.0;13067.0;0.165296;3.152806;13067.0
9222;MSTS;QPLIB_5881.qs;93;21;13067.0;13067.0;0.137704;3.2905100000000003;13067.0
9223;MSTS;QPLIB_5881.qs;93;22;13067.0;13067.0;0.167131;3.457641;13067.0
9224;MSTS;QPLIB_5881.qs;93;23;13067.0;13067.0;0.146687;3.604328;13067.0
9225;MSTS;QPLIB_5881.qs;93;24;13067.0;13067.0;0.175799;3.7801270000000002;13067.0
9226;MSTS;QPLIB_5881.qs;93;25;13067.0;13067.0;0.175058;3.955185;13067.0
9227;MSTS;QPLIB_5881.qs;93;26;13067.0;13067.0;0.132493;4.087678;13067.0
9228;MSTS;QPLIB_5881.qs;93;27;13067.0;13067.0;0.142254;4.229932;13067.0
9229;MSTS;QPLIB_5881.qs;93;28;13067.0;13067.0;0.130012;4.3599440000000005;13067.0
9230;MSTS;QPLIB_5881.qs;93;29;13067.0;13067.0;0.167678;4.527622;13067.0
9231;MSTS;QPLIB_5881.qs;93;30;13067.0;13067.0;0.140191;4.667813;13067.0
9232;MSTS;QPLIB_5881.qs;93;31;13051.0;13067.0;0.115304;4.783117;13067.0
9233;MSTS;QPLIB_5881.qs;93;32;13067.0;13067.0;0.182377;4.965494;13067.0
9234;MSTS;QPLIB_5881.qs;93;33;13067.0;13067.0;0.119505;5.084999;13067.0
9235;MSTS;QPLIB_5881.qs;93;34;13067.0;13067.0;0.126801;5.2118;13067.0
9236;MSTS;QPLIB_5881.qs;93;35;13067.0;13067.0;0.127881;5.339681;13067.0
9237;MSTS;QPLIB_5881.qs;93;36;13067.0;13067.0;0.131733;5.471414;13067.0
9238;MSTS;QPLIB_5881.qs;93;37;13067.0;13067.0;0.143068;5.614482;13067.0
9239;MSTS;QPLIB_5881.qs;93;38;13067.0;13067.0;0.209181;5.823663;13067.0
9240;MSTS;QPLIB_5881.qs;93;39;13067.0;13067.0;0.166776;5.990439;13067.0
9241;MSTS;QPLIB_5881.qs;93;40;13060.0;13067.0;0.126942;6.117381;13067.0
9242;MSTS;QPLIB_5881.qs;93;41;13067.0;13067.0;0.114491;6.231872;13067.0
9243;MSTS;QPLIB_5881.qs;93;42;13067.0;13067.0;0.148041;6.379913;13067.0
9244;MSTS;QPLIB_5881.qs;93;43;13067.0;13067.0;0.1287;6.508613;13067.0
9245;MSTS;QPLIB_5881.qs;93;44;13067.0;13067.0;0.121925;6.6305380000000005;13067.0
9246;MSTS;QPLIB_5881.qs;93;45;13067.0;13067.0;0.193463;6.824001;13067.0
9247;MSTS;QPLIB_5881.qs;93;46;13067.0;13067.0;0.145554;6.969555;13067.0
9248;MSTS;QPLIB_5881.qs;93;47;13067.0;13067.0;0.125893;7.095448;13067.0
9249;MSTS;QPLIB_5881.qs;93;48;13067.0;13067.0;0.134415;7.229863;13067.0
9250;MSTS;QPLIB_5881.qs;93;49;13067.0;13067.0;0.142884;7.372747;13067.0
9251;MSTS;QPLIB_5881.qs;93;50;13067.0;13067.0;0.148489;7.521236;13067.0
9252;MSTS;QPLIB_5881.qs;93;51;13067.0;13067.0;0.228207;7.749443;13067.0
9253;MSTS;QPLIB_5881.qs;93;52;13067.0;13067.0;0.132641;7.882084;13067.0
9254;MSTS;QPLIB_5881.qs;93;53;13051.0;13067.0;0.113946;7.99603;13067.0
9255;MSTS;QPLIB_5881.qs;93;54;13067.0;13067.0;0.156868;8.152898;13067.0
9256;MSTS;QPLIB_5881.qs;93;55;13067.0;13067.0;0.141297;8.294195;13067.0
9257;MSTS;QPLIB_5881.qs;93;56;13067.0;13067.0;0.116317;8.410512;13067.0
9258;MSTS;QPLIB_5881.qs;93;57;13067.0;13067.0;0.120444;8.530956;13067.0
9259;MSTS;QPLIB_5881.qs;93;58;13060.0;13067.0;0.138139;8.669095;13067.0
9260;MSTS;QPLIB_5881.qs;93;59;13067.0;13067.0;0.113573;8.782668;13067.0
9261;MSTS;QPLIB_5881.qs;93;60;13067.0;13067.0;0.198426;8.981094;13067.0
9262;MSTS;QPLIB_5881.qs;93;61;13067.0;13067.0;0.182742;9.163836;13067.0
9263;MSTS;QPLIB_5881.qs;93;62;13067.0;13067.0;0.135587;9.299423;13067.0
9264;MSTS;QPLIB_5881.qs;93;63;13067.0;13067.0;0.182478;9.481901;13067.0
9265;MSTS;QPLIB_5881.qs;93;64;13067.0;13067.0;0.124603;9.606504;13067.0
9266;MSTS;QPLIB_5881.qs;93;65;13067.0;13067.0;0.202046;9.80855;13067.0
9267;MSTS;QPLIB_5881.qs;93;66;13067.0;13067.0;0.128713;9.937263;13067.0
9268;MSTS;QPLIB_5881.qs;93;67;13067.0;13067.0;0.124611;10.061874;13067.0
9269;MSTS;QPLIB_5881.qs;93;68;13067.0;13067.0;0.140293;10.202167;13067.0
9270;MSTS;QPLIB_5881.qs;93;69;13067.0;13067.0;0.2385;10.440667;13067.0
9271;MSTS;QPLIB_5881.qs;93;70;13067.0;13067.0;0.195056;10.635723;13067.0
9272;MSTS;QPLIB_5881.qs;93;71;13067.0;13067.0;0.16475;10.800473;13067.0
9273;MSTS;QPLIB_5881.qs;93;72;13067.0;13067.0;0.162734;10.963207;13067.0
9274;MSTS;QPLIB_5881.qs;93;73;13067.0;13067.0;0.14617;11.109377;13067.0
9275;MSTS;QPLIB_5881.qs;93;74;13067.0;13067.0;0.139927;11.249304;13067.0
9276;MSTS;QPLIB_5881.qs;93;75;13067.0;13067.0;0.126848;11.376152;13067.0
9277;MSTS;QPLIB_5881.qs;93;76;13067.0;13067.0;0.119733;11.495885;13067.0
9278;MSTS;QPLIB_5881.qs;93;77;13067.0;13067.0;0.129244;11.625129;13067.0
9279;MSTS;QPLIB_5881.qs;93;78;13067.0;13067.0;0.158871;11.784;13067.0
9280;MSTS;QPLIB_5881.qs;93;79;13067.0;13067.0;0.115121;11.899121000000001;13067.0
9281;MSTS;QPLIB_5881.qs;93;80;13067.0;13067.0;0.122212;12.021333;13067.0
9282;MSTS;QPLIB_5881.qs;93;81;13067.0;13067.0;0.135153;12.156486;13067.0
9283;MSTS;QPLIB_5881.qs;93;82;13067.0;13067.0;0.134594;12.291080000000001;13067.0
9284;MSTS;QPLIB_5881.qs;93;83;13067.0;13067.0;0.129083;12.420163;13067.0
9285;MSTS;QPLIB_5881.qs;93;84;13067.0;13067.0;0.122903;12.543066;13067.0
9286;MSTS;QPLIB_5881.qs;93;85;13067.0;13067.0;0.139163;12.682229;13067.0
9287;MSTS;QPLIB_5881.qs;93;86;13067.0;13067.0;0.126198;12.808427;13067.0
9288;MSTS;QPLIB_5881.qs;93;87;13067.0;13067.0;0.121665;12.930092;13067.0
9289;MSTS;QPLIB_5881.qs;93;88;13067.0;13067.0;0.118395;13.048487;13067.0
9290;MSTS;QPLIB_5881.qs;93;89;13051.0;13067.0;0.113098;13.161585;13067.0
9291;MSTS;QPLIB_5881.qs;93;90;13067.0;13067.0;0.142042;13.303627;13067.0
9292;MSTS;QPLIB_5881.qs;93;91;13067.0;13067.0;0.131322;13.434949;13067.0
9293;MSTS;QPLIB_5881.qs;93;92;13067.0;13067.0;0.130704;13.565653;13067.0
9294;MSTS;QPLIB_5881.qs;93;93;13067.0;13067.0;0.17058;13.736233;13067.0
9295;MSTS;QPLIB_5881.qs;93;94;13067.0;13067.0;0.124288;13.860521;13067.0
9296;MSTS;QPLIB_5881.qs;93;95;13067.0;13067.0;0.124573;13.985094;13067.0
9297;MSTS;QPLIB_5881.qs;93;96;13067.0;13067.0;0.127506;14.1126;13067.0
9298;MSTS;QPLIB_5881.qs;93;97;13067.0;13067.0;0.129383;14.241983;13067.0
9299;MSTS;QPLIB_5881.qs;93;98;13067.0;13067.0;0.149607;14.39159;13067.0
9300;MSTS;QPLIB_5881.qs;93;99;13067.0;13067.0;0.131079;14.522669;13067.0
9301;MSTS;QPLIB_5881.qs;93;100;13067.0;13067.0;0.157191;14.67986;13067.0
9302;MSTS;QPLIB_5881.qs;94;1;13067.0;13067.0;0.247632;0.247632;13067.0
9303;MSTS;QPLIB_5881.qs;94;2;13067.0;13067.0;0.161892;0.409524;13067.0
9304;MSTS;QPLIB_5881.qs;94;3;13067.0;13067.0;0.125464;0.534988;13067.0
9305;MSTS;QPLIB_5881.qs;94;4;13067.0;13067.0;0.151527;0.686515;13067.0
9306;MSTS;QPLIB_5881.qs;94;5;13067.0;13067.0;0.125919;0.812434;13067.0
9307;MSTS;QPLIB_5881.qs;94;6;13067.0;13067.0;0.187841;1.000275;13067.0
9308;MSTS;QPLIB_5881.qs;94;7;13067.0;13067.0;0.112741;1.113016;13067.0
9309;MSTS;QPLIB_5881.qs;94;8;13067.0;13067.0;0.130154;1.24317;13067.0
9310;MSTS;QPLIB_5881.qs;94;9;13067.0;13067.0;0.128278;1.371448;13067.0
9311;MSTS;QPLIB_5881.qs;94;10;13051.0;13067.0;0.116898;1.488346;13067.0
9312;MSTS;QPLIB_5881.qs;94;11;13067.0;13067.0;0.174546;1.662892;13067.0
9313;MSTS;QPLIB_5881.qs;94;12;13067.0;13067.0;0.11336;1.776252;13067.0
9314;MSTS;QPLIB_5881.qs;94;13;13067.0;13067.0;0.178828;1.95508;13067.0
9315;MSTS;QPLIB_5881.qs;94;14;13067.0;13067.0;0.192521;2.147601;13067.0
9316;MSTS;QPLIB_5881.qs;94;15;13067.0;13067.0;0.124441;2.272042;13067.0
9317;MSTS;QPLIB_5881.qs;94;16;13067.0;13067.0;0.144049;2.4160909999999998;13067.0
9318;MSTS;QPLIB_5881.qs;94;17;13067.0;13067.0;0.176706;2.592797;13067.0
9319;MSTS;QPLIB_5881.qs;94;18;13067.0;13067.0;0.117064;2.709861;13067.0
9320;MSTS;QPLIB_5881.qs;94;19;13067.0;13067.0;0.122199;2.83206;13067.0
9321;MSTS;QPLIB_5881.qs;94;20;13067.0;13067.0;0.11895;2.95101;13067.0
9322;MSTS;QPLIB_5881.qs;94;21;13067.0;13067.0;0.198799;3.149809;13067.0
9323;MSTS;QPLIB_5881.qs;94;22;13067.0;13067.0;0.11475;3.264559;13067.0
9324;MSTS;QPLIB_5881.qs;94;23;13060.0;13067.0;0.137472;3.402031;13067.0
9325;MSTS;QPLIB_5881.qs;94;24;13067.0;13067.0;0.113267;3.515298;13067.0
9326;MSTS;QPLIB_5881.qs;94;25;13067.0;13067.0;0.171592;3.68689;13067.0
9327;MSTS;QPLIB_5881.qs;94;26;13067.0;13067.0;0.143217;3.830107;13067.0
9328;MSTS;QPLIB_5881.qs;94;27;13067.0;13067.0;0.119007;3.9491140000000002;13067.0
9329;MSTS;QPLIB_5881.qs;94;28;13067.0;13067.0;0.135943;4.085057;13067.0
9330;MSTS;QPLIB_5881.qs;94;29;13067.0;13067.0;0.196349;4.2814060000000005;13067.0
9331;MSTS;QPLIB_5881.qs;94;30;13067.0;13067.0;0.125635;4.407041;13067.0
9332;MSTS;QPLIB_5881.qs;94;31;13067.0;13067.0;0.197031;4.604072;13067.0
9333;MSTS;QPLIB_5881.qs;94;32;13067.0;13067.0;0.189193;4.793265;13067.0
9334;MSTS;QPLIB_5881.qs;94;33;13067.0;13067.0;0.204419;4.9976840000000005;13067.0
9335;MSTS;QPLIB_5881.qs;94;34;13067.0;13067.0;0.122182;5.119866;13067.0
9336;MSTS;QPLIB_5881.qs;94;35;13051.0;13067.0;0.113417;5.233283;13067.0
9337;MSTS;QPLIB_5881.qs;94;36;13067.0;13067.0;0.119123;5.352406;13067.0
9338;MSTS;QPLIB_5881.qs;94;37;13067.0;13067.0;0.12889;5.481296;13067.0
9339;MSTS;QPLIB_5881.qs;94;38;13067.0;13067.0;0.13195;5.613246;13067.0
9340;MSTS;QPLIB_5881.qs;94;39;13067.0;13067.0;0.158967;5.772213;13067.0
9341;MSTS;QPLIB_5881.qs;94;40;13067.0;13067.0;0.137448;5.909661;13067.0
9342;MSTS;QPLIB_5881.qs;94;41;13067.0;13067.0;0.124867;6.034528;13067.0
9343;MSTS;QPLIB_5881.qs;94;42;13067.0;13067.0;0.12273;6.157258;13067.0
9344;MSTS;QPLIB_5881.qs;94;43;13067.0;13067.0;0.127998;6.285256;13067.0
9345;MSTS;QPLIB_5881.qs;94;44;13067.0;13067.0;0.128553;6.413809;13067.0
9346;MSTS;QPLIB_5881.qs;94;45;13067.0;13067.0;0.115675;6.529484;13067.0
9347;MSTS;QPLIB_5881.qs;94;46;13067.0;13067.0;0.206263;6.735747;13067.0
9348;MSTS;QPLIB_5881.qs;94;47;13067.0;13067.0;0.136833;6.87258;13067.0
9349;MSTS;QPLIB_5881.qs;94;48;13067.0;13067.0;0.189733;7.0623130000000005;13067.0
9350;MSTS;QPLIB_5881.qs;94;49;13067.0;13067.0;0.1201;7.182413;13067.0
9351;MSTS;QPLIB_5881.qs;94;50;13067.0;13067.0;0.162067;7.34448;13067.0
9352;MSTS;QPLIB_5881.qs;94;51;13067.0;13067.0;0.137192;7.481672;13067.0
9353;MSTS;QPLIB_5881.qs;94;52;13067.0;13067.0;0.135969;7.617641;13067.0
9354;MSTS;QPLIB_5881.qs;94;53;13067.0;13067.0;0.14991;7.767551;13067.0
9355;MSTS;QPLIB_5881.qs;94;54;13067.0;13067.0;0.12403;7.891581;13067.0
9356;MSTS;QPLIB_5881.qs;94;55;13067.0;13067.0;0.133536;8.025117;13067.0
9357;MSTS;QPLIB_5881.qs;94;56;13067.0;13067.0;0.140056;8.165173;13067.0
9358;MSTS;QPLIB_5881.qs;94;57;13067.0;13067.0;0.138075;8.303248;13067.0
9359;MSTS;QPLIB_5881.qs;94;58;13067.0;13067.0;0.118024;8.421272;13067.0
9360;MSTS;QPLIB_5881.qs;94;59;13067.0;13067.0;0.138306;8.559578;13067.0
9361;MSTS;QPLIB_5881.qs;94;60;13067.0;13067.0;0.133177;8.692755;13067.0
9362;MSTS;QPLIB_5881.qs;94;61;13067.0;13067.0;0.122496;8.815251;13067.0
9363;MSTS;QPLIB_5881.qs;94;62;13067.0;13067.0;0.150845;8.966096;13067.0
9364;MSTS;QPLIB_5881.qs;94;63;13067.0;13067.0;0.117389;9.083485;13067.0
9365;MSTS;QPLIB_5881.qs;94;64;13067.0;13067.0;0.179907;9.263392;13067.0
9366;MSTS;QPLIB_5881.qs;94;65;13067.0;13067.0;0.116395;9.379787;13067.0
9367;MSTS;QPLIB_5881.qs;94;66;13051.0;13067.0;0.11428;9.494067;13067.0
9368;MSTS;QPLIB_5881.qs;94;67;13067.0;13067.0;0.117774;9.611841;13067.0
9369;MSTS;QPLIB_5881.qs;94;68;13067.0;13067.0;0.170336;9.782177;13067.0
9370;MSTS;QPLIB_5881.qs;94;69;13067.0;13067.0;0.132805;9.914982;13067.0
9371;MSTS;QPLIB_5881.qs;94;70;13067.0;13067.0;0.110639;10.025621;13067.0
9372;MSTS;QPLIB_5881.qs;94;71;13067.0;13067.0;0.128613;10.154234;13067.0
9373;MSTS;QPLIB_5881.qs;94;72;13067.0;13067.0;0.201423;10.355657;13067.0
9374;MSTS;QPLIB_5881.qs;94;73;13067.0;13067.0;0.22999;10.585647;13067.0
9375;MSTS;QPLIB_5881.qs;94;74;13067.0;13067.0;0.120918;10.706565;13067.0
9376;MSTS;QPLIB_5881.qs;94;75;13067.0;13067.0;0.120853;10.827418;13067.0
9377;MSTS;QPLIB_5881.qs;94;76;13067.0;13067.0;0.174458;11.001876;13067.0
9378;MSTS;QPLIB_5881.qs;94;77;13067.0;13067.0;0.114693;11.116569;13067.0
9379;MSTS;QPLIB_5881.qs;94;78;13051.0;13067.0;0.110225;11.226794;13067.0
9380;MSTS;QPLIB_5881.qs;94;79;13067.0;13067.0;0.117741;11.344535;13067.0
9381;MSTS;QPLIB_5881.qs;94;80;13067.0;13067.0;0.129321;11.473856;13067.0
9382;MSTS;QPLIB_5881.qs;94;81;13067.0;13067.0;0.14589;11.619746;13067.0
9383;MSTS;QPLIB_5881.qs;94;82;13067.0;13067.0;0.221436;11.841182;13067.0
9384;MSTS;QPLIB_5881.qs;94;83;13067.0;13067.0;0.118952;11.960134;13067.0
9385;MSTS;QPLIB_5881.qs;94;84;13067.0;13067.0;0.186549;12.146683;13067.0
9386;MSTS;QPLIB_5881.qs;94;85;13051.0;13067.0;0.109686;12.256369;13067.0
9387;MSTS;QPLIB_5881.qs;94;86;13067.0;13067.0;0.127083;12.383452;13067.0
9388;MSTS;QPLIB_5881.qs;94;87;13067.0;13067.0;0.169542;12.552994;13067.0
9389;MSTS;QPLIB_5881.qs;94;88;13067.0;13067.0;0.144743;12.697737;13067.0
9390;MSTS;QPLIB_5881.qs;94;89;13067.0;13067.0;0.164843;12.86258;13067.0
9391;MSTS;QPLIB_5881.qs;94;90;13051.0;13067.0;0.113103;12.975683;13067.0
9392;MSTS;QPLIB_5881.qs;94;91;13067.0;13067.0;0.180362;13.156045;13067.0
9393;MSTS;QPLIB_5881.qs;94;92;13051.0;13067.0;0.112696;13.268741;13067.0
9394;MSTS;QPLIB_5881.qs;94;93;13067.0;13067.0;0.147833;13.416574;13067.0
9395;MSTS;QPLIB_5881.qs;94;94;13067.0;13067.0;0.132511;13.549085;13067.0
9396;MSTS;QPLIB_5881.qs;94;95;13067.0;13067.0;0.185141;13.734226;13067.0
9397;MSTS;QPLIB_5881.qs;94;96;13067.0;13067.0;0.115307;13.849533000000001;13067.0
9398;MSTS;QPLIB_5881.qs;94;97;13067.0;13067.0;0.128785;13.978318;13067.0
9399;MSTS;QPLIB_5881.qs;94;98;13051.0;13067.0;0.113135;14.091453;13067.0
9400;MSTS;QPLIB_5881.qs;94;99;13067.0;13067.0;0.171869;14.263322;13067.0
9401;MSTS;QPLIB_5881.qs;94;100;13067.0;13067.0;0.187389;14.450711;13067.0
9402;MSTS;QPLIB_5881.qs;95;1;13067.0;13067.0;0.236701;0.236701;13067.0
9403;MSTS;QPLIB_5881.qs;95;2;13067.0;13067.0;0.140939;0.37764;13067.0
9404;MSTS;QPLIB_5881.qs;95;3;13067.0;13067.0;0.148298;0.525938;13067.0
9405;MSTS;QPLIB_5881.qs;95;4;13067.0;13067.0;0.132352;0.65829;13067.0
9406;MSTS;QPLIB_5881.qs;95;5;13067.0;13067.0;0.123712;0.782002;13067.0
9407;MSTS;QPLIB_5881.qs;95;6;13053.0;13067.0;0.120195;0.902197;13067.0
9408;MSTS;QPLIB_5881.qs;95;7;13067.0;13067.0;0.169055;1.071252;13067.0
9409;MSTS;QPLIB_5881.qs;95;8;13067.0;13067.0;0.125704;1.1969560000000001;13067.0
9410;MSTS;QPLIB_5881.qs;95;9;13067.0;13067.0;0.113945;1.310901;13067.0
9411;MSTS;QPLIB_5881.qs;95;10;13067.0;13067.0;0.118091;1.428992;13067.0
9412;MSTS;QPLIB_5881.qs;95;11;13060.0;13067.0;0.117654;1.546646;13067.0
9413;MSTS;QPLIB_5881.qs;95;12;13067.0;13067.0;0.112912;1.659558;13067.0
9414;MSTS;QPLIB_5881.qs;95;13;13067.0;13067.0;0.156216;1.815774;13067.0
9415;MSTS;QPLIB_5881.qs;95;14;13067.0;13067.0;0.18488;2.000654;13067.0
9416;MSTS;QPLIB_5881.qs;95;15;13067.0;13067.0;0.126957;2.127611;13067.0
9417;MSTS;QPLIB_5881.qs;95;16;13067.0;13067.0;0.129913;2.257524;13067.0
9418;MSTS;QPLIB_5881.qs;95;17;13060.0;13067.0;0.138051;2.395575;13067.0
9419;MSTS;QPLIB_5881.qs;95;18;13067.0;13067.0;0.116285;2.51186;13067.0
9420;MSTS;QPLIB_5881.qs;95;19;13051.0;13067.0;0.115431;2.627291;13067.0
9421;MSTS;QPLIB_5881.qs;95;20;13067.0;13067.0;0.114163;2.741454;13067.0
9422;MSTS;QPLIB_5881.qs;95;21;13067.0;13067.0;0.116022;2.857476;13067.0
9423;MSTS;QPLIB_5881.qs;95;22;13067.0;13067.0;0.114528;2.972004;13067.0
9424;MSTS;QPLIB_5881.qs;95;23;13051.0;13067.0;0.113256;3.08526;13067.0
9425;MSTS;QPLIB_5881.qs;95;24;13067.0;13067.0;0.128835;3.214095;13067.0
9426;MSTS;QPLIB_5881.qs;95;25;13067.0;13067.0;0.12707;3.341165;13067.0
9427;MSTS;QPLIB_5881.qs;95;26;13067.0;13067.0;0.208252;3.549417;13067.0
9428;MSTS;QPLIB_5881.qs;95;27;13067.0;13067.0;0.128275;3.677692;13067.0
9429;MSTS;QPLIB_5881.qs;95;28;13067.0;13067.0;0.149865;3.827557;13067.0
9430;MSTS;QPLIB_5881.qs;95;29;13067.0;13067.0;0.187598;4.015155;13067.0
9431;MSTS;QPLIB_5881.qs;95;30;13067.0;13067.0;0.168458;4.183613;13067.0
9432;MSTS;QPLIB_5881.qs;95;31;13067.0;13067.0;0.127217;4.31083;13067.0
9433;MSTS;QPLIB_5881.qs;95;32;13067.0;13067.0;0.192039;4.502869;13067.0
9434;MSTS;QPLIB_5881.qs;95;33;13067.0;13067.0;0.116342;4.619211;13067.0
9435;MSTS;QPLIB_5881.qs;95;34;13067.0;13067.0;0.141006;4.760217;13067.0
9436;MSTS;QPLIB_5881.qs;95;35;13067.0;13067.0;0.133138;4.893355;13067.0
9437;MSTS;QPLIB_5881.qs;95;36;13067.0;13067.0;0.122155;5.01551;13067.0
9438;MSTS;QPLIB_5881.qs;95;37;13067.0;13067.0;0.12312;5.13863;13067.0
9439;MSTS;QPLIB_5881.qs;95;38;13067.0;13067.0;0.120568;5.259198;13067.0
9440;MSTS;QPLIB_5881.qs;95;39;13067.0;13067.0;0.139325;5.398523;13067.0
9441;MSTS;QPLIB_5881.qs;95;40;13067.0;13067.0;0.140514;5.5390369999999995;13067.0
9442;MSTS;QPLIB_5881.qs;95;41;13067.0;13067.0;0.120172;5.659209;13067.0
9443;MSTS;QPLIB_5881.qs;95;42;13051.0;13067.0;0.115694;5.774903;13067.0
9444;MSTS;QPLIB_5881.qs;95;43;13067.0;13067.0;0.118662;5.893565;13067.0
9445;MSTS;QPLIB_5881.qs;95;44;13067.0;13067.0;0.127119;6.020684;13067.0
9446;MSTS;QPLIB_5881.qs;95;45;13067.0;13067.0;0.167565;6.188249;13067.0
9447;MSTS;QPLIB_5881.qs;95;46;13067.0;13067.0;0.120752;6.309001;13067.0
9448;MSTS;QPLIB_5881.qs;95;47;13067.0;13067.0;0.115611;6.424612;13067.0
9449;MSTS;QPLIB_5881.qs;95;48;13067.0;13067.0;0.15664;6.581252;13067.0
9450;MSTS;QPLIB_5881.qs;95;49;13067.0;13067.0;0.124192;6.705444;13067.0
9451;MSTS;QPLIB_5881.qs;95;50;13067.0;13067.0;0.177952;6.883396;13067.0
9452;MSTS;QPLIB_5881.qs;95;51;13067.0;13067.0;0.172868;7.056264;13067.0
9453;MSTS;QPLIB_5881.qs;95;52;13067.0;13067.0;0.17728;7.233544;13067.0
9454;MSTS;QPLIB_5881.qs;95;53;13067.0;13067.0;0.131189;7.364733;13067.0
9455;MSTS;QPLIB_5881.qs;95;54;13067.0;13067.0;0.122807;7.48754;13067.0
9456;MSTS;QPLIB_5881.qs;95;55;13067.0;13067.0;0.155545;7.643085;13067.0
9457;MSTS;QPLIB_5881.qs;95;56;13067.0;13067.0;0.132149;7.775234;13067.0
9458;MSTS;QPLIB_5881.qs;95;57;13067.0;13067.0;0.15904;7.934274;13067.0
9459;MSTS;QPLIB_5881.qs;95;58;13067.0;13067.0;0.15258;8.086854;13067.0
9460;MSTS;QPLIB_5881.qs;95;59;13067.0;13067.0;0.135868;8.222722;13067.0
9461;MSTS;QPLIB_5881.qs;95;60;13067.0;13067.0;0.121217;8.343939;13067.0
9462;MSTS;QPLIB_5881.qs;95;61;13067.0;13067.0;0.121509;8.465448;13067.0
9463;MSTS;QPLIB_5881.qs;95;62;13067.0;13067.0;0.114488;8.579936;13067.0
9464;MSTS;QPLIB_5881.qs;95;63;13067.0;13067.0;0.130546;8.710482;13067.0
9465;MSTS;QPLIB_5881.qs;95;64;13067.0;13067.0;0.1313;8.841782;13067.0
9466;MSTS;QPLIB_5881.qs;95;65;13051.0;13067.0;0.114596;8.956378;13067.0
9467;MSTS;QPLIB_5881.qs;95;66;13067.0;13067.0;0.139474;9.095852;13067.0
9468;MSTS;QPLIB_5881.qs;95;67;13067.0;13067.0;0.170159;9.266011;13067.0
9469;MSTS;QPLIB_5881.qs;95;68;13067.0;13067.0;0.124823;9.390834;13067.0
9470;MSTS;QPLIB_5881.qs;95;69;13051.0;13067.0;0.11353;9.504364;13067.0
9471;MSTS;QPLIB_5881.qs;95;70;13067.0;13067.0;0.114158;9.618522;13067.0
9472;MSTS;QPLIB_5881.qs;95;71;13067.0;13067.0;0.166988;9.78551;13067.0
9473;MSTS;QPLIB_5881.qs;95;72;13067.0;13067.0;0.183832;9.969342;13067.0
9474;MSTS;QPLIB_5881.qs;95;73;13067.0;13067.0;0.152667;10.122009;13067.0
9475;MSTS;QPLIB_5881.qs;95;74;13051.0;13067.0;0.116073;10.238082;13067.0
9476;MSTS;QPLIB_5881.qs;95;75;13067.0;13067.0;0.110151;10.348233;13067.0
9477;MSTS;QPLIB_5881.qs;95;76;13067.0;13067.0;0.126044;10.474277;13067.0
9478;MSTS;QPLIB_5881.qs;95;77;13067.0;13067.0;0.130238;10.604515;13067.0
9479;MSTS;QPLIB_5881.qs;95;78;13067.0;13067.0;0.117434;10.721949;13067.0
9480;MSTS;QPLIB_5881.qs;95;79;13067.0;13067.0;0.156692;10.878641;13067.0
9481;MSTS;QPLIB_5881.qs;95;80;13067.0;13067.0;0.139956;11.018597;13067.0
9482;MSTS;QPLIB_5881.qs;95;81;13067.0;13067.0;0.133149;11.151746;13067.0
9483;MSTS;QPLIB_5881.qs;95;82;13067.0;13067.0;0.175596;11.327342;13067.0
9484;MSTS;QPLIB_5881.qs;95;83;13067.0;13067.0;0.140859;11.468201;13067.0
9485;MSTS;QPLIB_5881.qs;95;84;13067.0;13067.0;0.195988;11.664189;13067.0
9486;MSTS;QPLIB_5881.qs;95;85;13067.0;13067.0;0.164869;11.829058;13067.0
9487;MSTS;QPLIB_5881.qs;95;86;13067.0;13067.0;0.116404;11.945462;13067.0
9488;MSTS;QPLIB_5881.qs;95;87;13067.0;13067.0;0.128392;12.073854;13067.0
9489;MSTS;QPLIB_5881.qs;95;88;13067.0;13067.0;0.150327;12.224181;13067.0
9490;MSTS;QPLIB_5881.qs;95;89;13067.0;13067.0;0.197805;12.421986;13067.0
9491;MSTS;QPLIB_5881.qs;95;90;13067.0;13067.0;0.1265;12.548486;13067.0
9492;MSTS;QPLIB_5881.qs;95;91;13067.0;13067.0;0.144586;12.693071999999999;13067.0
9493;MSTS;QPLIB_5881.qs;95;92;13067.0;13067.0;0.133585;12.826656999999999;13067.0
9494;MSTS;QPLIB_5881.qs;95;93;13067.0;13067.0;0.169764;12.996421;13067.0
9495;MSTS;QPLIB_5881.qs;95;94;13067.0;13067.0;0.259337;13.255758;13067.0
9496;MSTS;QPLIB_5881.qs;95;95;13067.0;13067.0;0.141685;13.397442999999999;13067.0
9497;MSTS;QPLIB_5881.qs;95;96;13067.0;13067.0;0.114222;13.511665;13067.0
9498;MSTS;QPLIB_5881.qs;95;97;13067.0;13067.0;0.116481;13.628146;13067.0
9499;MSTS;QPLIB_5881.qs;95;98;13067.0;13067.0;0.126169;13.754315;13067.0
9500;MSTS;QPLIB_5881.qs;95;99;13067.0;13067.0;0.135184;13.889499;13067.0
9501;MSTS;QPLIB_5881.qs;95;100;13067.0;13067.0;0.199128;14.088627;13067.0
9502;MSTS;QPLIB_5881.qs;96;1;13067.0;13067.0;0.248957;0.248957;13067.0
9503;MSTS;QPLIB_5881.qs;96;2;13067.0;13067.0;0.175013;0.42397;13067.0
9504;MSTS;QPLIB_5881.qs;96;3;13067.0;13067.0;0.141035;0.565005;13067.0
9505;MSTS;QPLIB_5881.qs;96;4;13067.0;13067.0;0.156624;0.7216290000000001;13067.0
9506;MSTS;QPLIB_5881.qs;96;5;13067.0;13067.0;0.160523;0.882152;13067.0
9507;MSTS;QPLIB_5881.qs;96;6;13067.0;13067.0;0.143683;1.025835;13067.0
9508;MSTS;QPLIB_5881.qs;96;7;13067.0;13067.0;0.129762;1.155597;13067.0
9509;MSTS;QPLIB_5881.qs;96;8;13067.0;13067.0;0.117354;1.272951;13067.0
9510;MSTS;QPLIB_5881.qs;96;9;13067.0;13067.0;0.1452;1.418151;13067.0
9511;MSTS;QPLIB_5881.qs;96;10;13067.0;13067.0;0.151893;1.570044;13067.0
9512;MSTS;QPLIB_5881.qs;96;11;13067.0;13067.0;0.132267;1.702311;13067.0
9513;MSTS;QPLIB_5881.qs;96;12;13067.0;13067.0;0.119561;1.821872;13067.0
9514;MSTS;QPLIB_5881.qs;96;13;13067.0;13067.0;0.158944;1.980816;13067.0
9515;MSTS;QPLIB_5881.qs;96;14;13067.0;13067.0;0.137333;2.118149;13067.0
9516;MSTS;QPLIB_5881.qs;96;15;13067.0;13067.0;0.129296;2.247445;13067.0
9517;MSTS;QPLIB_5881.qs;96;16;13067.0;13067.0;0.147563;2.395008;13067.0
9518;MSTS;QPLIB_5881.qs;96;17;13067.0;13067.0;0.140339;2.535347;13067.0
9519;MSTS;QPLIB_5881.qs;96;18;13067.0;13067.0;0.119092;2.654439;13067.0
9520;MSTS;QPLIB_5881.qs;96;19;13067.0;13067.0;0.143414;2.797853;13067.0
9521;MSTS;QPLIB_5881.qs;96;20;13067.0;13067.0;0.1745;2.972353;13067.0
9522;MSTS;QPLIB_5881.qs;96;21;13067.0;13067.0;0.118015;3.090368;13067.0
9523;MSTS;QPLIB_5881.qs;96;22;13067.0;13067.0;0.121984;3.212352;13067.0
9524;MSTS;QPLIB_5881.qs;96;23;13067.0;13067.0;0.135879;3.348231;13067.0
9525;MSTS;QPLIB_5881.qs;96;24;13067.0;13067.0;0.137006;3.485237;13067.0
9526;MSTS;QPLIB_5881.qs;96;25;13067.0;13067.0;0.134127;3.619364;13067.0
9527;MSTS;QPLIB_5881.qs;96;26;13067.0;13067.0;0.133841;3.753205;13067.0
9528;MSTS;QPLIB_5881.qs;96;27;13067.0;13067.0;0.163222;3.916427;13067.0
9529;MSTS;QPLIB_5881.qs;96;28;13067.0;13067.0;0.116371;4.032798;13067.0
9530;MSTS;QPLIB_5881.qs;96;29;13051.0;13067.0;0.114661;4.147459;13067.0
9531;MSTS;QPLIB_5881.qs;96;30;13067.0;13067.0;0.130253;4.277712;13067.0
9532;MSTS;QPLIB_5881.qs;96;31;13067.0;13067.0;0.113294;4.391006;13067.0
9533;MSTS;QPLIB_5881.qs;96;32;13067.0;13067.0;0.133611;4.524617;13067.0
9534;MSTS;QPLIB_5881.qs;96;33;13067.0;13067.0;0.130267;4.654884;13067.0
9535;MSTS;QPLIB_5881.qs;96;34;13067.0;13067.0;0.162455;4.817339;13067.0
9536;MSTS;QPLIB_5881.qs;96;35;13067.0;13067.0;0.189632;5.006971;13067.0
9537;MSTS;QPLIB_5881.qs;96;36;13067.0;13067.0;0.198361;5.205332;13067.0
9538;MSTS;QPLIB_5881.qs;96;37;13051.0;13067.0;0.113759;5.319091;13067.0
9539;MSTS;QPLIB_5881.qs;96;38;13067.0;13067.0;0.1145;5.433591;13067.0
9540;MSTS;QPLIB_5881.qs;96;39;13060.0;13067.0;0.123605;5.557196;13067.0
9541;MSTS;QPLIB_5881.qs;96;40;13067.0;13067.0;0.112634;5.66983;13067.0
9542;MSTS;QPLIB_5881.qs;96;41;13067.0;13067.0;0.208742;5.878572;13067.0
9543;MSTS;QPLIB_5881.qs;96;42;13067.0;13067.0;0.112558;5.99113;13067.0
9544;MSTS;QPLIB_5881.qs;96;43;13067.0;13067.0;0.159515;6.150645;13067.0
9545;MSTS;QPLIB_5881.qs;96;44;13067.0;13067.0;0.120161;6.270806;13067.0
9546;MSTS;QPLIB_5881.qs;96;45;13067.0;13067.0;0.216964;6.48777;13067.0
9547;MSTS;QPLIB_5881.qs;96;46;13067.0;13067.0;0.116191;6.603961;13067.0
9548;MSTS;QPLIB_5881.qs;96;47;13067.0;13067.0;0.161695;6.765656;13067.0
9549;MSTS;QPLIB_5881.qs;96;48;13067.0;13067.0;0.155639;6.921295;13067.0
9550;MSTS;QPLIB_5881.qs;96;49;13067.0;13067.0;0.135799;7.057094;13067.0
9551;MSTS;QPLIB_5881.qs;96;50;13067.0;13067.0;0.12326;7.180354;13067.0
9552;MSTS;QPLIB_5881.qs;96;51;13067.0;13067.0;0.168086;7.34844;13067.0
9553;MSTS;QPLIB_5881.qs;96;52;13067.0;13067.0;0.133613;7.482053;13067.0
9554;MSTS;QPLIB_5881.qs;96;53;13067.0;13067.0;0.132463;7.614516;13067.0
9555;MSTS;QPLIB_5881.qs;96;54;13051.0;13067.0;0.114734;7.72925;13067.0
9556;MSTS;QPLIB_5881.qs;96;55;13067.0;13067.0;0.136223;7.865473;13067.0
9557;MSTS;QPLIB_5881.qs;96;56;13067.0;13067.0;0.176044;8.041517;13067.0
9558;MSTS;QPLIB_5881.qs;96;57;13067.0;13067.0;0.151032;8.192549;13067.0
9559;MSTS;QPLIB_5881.qs;96;58;13067.0;13067.0;0.120019;8.312568;13067.0
9560;MSTS;QPLIB_5881.qs;96;59;13067.0;13067.0;0.116503;8.429071;13067.0
9561;MSTS;QPLIB_5881.qs;96;60;13067.0;13067.0;0.114076;8.543147;13067.0
9562;MSTS;QPLIB_5881.qs;96;61;13067.0;13067.0;0.137974;8.681121;13067.0
9563;MSTS;QPLIB_5881.qs;96;62;13067.0;13067.0;0.147256;8.828377;13067.0
9564;MSTS;QPLIB_5881.qs;96;63;13067.0;13067.0;0.137158;8.965535000000001;13067.0
9565;MSTS;QPLIB_5881.qs;96;64;13067.0;13067.0;0.172022;9.137557;13067.0
9566;MSTS;QPLIB_5881.qs;96;65;13067.0;13067.0;0.146778;9.284335;13067.0
9567;MSTS;QPLIB_5881.qs;96;66;13067.0;13067.0;0.174572;9.458907;13067.0
9568;MSTS;QPLIB_5881.qs;96;67;13060.0;13067.0;0.145909;9.604816;13067.0
9569;MSTS;QPLIB_5881.qs;96;68;13067.0;13067.0;0.111402;9.716218;13067.0
9570;MSTS;QPLIB_5881.qs;96;69;13067.0;13067.0;0.130607;9.846825;13067.0
9571;MSTS;QPLIB_5881.qs;96;70;13067.0;13067.0;0.124813;9.971638;13067.0
9572;MSTS;QPLIB_5881.qs;96;71;13067.0;13067.0;0.123533;10.095171;13067.0
9573;MSTS;QPLIB_5881.qs;96;72;13067.0;13067.0;0.205327;10.300498;13067.0
9574;MSTS;QPLIB_5881.qs;96;73;13067.0;13067.0;0.116291;10.416789;13067.0
9575;MSTS;QPLIB_5881.qs;96;74;13051.0;13067.0;0.112066;10.528855;13067.0
9576;MSTS;QPLIB_5881.qs;96;75;13067.0;13067.0;0.113721;10.642576;13067.0
9577;MSTS;QPLIB_5881.qs;96;76;13067.0;13067.0;0.1845;10.827076;13067.0
9578;MSTS;QPLIB_5881.qs;96;77;13067.0;13067.0;0.143285;10.970361;13067.0
9579;MSTS;QPLIB_5881.qs;96;78;13067.0;13067.0;0.153557;11.123918;13067.0
9580;MSTS;QPLIB_5881.qs;96;79;13067.0;13067.0;0.143644;11.267562;13067.0
9581;MSTS;QPLIB_5881.qs;96;80;13067.0;13067.0;0.163105;11.430667;13067.0
9582;MSTS;QPLIB_5881.qs;96;81;13060.0;13067.0;0.121793;11.55246;13067.0
9583;MSTS;QPLIB_5881.qs;96;82;13067.0;13067.0;0.114513;11.666973;13067.0
9584;MSTS;QPLIB_5881.qs;96;83;13067.0;13067.0;0.161029;11.828002;13067.0
9585;MSTS;QPLIB_5881.qs;96;84;13067.0;13067.0;0.188163;12.016165;13067.0
9586;MSTS;QPLIB_5881.qs;96;85;13051.0;13067.0;0.114698;12.130863;13067.0
9587;MSTS;QPLIB_5881.qs;96;86;13060.0;13067.0;0.115765;12.246628;13067.0
9588;MSTS;QPLIB_5881.qs;96;87;13067.0;13067.0;0.117102;12.36373;13067.0
9589;MSTS;QPLIB_5881.qs;96;88;13067.0;13067.0;0.150995;12.514725;13067.0
9590;MSTS;QPLIB_5881.qs;96;89;13067.0;13067.0;0.173995;12.68872;13067.0
9591;MSTS;QPLIB_5881.qs;96;90;13067.0;13067.0;0.137472;12.826192;13067.0
9592;MSTS;QPLIB_5881.qs;96;91;13067.0;13067.0;0.181198;13.007390000000001;13067.0
9593;MSTS;QPLIB_5881.qs;96;92;13067.0;13067.0;0.127265;13.134655;13067.0
9594;MSTS;QPLIB_5881.qs;96;93;13067.0;13067.0;0.13059;13.265245;13067.0
9595;MSTS;QPLIB_5881.qs;96;94;13067.0;13067.0;0.132086;13.397331;13067.0
9596;MSTS;QPLIB_5881.qs;96;95;13051.0;13067.0;0.116645;13.513976;13067.0
9597;MSTS;QPLIB_5881.qs;96;96;13067.0;13067.0;0.119679;13.633655;13067.0
9598;MSTS;QPLIB_5881.qs;96;97;13067.0;13067.0;0.118041;13.751696;13067.0
9599;MSTS;QPLIB_5881.qs;96;98;13067.0;13067.0;0.151649;13.903345;13067.0
9600;MSTS;QPLIB_5881.qs;96;99;13067.0;13067.0;0.1322;14.035545;13067.0
9601;MSTS;QPLIB_5881.qs;96;100;13067.0;13067.0;0.161068;14.196613;13067.0
9602;MSTS;QPLIB_5881.qs;97;1;13067.0;13067.0;0.251951;0.251951;13067.0
9603;MSTS;QPLIB_5881.qs;97;2;13067.0;13067.0;0.130839;0.38278999999999996;13067.0
9604;MSTS;QPLIB_5881.qs;97;3;13067.0;13067.0;0.185251;0.568041;13067.0
9605;MSTS;QPLIB_5881.qs;97;4;13067.0;13067.0;0.115195;0.683236;13067.0
9606;MSTS;QPLIB_5881.qs;97;5;13067.0;13067.0;0.11937;0.802606;13067.0
9607;MSTS;QPLIB_5881.qs;97;6;13067.0;13067.0;0.117725;0.920331;13067.0
9608;MSTS;QPLIB_5881.qs;97;7;13067.0;13067.0;0.121614;1.041945;13067.0
9609;MSTS;QPLIB_5881.qs;97;8;13067.0;13067.0;0.183626;1.225571;13067.0
9610;MSTS;QPLIB_5881.qs;97;9;13067.0;13067.0;0.117026;1.342597;13067.0
9611;MSTS;QPLIB_5881.qs;97;10;13067.0;13067.0;0.147148;1.489745;13067.0
9612;MSTS;QPLIB_5881.qs;97;11;13067.0;13067.0;0.15752;1.647265;13067.0
9613;MSTS;QPLIB_5881.qs;97;12;13067.0;13067.0;0.147225;1.7944900000000001;13067.0
9614;MSTS;QPLIB_5881.qs;97;13;13051.0;13067.0;0.115178;1.909668;13067.0
9615;MSTS;QPLIB_5881.qs;97;14;13067.0;13067.0;0.187168;2.096836;13067.0
9616;MSTS;QPLIB_5881.qs;97;15;13067.0;13067.0;0.161299;2.2581350000000002;13067.0
9617;MSTS;QPLIB_5881.qs;97;16;13067.0;13067.0;0.139158;2.397293;13067.0
9618;MSTS;QPLIB_5881.qs;97;17;13067.0;13067.0;0.117176;2.514469;13067.0
9619;MSTS;QPLIB_5881.qs;97;18;13051.0;13067.0;0.115191;2.62966;13067.0
9620;MSTS;QPLIB_5881.qs;97;19;13067.0;13067.0;0.112649;2.742309;13067.0
9621;MSTS;QPLIB_5881.qs;97;20;13067.0;13067.0;0.124141;2.86645;13067.0
9622;MSTS;QPLIB_5881.qs;97;21;13051.0;13067.0;0.112475;2.9789250000000003;13067.0
9623;MSTS;QPLIB_5881.qs;97;22;13067.0;13067.0;0.121062;3.099987;13067.0
9624;MSTS;QPLIB_5881.qs;97;23;13067.0;13067.0;0.123402;3.223389;13067.0
9625;MSTS;QPLIB_5881.qs;97;24;13067.0;13067.0;0.115287;3.338676;13067.0
9626;MSTS;QPLIB_5881.qs;97;25;13067.0;13067.0;0.115122;3.453798;13067.0
9627;MSTS;QPLIB_5881.qs;97;26;13067.0;13067.0;0.151311;3.605109;13067.0
9628;MSTS;QPLIB_5881.qs;97;27;13051.0;13067.0;0.113889;3.718998;13067.0
9629;MSTS;QPLIB_5881.qs;97;28;13067.0;13067.0;0.117356;3.836354;13067.0
9630;MSTS;QPLIB_5881.qs;97;29;13067.0;13067.0;0.209043;4.045397;13067.0
9631;MSTS;QPLIB_5881.qs;97;30;13067.0;13067.0;0.188704;4.234101;13067.0
9632;MSTS;QPLIB_5881.qs;97;31;13067.0;13067.0;0.146626;4.380727;13067.0
9633;MSTS;QPLIB_5881.qs;97;32;13067.0;13067.0;0.117008;4.4977350000000005;13067.0
9634;MSTS;QPLIB_5881.qs;97;33;13067.0;13067.0;0.153159;4.650894;13067.0
9635;MSTS;QPLIB_5881.qs;97;34;13067.0;13067.0;0.137713;4.788607;13067.0
9636;MSTS;QPLIB_5881.qs;97;35;13067.0;13067.0;0.132999;4.921606;13067.0
9637;MSTS;QPLIB_5881.qs;97;36;13067.0;13067.0;0.115234;5.03684;13067.0
9638;MSTS;QPLIB_5881.qs;97;37;13067.0;13067.0;0.117025;5.153865;13067.0
9639;MSTS;QPLIB_5881.qs;97;38;13067.0;13067.0;0.168597;5.322462;13067.0
9640;MSTS;QPLIB_5881.qs;97;39;13067.0;13067.0;0.146521;5.468983;13067.0
9641;MSTS;QPLIB_5881.qs;97;40;13067.0;13067.0;0.137603;5.606586;13067.0
9642;MSTS;QPLIB_5881.qs;97;41;13067.0;13067.0;0.220314;5.8269;13067.0
9643;MSTS;QPLIB_5881.qs;97;42;13067.0;13067.0;0.16725;5.99415;13067.0
9644;MSTS;QPLIB_5881.qs;97;43;13067.0;13067.0;0.182777;6.176927;13067.0
9645;MSTS;QPLIB_5881.qs;97;44;13067.0;13067.0;0.165994;6.3429210000000005;13067.0
9646;MSTS;QPLIB_5881.qs;97;45;13067.0;13067.0;0.12313;6.466051;13067.0
9647;MSTS;QPLIB_5881.qs;97;46;13067.0;13067.0;0.128327;6.594378;13067.0
9648;MSTS;QPLIB_5881.qs;97;47;13067.0;13067.0;0.150884;6.745262;13067.0
9649;MSTS;QPLIB_5881.qs;97;48;13067.0;13067.0;0.14874;6.894002;13067.0
9650;MSTS;QPLIB_5881.qs;97;49;13067.0;13067.0;0.116464;7.010466;13067.0
9651;MSTS;QPLIB_5881.qs;97;50;13067.0;13067.0;0.130941;7.141407;13067.0
9652;MSTS;QPLIB_5881.qs;97;51;13067.0;13067.0;0.199474;7.340881;13067.0
9653;MSTS;QPLIB_5881.qs;97;52;13067.0;13067.0;0.136448;7.477329;13067.0
9654;MSTS;QPLIB_5881.qs;97;53;13051.0;13067.0;0.112149;7.589478;13067.0
9655;MSTS;QPLIB_5881.qs;97;54;13067.0;13067.0;0.122022;7.7115;13067.0
9656;MSTS;QPLIB_5881.qs;97;55;13067.0;13067.0;0.123775;7.835275;13067.0
9657;MSTS;QPLIB_5881.qs;97;56;13067.0;13067.0;0.149582;7.984857;13067.0
9658;MSTS;QPLIB_5881.qs;97;57;13067.0;13067.0;0.124004;8.108861000000001;13067.0
9659;MSTS;QPLIB_5881.qs;97;58;13067.0;13067.0;0.126619;8.23548;13067.0
9660;MSTS;QPLIB_5881.qs;97;59;13067.0;13067.0;0.13359;8.36907;13067.0
9661;MSTS;QPLIB_5881.qs;97;60;13067.0;13067.0;0.118731;8.487801000000001;13067.0
9662;MSTS;QPLIB_5881.qs;97;61;13051.0;13067.0;0.111383;8.599184;13067.0
9663;MSTS;QPLIB_5881.qs;97;62;13067.0;13067.0;0.137214;8.736398;13067.0
9664;MSTS;QPLIB_5881.qs;97;63;13067.0;13067.0;0.137894;8.874292;13067.0
9665;MSTS;QPLIB_5881.qs;97;64;13067.0;13067.0;0.123806;8.998098;13067.0
9666;MSTS;QPLIB_5881.qs;97;65;13067.0;13067.0;0.175456;9.173554;13067.0
9667;MSTS;QPLIB_5881.qs;97;66;13067.0;13067.0;0.11819;9.291744;13067.0
9668;MSTS;QPLIB_5881.qs;97;67;13067.0;13067.0;0.130751;9.422495;13067.0
9669;MSTS;QPLIB_5881.qs;97;68;13067.0;13067.0;0.173673;9.596168;13067.0
9670;MSTS;QPLIB_5881.qs;97;69;13067.0;13067.0;0.111314;9.707482;13067.0
9671;MSTS;QPLIB_5881.qs;97;70;13067.0;13067.0;0.165811;9.873293;13067.0
9672;MSTS;QPLIB_5881.qs;97;71;13067.0;13067.0;0.12101;9.994303;13067.0
9673;MSTS;QPLIB_5881.qs;97;72;13067.0;13067.0;0.130028;10.124331;13067.0
9674;MSTS;QPLIB_5881.qs;97;73;13067.0;13067.0;0.129785;10.254116;13067.0
9675;MSTS;QPLIB_5881.qs;97;74;13067.0;13067.0;0.123069;10.377185;13067.0
9676;MSTS;QPLIB_5881.qs;97;75;13067.0;13067.0;0.146755;10.52394;13067.0
9677;MSTS;QPLIB_5881.qs;97;76;13067.0;13067.0;0.151171;10.675111;13067.0
9678;MSTS;QPLIB_5881.qs;97;77;13067.0;13067.0;0.157842;10.832953;13067.0
9679;MSTS;QPLIB_5881.qs;97;78;13060.0;13067.0;0.145515;10.978468;13067.0
9680;MSTS;QPLIB_5881.qs;97;79;13067.0;13067.0;0.112979;11.091447;13067.0
9681;MSTS;QPLIB_5881.qs;97;80;13067.0;13067.0;0.152445;11.243892;13067.0
9682;MSTS;QPLIB_5881.qs;97;81;13067.0;13067.0;0.125699;11.369591;13067.0
9683;MSTS;QPLIB_5881.qs;97;82;13067.0;13067.0;0.165773;11.535364;13067.0
9684;MSTS;QPLIB_5881.qs;97;83;13067.0;13067.0;0.122384;11.657748;13067.0
9685;MSTS;QPLIB_5881.qs;97;84;13067.0;13067.0;0.177586;11.835334;13067.0
9686;MSTS;QPLIB_5881.qs;97;85;13067.0;13067.0;0.120929;11.956263;13067.0
9687;MSTS;QPLIB_5881.qs;97;86;13067.0;13067.0;0.120131;12.076394;13067.0
9688;MSTS;QPLIB_5881.qs;97;87;13067.0;13067.0;0.146099;12.222493;13067.0
9689;MSTS;QPLIB_5881.qs;97;88;13067.0;13067.0;0.125222;12.347715;13067.0
9690;MSTS;QPLIB_5881.qs;97;89;13067.0;13067.0;0.195039;12.542754;13067.0
9691;MSTS;QPLIB_5881.qs;97;90;13067.0;13067.0;0.219371;12.762125000000001;13067.0
9692;MSTS;QPLIB_5881.qs;97;91;13067.0;13067.0;0.121367;12.883492;13067.0
9693;MSTS;QPLIB_5881.qs;97;92;13067.0;13067.0;0.122609;13.006101000000001;13067.0
9694;MSTS;QPLIB_5881.qs;97;93;13067.0;13067.0;0.117564;13.123665;13067.0
9695;MSTS;QPLIB_5881.qs;97;94;13067.0;13067.0;0.180305;13.30397;13067.0
9696;MSTS;QPLIB_5881.qs;97;95;13051.0;13067.0;0.117158;13.421128;13067.0
9697;MSTS;QPLIB_5881.qs;97;96;13067.0;13067.0;0.114282;13.53541;13067.0
9698;MSTS;QPLIB_5881.qs;97;97;13051.0;13067.0;0.108416;13.643826;13067.0
9699;MSTS;QPLIB_5881.qs;97;98;13067.0;13067.0;0.116285;13.760111;13067.0
9700;MSTS;QPLIB_5881.qs;97;99;13067.0;13067.0;0.173914;13.934025;13067.0
9701;MSTS;QPLIB_5881.qs;97;100;13067.0;13067.0;0.122576;14.056601;13067.0
9702;MSTS;QPLIB_5881.qs;98;1;13067.0;13067.0;0.318253;0.318253;13067.0
9703;MSTS;QPLIB_5881.qs;98;2;13067.0;13067.0;0.133768;0.452021;13067.0
9704;MSTS;QPLIB_5881.qs;98;3;13051.0;13067.0;0.113408;0.565429;13067.0
9705;MSTS;QPLIB_5881.qs;98;4;13067.0;13067.0;0.121997;0.687426;13067.0
9706;MSTS;QPLIB_5881.qs;98;5;13067.0;13067.0;0.128525;0.815951;13067.0
9707;MSTS;QPLIB_5881.qs;98;6;13067.0;13067.0;0.162671;0.978622;13067.0
9708;MSTS;QPLIB_5881.qs;98;7;13051.0;13067.0;0.113094;1.091716;13067.0
9709;MSTS;QPLIB_5881.qs;98;8;13067.0;13067.0;0.113558;1.205274;13067.0
9710;MSTS;QPLIB_5881.qs;98;9;13067.0;13067.0;0.140629;1.345903;13067.0
9711;MSTS;QPLIB_5881.qs;98;10;13067.0;13067.0;0.187756;1.533659;13067.0
9712;MSTS;QPLIB_5881.qs;98;11;13067.0;13067.0;0.125108;1.658767;13067.0
9713;MSTS;QPLIB_5881.qs;98;12;13067.0;13067.0;0.117394;1.776161;13067.0
9714;MSTS;QPLIB_5881.qs;98;13;13067.0;13067.0;0.16515;1.941311;13067.0
9715;MSTS;QPLIB_5881.qs;98;14;13067.0;13067.0;0.201951;2.143262;13067.0
9716;MSTS;QPLIB_5881.qs;98;15;13067.0;13067.0;0.115669;2.258931;13067.0
9717;MSTS;QPLIB_5881.qs;98;16;13067.0;13067.0;0.140221;2.399152;13067.0
9718;MSTS;QPLIB_5881.qs;98;17;13067.0;13067.0;0.121404;2.520556;13067.0
9719;MSTS;QPLIB_5881.qs;98;18;13067.0;13067.0;0.193044;2.7136;13067.0
9720;MSTS;QPLIB_5881.qs;98;19;13067.0;13067.0;0.138895;2.8524950000000002;13067.0
9721;MSTS;QPLIB_5881.qs;98;20;13067.0;13067.0;0.133527;2.986022;13067.0
9722;MSTS;QPLIB_5881.qs;98;21;13067.0;13067.0;0.200091;3.186113;13067.0
9723;MSTS;QPLIB_5881.qs;98;22;13067.0;13067.0;0.118685;3.304798;13067.0
9724;MSTS;QPLIB_5881.qs;98;23;13067.0;13067.0;0.119143;3.423941;13067.0
9725;MSTS;QPLIB_5881.qs;98;24;13060.0;13067.0;0.133177;3.557118;13067.0
9726;MSTS;QPLIB_5881.qs;98;25;13067.0;13067.0;0.115313;3.672431;13067.0
9727;MSTS;QPLIB_5881.qs;98;26;13067.0;13067.0;0.125406;3.797837;13067.0
9728;MSTS;QPLIB_5881.qs;98;27;13067.0;13067.0;0.162353;3.96019;13067.0
9729;MSTS;QPLIB_5881.qs;98;28;13067.0;13067.0;0.178586;4.138776;13067.0
9730;MSTS;QPLIB_5881.qs;98;29;13067.0;13067.0;0.133453;4.272229;13067.0
9731;MSTS;QPLIB_5881.qs;98;30;13067.0;13067.0;0.145242;4.417471;13067.0
9732;MSTS;QPLIB_5881.qs;98;31;13067.0;13067.0;0.136131;4.553602;13067.0
9733;MSTS;QPLIB_5881.qs;98;32;13067.0;13067.0;0.158408;4.71201;13067.0
9734;MSTS;QPLIB_5881.qs;98;33;13060.0;13067.0;0.144873;4.856883;13067.0
9735;MSTS;QPLIB_5881.qs;98;34;13067.0;13067.0;0.114152;4.971035;13067.0
9736;MSTS;QPLIB_5881.qs;98;35;13067.0;13067.0;0.124993;5.096028;13067.0
9737;MSTS;QPLIB_5881.qs;98;36;13067.0;13067.0;0.149109;5.245137;13067.0
9738;MSTS;QPLIB_5881.qs;98;37;13067.0;13067.0;0.125503;5.37064;13067.0
9739;MSTS;QPLIB_5881.qs;98;38;13067.0;13067.0;0.118114;5.488754;13067.0
9740;MSTS;QPLIB_5881.qs;98;39;13067.0;13067.0;0.172114;5.660868;13067.0
9741;MSTS;QPLIB_5881.qs;98;40;13067.0;13067.0;0.138639;5.799507;13067.0
9742;MSTS;QPLIB_5881.qs;98;41;13067.0;13067.0;0.117415;5.916922;13067.0
9743;MSTS;QPLIB_5881.qs;98;42;13067.0;13067.0;0.157927;6.074849;13067.0
9744;MSTS;QPLIB_5881.qs;98;43;13067.0;13067.0;0.132773;6.207622;13067.0
9745;MSTS;QPLIB_5881.qs;98;44;13067.0;13067.0;0.242296;6.449918;13067.0
9746;MSTS;QPLIB_5881.qs;98;45;13067.0;13067.0;0.136106;6.586024;13067.0
9747;MSTS;QPLIB_5881.qs;98;46;13067.0;13067.0;0.158284;6.744308;13067.0
9748;MSTS;QPLIB_5881.qs;98;47;13067.0;13067.0;0.139486;6.883794;13067.0
9749;MSTS;QPLIB_5881.qs;98;48;13067.0;13067.0;0.114395;6.998189;13067.0
9750;MSTS;QPLIB_5881.qs;98;49;13067.0;13067.0;0.113493;7.111682;13067.0
9751;MSTS;QPLIB_5881.qs;98;50;13067.0;13067.0;0.124343;7.236025;13067.0
9752;MSTS;QPLIB_5881.qs;98;51;13067.0;13067.0;0.136322;7.372347;13067.0
9753;MSTS;QPLIB_5881.qs;98;52;13067.0;13067.0;0.117514;7.489861;13067.0
9754;MSTS;QPLIB_5881.qs;98;53;13067.0;13067.0;0.122137;7.611998;13067.0
9755;MSTS;QPLIB_5881.qs;98;54;13067.0;13067.0;0.13746;7.749458;13067.0
9756;MSTS;QPLIB_5881.qs;98;55;13067.0;13067.0;0.141345;7.890803;13067.0
9757;MSTS;QPLIB_5881.qs;98;56;13067.0;13067.0;0.151292;8.042095;13067.0
9758;MSTS;QPLIB_5881.qs;98;57;13067.0;13067.0;0.149268;8.191363;13067.0
9759;MSTS;QPLIB_5881.qs;98;58;13067.0;13067.0;0.118349;8.309712;13067.0
9760;MSTS;QPLIB_5881.qs;98;59;13067.0;13067.0;0.115309;8.425021;13067.0
9761;MSTS;QPLIB_5881.qs;98;60;13067.0;13067.0;0.116072;8.541093;13067.0
9762;MSTS;QPLIB_5881.qs;98;61;13067.0;13067.0;0.118996;8.660089;13067.0
9763;MSTS;QPLIB_5881.qs;98;62;13067.0;13067.0;0.122967;8.783056;13067.0
9764;MSTS;QPLIB_5881.qs;98;63;13067.0;13067.0;0.119213;8.902269;13067.0
9765;MSTS;QPLIB_5881.qs;98;64;13067.0;13067.0;0.130474;9.032743;13067.0
9766;MSTS;QPLIB_5881.qs;98;65;13067.0;13067.0;0.119724;9.152467;13067.0
9767;MSTS;QPLIB_5881.qs;98;66;13067.0;13067.0;0.119094;9.271561;13067.0
9768;MSTS;QPLIB_5881.qs;98;67;13067.0;13067.0;0.165953;9.437514;13067.0
9769;MSTS;QPLIB_5881.qs;98;68;13051.0;13067.0;0.115813;9.553327;13067.0
9770;MSTS;QPLIB_5881.qs;98;69;13067.0;13067.0;0.119307;9.672634;13067.0
9771;MSTS;QPLIB_5881.qs;98;70;13067.0;13067.0;0.114561;9.787195;13067.0
9772;MSTS;QPLIB_5881.qs;98;71;13067.0;13067.0;0.191872;9.979067;13067.0
9773;MSTS;QPLIB_5881.qs;98;72;13067.0;13067.0;0.141764;10.120831;13067.0
9774;MSTS;QPLIB_5881.qs;98;73;13067.0;13067.0;0.126171;10.247002;13067.0
9775;MSTS;QPLIB_5881.qs;98;74;13067.0;13067.0;0.195111;10.442113;13067.0
9776;MSTS;QPLIB_5881.qs;98;75;13067.0;13067.0;0.117771;10.559884;13067.0
9777;MSTS;QPLIB_5881.qs;98;76;13067.0;13067.0;0.203763;10.763647;13067.0
9778;MSTS;QPLIB_5881.qs;98;77;13067.0;13067.0;0.137067;10.900714;13067.0
9779;MSTS;QPLIB_5881.qs;98;78;13067.0;13067.0;0.14546;11.046174;13067.0
9780;MSTS;QPLIB_5881.qs;98;79;13067.0;13067.0;0.235074;11.281248;13067.0
9781;MSTS;QPLIB_5881.qs;98;80;13067.0;13067.0;0.19866;11.479908;13067.0
9782;MSTS;QPLIB_5881.qs;98;81;13067.0;13067.0;0.119482;11.59939;13067.0
9783;MSTS;QPLIB_5881.qs;98;82;13067.0;13067.0;0.1292;11.72859;13067.0
9784;MSTS;QPLIB_5881.qs;98;83;13067.0;13067.0;0.117161;11.845751;13067.0
9785;MSTS;QPLIB_5881.qs;98;84;13067.0;13067.0;0.12369;11.969441;13067.0
9786;MSTS;QPLIB_5881.qs;98;85;13067.0;13067.0;0.115848;12.085289;13067.0
9787;MSTS;QPLIB_5881.qs;98;86;13067.0;13067.0;0.127246;12.212535;13067.0
9788;MSTS;QPLIB_5881.qs;98;87;13067.0;13067.0;0.120012;12.332547;13067.0
9789;MSTS;QPLIB_5881.qs;98;88;13067.0;13067.0;0.180288;12.512835;13067.0
9790;MSTS;QPLIB_5881.qs;98;89;13067.0;13067.0;0.19978;12.712615;13067.0
9791;MSTS;QPLIB_5881.qs;98;90;13067.0;13067.0;0.117395;12.83001;13067.0
9792;MSTS;QPLIB_5881.qs;98;91;13067.0;13067.0;0.120308;12.950318;13067.0
9793;MSTS;QPLIB_5881.qs;98;92;13067.0;13067.0;0.145068;13.095386;13067.0
9794;MSTS;QPLIB_5881.qs;98;93;13067.0;13067.0;0.144767;13.240153;13067.0
9795;MSTS;QPLIB_5881.qs;98;94;13067.0;13067.0;0.168364;13.408517;13067.0
9796;MSTS;QPLIB_5881.qs;98;95;13067.0;13067.0;0.133339;13.541856;13067.0
9797;MSTS;QPLIB_5881.qs;98;96;13067.0;13067.0;0.161239;13.703095;13067.0
9798;MSTS;QPLIB_5881.qs;98;97;13067.0;13067.0;0.11554;13.818635;13067.0
9799;MSTS;QPLIB_5881.qs;98;98;13067.0;13067.0;0.142663;13.961298;13067.0
9800;MSTS;QPLIB_5881.qs;98;99;13067.0;13067.0;0.126677;14.087975;13067.0
9801;MSTS;QPLIB_5881.qs;98;100;13067.0;13067.0;0.164019;14.251994;13067.0
9802;MSTS;QPLIB_5881.qs;99;1;13067.0;13067.0;0.223075;0.223075;13067.0
9803;MSTS;QPLIB_5881.qs;99;2;13067.0;13067.0;0.116632;0.339707;13067.0
9804;MSTS;QPLIB_5881.qs;99;3;13067.0;13067.0;0.140258;0.479965;13067.0
9805;MSTS;QPLIB_5881.qs;99;4;13067.0;13067.0;0.153246;0.633211;13067.0
9806;MSTS;QPLIB_5881.qs;99;5;13067.0;13067.0;0.155406;0.7886169999999999;13067.0
9807;MSTS;QPLIB_5881.qs;99;6;13067.0;13067.0;0.198542;0.9871589999999999;13067.0
9808;MSTS;QPLIB_5881.qs;99;7;13067.0;13067.0;0.115643;1.102802;13067.0
9809;MSTS;QPLIB_5881.qs;99;8;13067.0;13067.0;0.21758;1.320382;13067.0
9810;MSTS;QPLIB_5881.qs;99;9;13067.0;13067.0;0.143063;1.4634449999999999;13067.0
9811;MSTS;QPLIB_5881.qs;99;10;13067.0;13067.0;0.132789;1.596234;13067.0
9812;MSTS;QPLIB_5881.qs;99;11;13067.0;13067.0;0.157046;1.75328;13067.0
9813;MSTS;QPLIB_5881.qs;99;12;13067.0;13067.0;0.212759;1.9660389999999999;13067.0
9814;MSTS;QPLIB_5881.qs;99;13;13067.0;13067.0;0.13361;2.099649;13067.0
9815;MSTS;QPLIB_5881.qs;99;14;13067.0;13067.0;0.1398;2.239449;13067.0
9816;MSTS;QPLIB_5881.qs;99;15;13060.0;13067.0;0.204919;2.444368;13067.0
9817;MSTS;QPLIB_5881.qs;99;16;13067.0;13067.0;0.112969;2.557337;13067.0
9818;MSTS;QPLIB_5881.qs;99;17;13067.0;13067.0;0.120804;2.678141;13067.0
9819;MSTS;QPLIB_5881.qs;99;18;13067.0;13067.0;0.135541;2.813682;13067.0
9820;MSTS;QPLIB_5881.qs;99;19;13067.0;13067.0;0.123805;2.937487;13067.0
9821;MSTS;QPLIB_5881.qs;99;20;13067.0;13067.0;0.172036;3.109523;13067.0
9822;MSTS;QPLIB_5881.qs;99;21;13067.0;13067.0;0.157082;3.2666049999999998;13067.0
9823;MSTS;QPLIB_5881.qs;99;22;13067.0;13067.0;0.148826;3.415431;13067.0
9824;MSTS;QPLIB_5881.qs;99;23;13067.0;13067.0;0.185757;3.601188;13067.0
9825;MSTS;QPLIB_5881.qs;99;24;13067.0;13067.0;0.138638;3.739826;13067.0
9826;MSTS;QPLIB_5881.qs;99;25;13051.0;13067.0;0.115802;3.855628;13067.0
9827;MSTS;QPLIB_5881.qs;99;26;13067.0;13067.0;0.125481;3.981109;13067.0
9828;MSTS;QPLIB_5881.qs;99;27;13067.0;13067.0;0.12365;4.104759;13067.0
9829;MSTS;QPLIB_5881.qs;99;28;13067.0;13067.0;0.13626;4.241019;13067.0
9830;MSTS;QPLIB_5881.qs;99;29;13067.0;13067.0;0.182321;4.42334;13067.0
9831;MSTS;QPLIB_5881.qs;99;30;13067.0;13067.0;0.163692;4.587032;13067.0
9832;MSTS;QPLIB_5881.qs;99;31;13067.0;13067.0;0.122421;4.709453;13067.0
9833;MSTS;QPLIB_5881.qs;99;32;13067.0;13067.0;0.114933;4.824386;13067.0
9834;MSTS;QPLIB_5881.qs;99;33;13067.0;13067.0;0.117672;4.942058;13067.0
9835;MSTS;QPLIB_5881.qs;99;34;13067.0;13067.0;0.149026;5.091084;13067.0
9836;MSTS;QPLIB_5881.qs;99;35;13067.0;13067.0;0.164194;5.255278;13067.0
9837;MSTS;QPLIB_5881.qs;99;36;13067.0;13067.0;0.171483;5.426761;13067.0
9838;MSTS;QPLIB_5881.qs;99;37;13067.0;13067.0;0.174762;5.601523;13067.0
9839;MSTS;QPLIB_5881.qs;99;38;13067.0;13067.0;0.134021;5.735544;13067.0
9840;MSTS;QPLIB_5881.qs;99;39;13067.0;13067.0;0.126158;5.861702;13067.0
9841;MSTS;QPLIB_5881.qs;99;40;13067.0;13067.0;0.112889;5.974591;13067.0
9842;MSTS;QPLIB_5881.qs;99;41;13067.0;13067.0;0.115057;6.089648;13067.0
9843;MSTS;QPLIB_5881.qs;99;42;13067.0;13067.0;0.118874;6.208522;13067.0
9844;MSTS;QPLIB_5881.qs;99;43;13067.0;13067.0;0.121488;6.33001;13067.0
9845;MSTS;QPLIB_5881.qs;99;44;13060.0;13067.0;0.120097;6.450107;13067.0
9846;MSTS;QPLIB_5881.qs;99;45;13067.0;13067.0;0.113874;6.563981;13067.0
9847;MSTS;QPLIB_5881.qs;99;46;13067.0;13067.0;0.124908;6.688889;13067.0
9848;MSTS;QPLIB_5881.qs;99;47;13067.0;13067.0;0.1175;6.806389;13067.0
9849;MSTS;QPLIB_5881.qs;99;48;13067.0;13067.0;0.172827;6.979216;13067.0
9850;MSTS;QPLIB_5881.qs;99;49;13067.0;13067.0;0.158136;7.137352;13067.0
9851;MSTS;QPLIB_5881.qs;99;50;13067.0;13067.0;0.122044;7.259396;13067.0
9852;MSTS;QPLIB_5881.qs;99;51;13067.0;13067.0;0.114286;7.373682;13067.0
9853;MSTS;QPLIB_5881.qs;99;52;13067.0;13067.0;0.122109;7.495791;13067.0
9854;MSTS;QPLIB_5881.qs;99;53;13067.0;13067.0;0.118127;7.613918;13067.0
9855;MSTS;QPLIB_5881.qs;99;54;13067.0;13067.0;0.129419;7.743337;13067.0
9856;MSTS;QPLIB_5881.qs;99;55;13067.0;13067.0;0.153553;7.89689;13067.0
9857;MSTS;QPLIB_5881.qs;99;56;13067.0;13067.0;0.253578;8.150468;13067.0
9858;MSTS;QPLIB_5881.qs;99;57;13067.0;13067.0;0.136641;8.287109;13067.0
9859;MSTS;QPLIB_5881.qs;99;58;13067.0;13067.0;0.143945;8.431054;13067.0
9860;MSTS;QPLIB_5881.qs;99;59;13067.0;13067.0;0.157775;8.588829;13067.0
9861;MSTS;QPLIB_5881.qs;99;60;13067.0;13067.0;0.116101;8.70493;13067.0
9862;MSTS;QPLIB_5881.qs;99;61;13067.0;13067.0;0.152286;8.857216;13067.0
9863;MSTS;QPLIB_5881.qs;99;62;13067.0;13067.0;0.15155;9.008766;13067.0
9864;MSTS;QPLIB_5881.qs;99;63;13067.0;13067.0;0.154171;9.162937;13067.0
9865;MSTS;QPLIB_5881.qs;99;64;13067.0;13067.0;0.153279;9.316216;13067.0
9866;MSTS;QPLIB_5881.qs;99;65;13067.0;13067.0;0.131445;9.447661;13067.0
9867;MSTS;QPLIB_5881.qs;99;66;13067.0;13067.0;0.146442;9.594103;13067.0
9868;MSTS;QPLIB_5881.qs;99;67;13067.0;13067.0;0.199477;9.79358;13067.0
9869;MSTS;QPLIB_5881.qs;99;68;13067.0;13067.0;0.173996;9.967576;13067.0
9870;MSTS;QPLIB_5881.qs;99;69;13067.0;13067.0;0.127363;10.094939;13067.0
9871;MSTS;QPLIB_5881.qs;99;70;13067.0;13067.0;0.136651;10.23159;13067.0
9872;MSTS;QPLIB_5881.qs;99;71;13067.0;13067.0;0.143328;10.374918;13067.0
9873;MSTS;QPLIB_5881.qs;99;72;13067.0;13067.0;0.15925;10.534168;13067.0
9874;MSTS;QPLIB_5881.qs;99;73;13067.0;13067.0;0.123249;10.657417;13067.0
9875;MSTS;QPLIB_5881.qs;99;74;13067.0;13067.0;0.120263;10.77768;13067.0
9876;MSTS;QPLIB_5881.qs;99;75;13067.0;13067.0;0.128794;10.906474;13067.0
9877;MSTS;QPLIB_5881.qs;99;76;13067.0;13067.0;0.141639;11.048113;13067.0
9878;MSTS;QPLIB_5881.qs;99;77;13067.0;13067.0;0.120461;11.168574;13067.0
9879;MSTS;QPLIB_5881.qs;99;78;13067.0;13067.0;0.154886;11.32346;13067.0
9880;MSTS;QPLIB_5881.qs;99;79;13067.0;13067.0;0.142256;11.465716;13067.0
9881;MSTS;QPLIB_5881.qs;99;80;13067.0;13067.0;0.11838;11.584096;13067.0
9882;MSTS;QPLIB_5881.qs;99;81;13067.0;13067.0;0.151009;11.735104999999999;13067.0
9883;MSTS;QPLIB_5881.qs;99;82;13051.0;13067.0;0.11412;11.849225;13067.0
9884;MSTS;QPLIB_5881.qs;99;83;13067.0;13067.0;0.116294;11.965519;13067.0
9885;MSTS;QPLIB_5881.qs;99;84;13051.0;13067.0;0.113207;12.078726;13067.0
9886;MSTS;QPLIB_5881.qs;99;85;13067.0;13067.0;0.119942;12.198668;13067.0
9887;MSTS;QPLIB_5881.qs;99;86;13067.0;13067.0;0.176278;12.374946;13067.0
9888;MSTS;QPLIB_5881.qs;99;87;13067.0;13067.0;0.115123;12.490069;13067.0
9889;MSTS;QPLIB_5881.qs;99;88;13067.0;13067.0;0.124721;12.61479;13067.0
9890;MSTS;QPLIB_5881.qs;99;89;13067.0;13067.0;0.191232;12.806022;13067.0
9891;MSTS;QPLIB_5881.qs;99;90;13067.0;13067.0;0.137233;12.943255;13067.0
9892;MSTS;QPLIB_5881.qs;99;91;13067.0;13067.0;0.129821;13.073076;13067.0
9893;MSTS;QPLIB_5881.qs;99;92;13067.0;13067.0;0.203859;13.276935;13067.0
9894;MSTS;QPLIB_5881.qs;99;93;13067.0;13067.0;0.11349;13.390425;13067.0
9895;MSTS;QPLIB_5881.qs;99;94;13067.0;13067.0;0.219062;13.609487;13067.0
9896;MSTS;QPLIB_5881.qs;99;95;13051.0;13067.0;0.111097;13.720584;13067.0
9897;MSTS;QPLIB_5881.qs;99;96;13067.0;13067.0;0.113149;13.833733;13067.0
9898;MSTS;QPLIB_5881.qs;99;97;13067.0;13067.0;0.122919;13.956652;13067.0
9899;MSTS;QPLIB_5881.qs;99;98;13067.0;13067.0;0.180013;14.136665;13067.0
9900;MSTS;QPLIB_5881.qs;99;99;13067.0;13067.0;0.168906;14.305571;13067.0
9901;MSTS;QPLIB_5881.qs;99;100;13067.0;13067.0;0.127444;14.433015;13067.0
9902;MSTS;QPLIB_5881.qs;100;1;13067.0;13067.0;0.227687;0.227687;13067.0
9903;MSTS;QPLIB_5881.qs;100;2;13067.0;13067.0;0.121988;0.349675;13067.0
9904;MSTS;QPLIB_5881.qs;100;3;13067.0;13067.0;0.131302;0.480977;13067.0
9905;MSTS;QPLIB_5881.qs;100;4;13067.0;13067.0;0.136614;0.617591;13067.0
9906;MSTS;QPLIB_5881.qs;100;5;13067.0;13067.0;0.144801;0.762392;13067.0
9907;MSTS;QPLIB_5881.qs;100;6;13067.0;13067.0;0.119045;0.881437;13067.0
9908;MSTS;QPLIB_5881.qs;100;7;13051.0;13067.0;0.115933;0.99737;13067.0
9909;MSTS;QPLIB_5881.qs;100;8;13067.0;13067.0;0.114399;1.111769;13067.0
9910;MSTS;QPLIB_5881.qs;100;9;13067.0;13067.0;0.199208;1.310977;13067.0
9911;MSTS;QPLIB_5881.qs;100;10;13067.0;13067.0;0.134008;1.444985;13067.0
9912;MSTS;QPLIB_5881.qs;100;11;13067.0;13067.0;0.17472;1.619705;13067.0
9913;MSTS;QPLIB_5881.qs;100;12;13067.0;13067.0;0.149468;1.7691729999999999;13067.0
9914;MSTS;QPLIB_5881.qs;100;13;13067.0;13067.0;0.19095;1.960123;13067.0
9915;MSTS;QPLIB_5881.qs;100;14;13067.0;13067.0;0.124652;2.084775;13067.0
9916;MSTS;QPLIB_5881.qs;100;15;13067.0;13067.0;0.137973;2.222748;13067.0
9917;MSTS;QPLIB_5881.qs;100;16;13067.0;13067.0;0.124564;2.347312;13067.0
9918;MSTS;QPLIB_5881.qs;100;17;13067.0;13067.0;0.132863;2.480175;13067.0
9919;MSTS;QPLIB_5881.qs;100;18;13067.0;13067.0;0.175279;2.655454;13067.0
9920;MSTS;QPLIB_5881.qs;100;19;13067.0;13067.0;0.111472;2.766926;13067.0
9921;MSTS;QPLIB_5881.qs;100;20;13067.0;13067.0;0.14426;2.911186;13067.0
9922;MSTS;QPLIB_5881.qs;100;21;13067.0;13067.0;0.131624;3.04281;13067.0
9923;MSTS;QPLIB_5881.qs;100;22;13067.0;13067.0;0.127429;3.170239;13067.0
9924;MSTS;QPLIB_5881.qs;100;23;13067.0;13067.0;0.187086;3.357325;13067.0
9925;MSTS;QPLIB_5881.qs;100;24;13067.0;13067.0;0.13031;3.487635;13067.0
9926;MSTS;QPLIB_5881.qs;100;25;13067.0;13067.0;0.130729;3.618364;13067.0
9927;MSTS;QPLIB_5881.qs;100;26;13067.0;13067.0;0.169822;3.788186;13067.0
9928;MSTS;QPLIB_5881.qs;100;27;13067.0;13067.0;0.168434;3.95662;13067.0
9929;MSTS;QPLIB_5881.qs;100;28;13067.0;13067.0;0.142809;4.099429;13067.0
9930;MSTS;QPLIB_5881.qs;100;29;13067.0;13067.0;0.137921;4.23735;13067.0
9931;MSTS;QPLIB_5881.qs;100;30;13067.0;13067.0;0.112368;4.349718;13067.0
9932;MSTS;QPLIB_5881.qs;100;31;13067.0;13067.0;0.120668;4.4703859999999995;13067.0
9933;MSTS;QPLIB_5881.qs;100;32;13067.0;13067.0;0.150103;4.620489;13067.0
9934;MSTS;QPLIB_5881.qs;100;33;13067.0;13067.0;0.130172;4.750661;13067.0
9935;MSTS;QPLIB_5881.qs;100;34;13067.0;13067.0;0.126706;4.877367;13067.0
9936;MSTS;QPLIB_5881.qs;100;35;13067.0;13067.0;0.171799;5.049166;13067.0
9937;MSTS;QPLIB_5881.qs;100;36;13067.0;13067.0;0.204141;5.253307;13067.0
9938;MSTS;QPLIB_5881.qs;100;37;13067.0;13067.0;0.12595;5.379257;13067.0
9939;MSTS;QPLIB_5881.qs;100;38;13067.0;13067.0;0.123414;5.502671;13067.0
9940;MSTS;QPLIB_5881.qs;100;39;13067.0;13067.0;0.135451;5.638122;13067.0
9941;MSTS;QPLIB_5881.qs;100;40;13067.0;13067.0;0.125621;5.763743;13067.0
9942;MSTS;QPLIB_5881.qs;100;41;13067.0;13067.0;0.125706;5.889449;13067.0
9943;MSTS;QPLIB_5881.qs;100;42;13067.0;13067.0;0.112803;6.002252;13067.0
9944;MSTS;QPLIB_5881.qs;100;43;13067.0;13067.0;0.137215;6.139467;13067.0
9945;MSTS;QPLIB_5881.qs;100;44;13067.0;13067.0;0.120473;6.25994;13067.0
9946;MSTS;QPLIB_5881.qs;100;45;13067.0;13067.0;0.214425;6.474365;13067.0
9947;MSTS;QPLIB_5881.qs;100;46;13067.0;13067.0;0.188677;6.663042;13067.0
9948;MSTS;QPLIB_5881.qs;100;47;13067.0;13067.0;0.121713;6.784755;13067.0
9949;MSTS;QPLIB_5881.qs;100;48;13067.0;13067.0;0.12117;6.905925;13067.0
9950;MSTS;QPLIB_5881.qs;100;49;13067.0;13067.0;0.141051;7.046976;13067.0
9951;MSTS;QPLIB_5881.qs;100;50;13067.0;13067.0;0.180505;7.227481;13067.0
9952;MSTS;QPLIB_5881.qs;100;51;13067.0;13067.0;0.12308;7.350561;13067.0
9953;MSTS;QPLIB_5881.qs;100;52;13067.0;13067.0;0.241408;7.591969;13067.0
9954;MSTS;QPLIB_5881.qs;100;53;13067.0;13067.0;0.158304;7.750273;13067.0
9955;MSTS;QPLIB_5881.qs;100;54;13067.0;13067.0;0.146578;7.896851;13067.0
9956;MSTS;QPLIB_5881.qs;100;55;13067.0;13067.0;0.12379;8.020641;13067.0
9957;MSTS;QPLIB_5881.qs;100;56;13067.0;13067.0;0.149095;8.169736;13067.0
9958;MSTS;QPLIB_5881.qs;100;57;13067.0;13067.0;0.136119;8.305855;13067.0
9959;MSTS;QPLIB_5881.qs;100;58;13051.0;13067.0;0.111834;8.417689;13067.0
9960;MSTS;QPLIB_5881.qs;100;59;13067.0;13067.0;0.130573;8.548262;13067.0
9961;MSTS;QPLIB_5881.qs;100;60;13067.0;13067.0;0.128761;8.677023;13067.0
9962;MSTS;QPLIB_5881.qs;100;61;13067.0;13067.0;0.11652;8.793543;13067.0
9963;MSTS;QPLIB_5881.qs;100;62;13067.0;13067.0;0.141792;8.935335;13067.0
9964;MSTS;QPLIB_5881.qs;100;63;13067.0;13067.0;0.184083;9.119418;13067.0
9965;MSTS;QPLIB_5881.qs;100;64;13067.0;13067.0;0.136397;9.255815;13067.0
9966;MSTS;QPLIB_5881.qs;100;65;13067.0;13067.0;0.180276;9.436091;13067.0
9967;MSTS;QPLIB_5881.qs;100;66;13067.0;13067.0;0.114853;9.550944;13067.0
9968;MSTS;QPLIB_5881.qs;100;67;13067.0;13067.0;0.122687;9.673631;13067.0
9969;MSTS;QPLIB_5881.qs;100;68;13067.0;13067.0;0.165738;9.839369;13067.0
9970;MSTS;QPLIB_5881.qs;100;69;13067.0;13067.0;0.111245;9.950614;13067.0
9971;MSTS;QPLIB_5881.qs;100;70;13067.0;13067.0;0.127714;10.078328;13067.0
9972;MSTS;QPLIB_5881.qs;100;71;13067.0;13067.0;0.11603;10.194358;13067.0
9973;MSTS;QPLIB_5881.qs;100;72;13067.0;13067.0;0.157981;10.352339;13067.0
9974;MSTS;QPLIB_5881.qs;100;73;13067.0;13067.0;0.114854;10.467193;13067.0
9975;MSTS;QPLIB_5881.qs;100;74;13067.0;13067.0;0.141416;10.608609;13067.0
9976;MSTS;QPLIB_5881.qs;100;75;13067.0;13067.0;0.140215;10.748824;13067.0
9977;MSTS;QPLIB_5881.qs;100;76;13051.0;13067.0;0.110812;10.859636;13067.0
9978;MSTS;QPLIB_5881.qs;100;77;13067.0;13067.0;0.112362;10.971998;13067.0
9979;MSTS;QPLIB_5881.qs;100;78;13067.0;13067.0;0.136262;11.10826;13067.0
9980;MSTS;QPLIB_5881.qs;100;79;13067.0;13067.0;0.12858;11.23684;13067.0
9981;MSTS;QPLIB_5881.qs;100;80;13067.0;13067.0;0.141587;11.378427;13067.0
9982;MSTS;QPLIB_5881.qs;100;81;13067.0;13067.0;0.178317;11.556744;13067.0
9983;MSTS;QPLIB_5881.qs;100;82;13067.0;13067.0;0.115778;11.672522;13067.0
9984;MSTS;QPLIB_5881.qs;100;83;13067.0;13067.0;0.123973;11.796495;13067.0
9985;MSTS;QPLIB_5881.qs;100;84;13067.0;13067.0;0.213837;12.010332;13067.0
9986;MSTS;QPLIB_5881.qs;100;85;13067.0;13067.0;0.122675;12.133007;13067.0
9987;MSTS;QPLIB_5881.qs;100;86;13067.0;13067.0;0.164492;12.297499;13067.0
9988;MSTS;QPLIB_5881.qs;100;87;13067.0;13067.0;0.134115;12.431614;13067.0
9989;MSTS;QPLIB_5881.qs;100;88;13067.0;13067.0;0.116847;12.548461;13067.0
9990;MSTS;QPLIB_5881.qs;100;89;13067.0;13067.0;0.121024;12.669485;13067.0
9991;MSTS;QPLIB_5881.qs;100;90;13067.0;13067.0;0.167373;12.836858;13067.0
9992;MSTS;QPLIB_5881.qs;100;91;13067.0;13067.0;0.135926;12.972784;13067.0
9993;MSTS;QPLIB_5881.qs;100;92;13067.0;13067.0;0.170692;13.143476;13067.0
9994;MSTS;QPLIB_5881.qs;100;93;13067.0;13067.0;0.12982;13.273296;13067.0
9995;MSTS;QPLIB_5881.qs;100;94;13067.0;13067.0;0.136148;13.409444;13067.0
9996;MSTS;QPLIB_5881.qs;100;95;13067.0;13067.0;0.162595;13.572039;13067.0
9997;MSTS;QPLIB_5881.qs;100;96;13067.0;13067.0;0.150007;13.722046;13067.0
9998;MSTS;QPLIB_5881.qs;100;97;13067.0;13067.0;0.120485;13.842531;13067.0
9999;MSTS;QPLIB_5881.qs;100;98;13067.0;13067.0;0.13397;13.976501;13067.0
10000;MSTS;QPLIB_5881.qs;100;99;13067.0;13067.0;0.198645;14.175146;13067.0
10001;MSTS;QPLIB_5881.qs;100;100;13067.0;13067.0;0.115684;14.29083;13067.0
